0.5  0.883064  0.0151914
0.538  0.863892  0.010239
0.576  0.759416  0.0174762
0.615  0.711788  0.0153465
0.653  0.564568  0.0109708
0.692  0.508324  0.0103253
0.73  0.44986  0.00834859
0.769  0.310648  0.00839651
0.807  0.243396  0.00810784
0.846  0.212856  0.00735493
0.884  0.226756  0.00688017
0.923  0.187588  0.00555735
0.961  0.134416  0.00526904
1  0.143736  0.00321105
1.038  0.135636  0.00389661
1.076  0.112168  0.00493085
1.115  0.103228  0.00341658
1.153  0.08788  0.00326433
1.192  0.090684  0.00326217
1.23  0.066424  0.00283787
1.269  0.0783  0.00252486
1.307  0.067664  0.00248885
1.346  0.058956  0.00224869
1.384  0.067556  0.00238672
1.423  0.055116  0.00230609
1.461  0.050332  0.00247622
1.5  0.048844  0.00123024
1.538  0.048208  0.00165115
1.576  0.04412  0.00148696
1.615  0.030724  0.00177081
1.653  0.035976  0.00171368
1.692  0.036632  0.00123666
1.73  0.03476  0.00181821
1.769  0.0296  0.00133024
1.807  0.025724  0.00122038
1.846  0.0213  0.00111732
1.884  0.019216  0.00151638
1.923  0.024092  0.00123018
1.961  0.028668  0.00149194
2  0.025116  0.00141255
