           1    0.272753    0.272753           0
           2    0.149426    0.211089   0.0616635
           3    0.185385    0.202521    0.036618
           4    0.222357     0.20748   0.0263634
           5    0.239317    0.213847   0.0213907
           6    0.245706    0.219157   0.0182547
           7    0.263047    0.225427   0.0166534
           8    0.196689    0.221835    0.014863
           9    0.171497    0.216242   0.0142513
          10    0.221673    0.216785   0.0127583
          11    0.208225    0.216007   0.0115665
          12    0.216508    0.216049   0.0105588
          13    0.212212    0.215753   0.0097172
          14    0.282446    0.220517   0.0101798
          15    0.189321    0.218437  0.00970238
          16    0.193818    0.216899  0.00920527
          17     0.22217    0.217209   0.0086524
          18    0.158714    0.213959  0.00878104
          19    0.180383    0.212192  0.00849193
          20    0.153695    0.209267  0.00857068
           1   0.0995152   0.0995152           0
           2    0.124948    0.112231   0.0127163
           3     0.12276    0.115741  0.00813749
           4    0.118724    0.116487  0.00580219
           5    0.162005    0.125591   0.0101527
           6     0.13534    0.127215   0.0084474
           7    0.126579    0.127125  0.00713993
           8   0.0980525    0.123491  0.00717217
           9    0.135661    0.124843  0.00646818
          10    0.149871    0.127346  0.00630351
          11   0.0789402    0.122945  0.00720237
          12    0.141659    0.124505  0.00675726
          13    0.129779     0.12491    0.006229
          14    0.148017    0.126561  0.00599847
          15      0.2034    0.131683  0.00757795
          16   0.0897783    0.129064   0.0075569
          17    0.087712    0.126632  0.00750369
          18    0.108521    0.125626  0.00714574
          19    0.114023    0.125015  0.00678672
          20    0.137264    0.125628  0.00646751
           1     0.27972     0.27972           0
           2    0.214418    0.247069   0.0326511
           3    0.230192    0.241443   0.0196727
           4    0.246406    0.242684   0.0139659
           5    0.325289    0.259205   0.0197477
           6    0.276275     0.26205    0.016373
           7    0.360701    0.276143   0.0197508
           8      0.2856    0.277325   0.0171455
           9    0.257903    0.275167   0.0152741
          10    0.288934    0.276544   0.0137308
          11     0.24646    0.273809   0.0127175
          12     0.26959    0.273457   0.0116148
          13     0.33785    0.278411   0.0117764
          14    0.313018    0.280883   0.0111796
          15    0.261677    0.279602   0.0104861
          16    0.295017    0.280566  0.00985602
          17      0.3215    0.282974  0.00956612
          18    0.266139    0.282038  0.00906739
          19    0.242357     0.27995  0.00882751
          20    0.262049    0.279055   0.0084222
           1    0.213195    0.213195           0
           2    0.149737    0.181466   0.0317289
           3    0.146313    0.169748   0.0217457
           4    0.195494    0.176185   0.0166693
           5    0.179679    0.176884   0.0129309
           6    0.189784    0.179034   0.0107747
           7    0.178253    0.178922  0.00910695
           8    0.172086    0.178068    0.007933
           9    0.184819    0.178818  0.00703634
          10    0.250217    0.185958  0.00951769
          11    0.120439    0.180001   0.0104687
          12    0.156129    0.178012  0.00976141
          13    0.224191    0.181564  0.00965631
          14    0.183579    0.181708  0.00894117
          15    0.205314    0.183282  0.00847123
          16    0.183941    0.183323  0.00792422
          17    0.190556    0.183749  0.00745566
          18    0.161128    0.182492  0.00714072
          19    0.171965    0.181938  0.00677713
          20     0.18585    0.182133  0.00643232
           1    0.361391    0.361391           0
           2    0.313994    0.337692   0.0236986
           3    0.278871    0.318085   0.0239091
           4    0.333767    0.322006   0.0173549
           5    0.335495    0.324704   0.0137111
           6    0.375036    0.333092   0.0139893
           7    0.387026    0.340797   0.0141121
           8    0.343309    0.341111   0.0122255
           9    0.340357    0.341027   0.0107822
          10    0.343808    0.341305  0.00964786
          11    0.306503    0.338142  0.00928264
          12    0.297995    0.334796  0.00911038
          13    0.337677    0.335018  0.00838326
          14    0.350884    0.336151   0.0078437
          15    0.286813    0.332862   0.0080087
          16    0.323297    0.332264  0.00751527
          17    0.322249    0.331675   0.0070839
          18    0.296484     0.32972  0.00695904
          19    0.277952    0.326995  0.00712418
          20    0.335359    0.327413  0.00677152
           1    0.240185    0.240185           0
           2    0.249451    0.244818  0.00463295
           3    0.202879    0.230838   0.0142331
           4      0.2506    0.235779   0.0112115
           5    0.240027    0.236628  0.00872584
           6    0.272768    0.242652  0.00932958
           7    0.244785    0.242957  0.00789082
           8    0.257326    0.244753  0.00706577
           9    0.241142    0.244351  0.00624432
          10    0.263144    0.246231  0.00589277
          11    0.175474    0.239798  0.00835391
          12    0.231367    0.239096  0.00765834
          13    0.260481    0.240741  0.00723417
          14    0.226284    0.239708  0.00677668
          15    0.264643     0.24137  0.00652408
          16    0.200627    0.238824  0.00661267
          17    0.237031    0.238718  0.00621242
          18    0.199395    0.236534  0.00625128
          19     0.26364     0.23796  0.00608278
          20    0.220385    0.237082  0.00583716
           1    0.345022    0.345022           0
           2    0.366117    0.355569   0.0105473
           3    0.325217    0.345452   0.0118087
           4    0.363799    0.350039  0.00952689
           5    0.397108    0.359453   0.0119615
           6    0.399798    0.366177   0.0118575
           7    0.419902    0.373852   0.0126228
           8    0.402526    0.377436   0.0115043
           9    0.354598    0.374899   0.0104584
          10    0.368393    0.374248  0.00937683
          11     0.38981    0.375663  0.00859883
          12    0.361953     0.37452  0.00793234
          13    0.370238    0.374191  0.00730412
          14    0.383478    0.374854  0.00679476
          15    0.351881    0.373323  0.00650835
          16    0.376353    0.373512  0.00609095
          17    0.361363    0.372797  0.00576591
          18    0.340444       0.371  0.00572559
          19    0.333964    0.369051  0.00575598
          20    0.337442     0.36747  0.00568471
           1    0.325584    0.325584           0
           2    0.294695     0.31014   0.0154445
           3    0.292097    0.304126   0.0107555
           4    0.311841    0.306054  0.00784607
           5    0.332009    0.311245  0.00799262
           6     0.30454    0.310128  0.00662094
           7    0.299738    0.308644  0.00578923
           8    0.288906    0.306176  0.00558778
           9    0.300166    0.305509    0.004973
          10    0.311204    0.306078   0.0044843
          11    0.277638    0.303493  0.00481014
          12    0.259439    0.299821   0.0057235
          13    0.329927    0.302137  0.00575165
          14    0.278655     0.30046  0.00558291
          15    0.325737    0.302145  0.00546376
          16    0.283415    0.300974  0.00524323
          17    0.283592    0.299952  0.00503018
          18    0.251498     0.29726  0.00545322
          19    0.304083    0.297619  0.00517071
          20    0.242631     0.29487  0.00562334
           1    0.377784    0.377784           0
           2    0.403715    0.390749   0.0129652
           3    0.367701    0.383067   0.0107263
           4    0.409446    0.389662   0.0100508
           5    0.399137    0.391557  0.00801265
           6    0.396949    0.392455  0.00660374
           7    0.431846    0.398083  0.00792562
           8    0.415407    0.400248  0.00719731
           9    0.415407    0.401932   0.0065671
          10     0.35856    0.397595  0.00730158
          11    0.431473    0.400675  0.00728732
          12     0.35932    0.397229  0.00749206
          13    0.414216    0.398535  0.00701447
          14    0.386572    0.397681  0.00655011
          15    0.394862    0.397493  0.00610072
          16    0.385406    0.396738  0.00575648
          17    0.397428    0.396778  0.00540742
          18    0.354863     0.39445   0.0056048
          19    0.388184     0.39412  0.00531185
          20     0.40351    0.394589  0.00506109
           1    0.343755    0.343755           0
           2    0.328888    0.336321  0.00743338
           3    0.305696    0.326113   0.0110738
           4    0.349863    0.332051  0.00982697
           5    0.347523    0.335145   0.0082169
           6    0.373514     0.34154  0.00926849
           7    0.371576    0.345831  0.00893154
           8    0.345728    0.345818  0.00773495
           9    0.338208    0.344972   0.0068738
          10    0.348607    0.345336  0.00615884
          11    0.324883    0.343476    0.005873
          12    0.320147    0.341532   0.0057029
          13    0.357135    0.342733  0.00538146
          14    0.322364    0.341278  0.00519033
          15    0.349006    0.341793  0.00485933
          16    0.352419    0.342457  0.00459374
          17    0.368225    0.343973  0.00457355
          18    0.309443    0.342054  0.00471945
          19    0.341776     0.34204  0.00446418
          20    0.329577    0.341417  0.00428069
           1    0.385054    0.385054           0
           2    0.404852    0.394953  0.00989869
           3    0.382187    0.390698  0.00712536
           4    0.426144    0.399559   0.0101937
           5    0.415844    0.402816  0.00854132
           6    0.425398     0.40658  0.00792474
           7    0.445759    0.412177  0.00872843
           8    0.422326    0.413445  0.00766476
           9    0.410936    0.413167  0.00676543
          10     0.38433    0.410283  0.00670315
          11    0.433082    0.412356  0.00640769
          12    0.370206    0.408843  0.00682295
          13    0.429183    0.410408  0.00646828
          14     0.41354    0.410631  0.00599264
          15    0.426561    0.411693  0.00567902
          16    0.409019    0.411526  0.00531487
          17    0.421729    0.412126  0.00502839
          18    0.386714    0.410715  0.00494657
          19     0.40137    0.410223  0.00470476
          20    0.404882    0.409956  0.00447131
           1    0.364725    0.364725           0
           2    0.353398    0.359061  0.00566377
           3    0.346139    0.354754  0.00540814
           4     0.39897    0.365808    0.011697
           5    0.375559    0.367758  0.00926794
           6    0.402634    0.373571  0.00954204
           7    0.379438    0.374409  0.00810794
           8    0.375833    0.374587  0.00702394
           9    0.361862    0.373173  0.00635385
          10    0.358223    0.371678  0.00587641
          11    0.378525    0.372301  0.00535174
          12    0.349288    0.370383  0.00524835
          13    0.379469    0.371082  0.00487811
          14     0.36853    0.370899  0.00451993
          15    0.390728    0.372221  0.00441057
          16    0.359402     0.37142  0.00420279
          17    0.376078    0.371694  0.00395733
          18     0.35219    0.370611  0.00388516
          19    0.383276    0.371277  0.00373496
          20      0.3468    0.370053   0.0037487
           1     0.42271     0.42271           0
           2    0.420251     0.42148  0.00122939
           3    0.408749    0.417237  0.00430266
           4    0.441124    0.423208  0.00670212
           5    0.424718     0.42351   0.0052002
           6    0.437918    0.425912  0.00487796
           7    0.430126    0.426514  0.00416637
           8    0.433656    0.427407    0.003717
           9    0.415168    0.426047  0.00354894
          10    0.421018    0.425544  0.00321385
          11    0.442279    0.427065  0.00328107
          12    0.395229    0.424412  0.00400122
          13    0.439784    0.425595  0.00386586
          14    0.416016     0.42491   0.0036439
          15    0.430258    0.425267  0.00341097
          16    0.419246    0.424891  0.00321279
          17    0.431022    0.425251  0.00303937
          18     0.43205    0.425629  0.00289033
          19    0.419484    0.425306  0.00275304
          20    0.425483    0.425315  0.00261178
           1    0.382162    0.382162           0
           2    0.394738     0.38845  0.00628825
           3    0.384749    0.387216  0.00383445
           4    0.415827    0.394369  0.00764941
           5    0.405187    0.396533  0.00630788
           6     0.40978     0.39874  0.00560364
           7    0.393296    0.397963  0.00479939
           8    0.389279    0.396877   0.0042958
           9    0.373191    0.394245  0.00461298
          10    0.383014    0.393122  0.00427611
          11    0.408373    0.394509  0.00410888
          12    0.364809    0.392034  0.00449383
          13    0.381707    0.391239  0.00420936
          14    0.408981    0.392507  0.00409798
          15    0.403007    0.393207   0.0038787
          16    0.390934    0.393065  0.00363097
          17      0.4107    0.394102  0.00356498
          18    0.380522    0.393348  0.00344473
          19    0.413949    0.394432  0.00343407
          20    0.381853    0.393803    0.003318
           1    0.417081    0.417081           0
           2    0.424561    0.420821  0.00374015
           3    0.426013    0.422552  0.00276721
           4    0.437174    0.426207  0.00414626
           5    0.424585    0.425883  0.00322803
           6    0.440759    0.428362  0.00361858
           7    0.423367    0.427648  0.00314041
           8    0.431272    0.428101  0.00275714
           9     0.43286     0.42863  0.00248839
          10    0.426972    0.428464  0.00223185
          11    0.443294    0.429812  0.00242753
          12    0.416212    0.428679  0.00248903
          13    0.442154    0.429716  0.00251329
          14    0.427182    0.429535  0.00233388
          15    0.453869    0.431157  0.00271155
          16    0.432696    0.431253  0.00253825
          17     0.43335    0.431377  0.00238746
          18    0.432673    0.431449  0.00225207
          19    0.432276    0.431492  0.00213069
          20    0.429053     0.43137  0.00202503
           1    0.389267    0.389267           0
           2    0.400332    0.394799  0.00553279
           3     0.39823    0.395943  0.00339285
           4     0.42672    0.403637  0.00805976
           5     0.42112    0.407134  0.00715557
           6    0.416775    0.408741  0.00605946
           7    0.408206    0.408664  0.00512174
           8    0.407573    0.408528  0.00443766
           9    0.411266    0.408832  0.00392545
          10    0.421021    0.410051  0.00371658
          11    0.436167    0.412425   0.0041156
          12     0.38085    0.409794  0.00458681
          13    0.403833    0.409336  0.00424409
          14    0.408665    0.409288  0.00392955
          15    0.430262    0.410686  0.00391634
          16    0.408068    0.410522  0.00366706
          17    0.409844    0.410482  0.00344483
          18    0.420607    0.411045  0.00329616
          19    0.413914    0.411196  0.00312151
          20    0.404814    0.410877  0.00297847
           1    0.434671    0.434671           0
           2    0.437311    0.435991  0.00132015
           3    0.440757     0.43758  0.00176218
           4    0.443577    0.439079  0.00194947
           5    0.433089    0.437881  0.00192753
           6    0.441172    0.438429  0.00166667
           7    0.432839    0.437631  0.00161922
           8    0.428212    0.436454  0.00183096
           9    0.434046    0.436186  0.00163676
          10    0.436105    0.436178  0.00146398
          11    0.436189    0.436179  0.00132422
          12    0.424579    0.435212   0.0015478
          13    0.439325    0.435529   0.0014585
          14    0.427211    0.434935  0.00147524
          15    0.457722    0.436454  0.00204794
          16    0.427378    0.435887  0.00199789
          17    0.437934    0.436007  0.00188055
          18    0.447385    0.436639  0.00188232
          19    0.432923    0.436443  0.00179121
          20    0.443349    0.436789  0.00173401
           1    0.419568    0.419568           0
           2    0.420573    0.420071 0.000502516
           3    0.411083    0.417075  0.00300994
           4    0.434055     0.42132  0.00474876
           5    0.421684    0.421393   0.0036791
           6    0.422958    0.421654  0.00301527
           7    0.428421     0.42262  0.00272558
           8    0.420465    0.422351  0.00237574
           9    0.423892    0.422522  0.00210219
          10    0.415829    0.421853  0.00199583
          11    0.428318    0.422441  0.00189856
          12    0.412771    0.421635  0.00191132
          13    0.419896    0.421501  0.00176324
          14    0.419407    0.421351  0.00163928
          15    0.444319    0.422883  0.00216179
          16    0.418605    0.422615  0.00203976
          17    0.429863    0.423042  0.00196289
          18    0.420654    0.422909  0.00185537
          19    0.419975    0.422755  0.00176179
          20    0.420547    0.422644  0.00167502
           1    0.445973    0.445973           0
           2    0.434503    0.440238  0.00573531
           3    0.432182    0.437553  0.00426334
           4    0.444497    0.439289  0.00347882
           5    0.439469    0.439325  0.00269493
           6    0.433983    0.438434  0.00237369
           7    0.441892    0.438928  0.00206606
           8    0.426041    0.437318  0.00240761
           9     0.43402    0.436951  0.00215469
          10    0.436135     0.43687  0.00192894
          11    0.442576    0.437388  0.00182029
          12    0.428574    0.436654  0.00181679
          13    0.436469     0.43664  0.00167127
          14    0.427624    0.435996  0.00167594
          15    0.449125    0.436871  0.00178896
          16    0.438766    0.436989   0.0016776
          17     0.43797    0.437047  0.00157689
          18    0.447319    0.437618  0.00159247
          19    0.431624    0.437302    0.001539
          20    0.441005    0.437487  0.00147172
           1    0.431738    0.431738           0
           2     0.42998    0.430859 0.000878919
           3    0.421163    0.427627  0.00327148
           4    0.434091    0.429243  0.00282183
           5    0.430719    0.429538  0.00220564
           6    0.424616    0.428718  0.00197897
           7    0.425669    0.428282  0.00172831
           8    0.425576    0.427944  0.00153452
           9    0.424582     0.42757  0.00140394
          10    0.426234    0.427437  0.00126281
          11     0.42745    0.427438  0.00114225
          12    0.414999    0.426401  0.00147028
          13    0.425245    0.426312  0.00135539
          14    0.427107    0.426369  0.00125613
          15     0.44785    0.427801  0.00184885
          16    0.422859    0.427492  0.00175681
          17    0.422479    0.427197  0.00167638
          18    0.434913    0.427626   0.0016376
          19    0.423944    0.427432  0.00156109
          20      0.4286    0.427491  0.00148213
           1    0.435941    0.435941           0
           2    0.432363    0.434152   0.0017891
           3    0.423426    0.430577  0.00372151
           4    0.445689    0.434355  0.00460408
           5     0.43991    0.435466  0.00373537
           6    0.433013    0.435057   0.0030772
           7    0.436423    0.435252  0.00260802
           8    0.428193     0.43437  0.00242487
           9    0.433945    0.434323  0.00213905
          10      0.4384     0.43473  0.00195619
          11    0.441767     0.43537  0.00188152
          12    0.422052     0.43426  0.00204493
          13    0.445887    0.435155  0.00208285
          14    0.426254    0.434519  0.00203044
          15    0.447737      0.4354  0.00208555
          16    0.438832    0.435615   0.0019626
          17    0.437371    0.435718  0.00184644
          18    0.448183     0.43641  0.00187351
          19    0.433479    0.436256  0.00177887
          20    0.437304    0.436308   0.0016884
           1    0.427811    0.427811           0
           2    0.432649     0.43023  0.00241903
           3     0.42169    0.427383  0.00317061
           4    0.428291     0.42761  0.00225342
           5    0.430844    0.428257  0.00186145
           6    0.422803    0.427348  0.00177094
           7    0.428333    0.427489  0.00150331
           8    0.416516    0.426117   0.0018911
           9    0.430292    0.426581   0.0017311
          10    0.429921    0.426915  0.00158395
          11     0.43642    0.427779  0.00167314
          12    0.416442    0.426834  0.00179592
          13    0.434127    0.427395  0.00174467
          14    0.422596    0.427053  0.00165122
          15    0.445064    0.428253   0.0019506
          16    0.424901    0.428044  0.00183661
          17    0.426648    0.427962  0.00172715
          18    0.431732    0.428171  0.00164179
          19    0.424375    0.427971  0.00156577
          20    0.430283    0.428087  0.00148991
           1     0.43563     0.43563           0
           2    0.433603    0.434616  0.00101346
           3    0.424207    0.431147  0.00351868
           4    0.441367    0.433702  0.00356647
           5    0.432185    0.433399  0.00277917
           6    0.428119    0.432519   0.0024338
           7    0.433737    0.432693  0.00206429
           8       0.428    0.432106  0.00188152
           9    0.432364    0.432135  0.00165959
          10    0.433767    0.432298  0.00149333
          11    0.438338    0.432847   0.0014581
          12    0.415643    0.431413   0.0019563
          13    0.436047     0.43177  0.00183449
          14    0.423757    0.431197  0.00179225
          15     0.44371    0.432032  0.00186539
          16    0.429885    0.431897  0.00175006
          17    0.431752    0.431889  0.00164392
          18    0.435615    0.432096  0.00156366
          19    0.434721    0.432234  0.00148552
          20    0.435362     0.43239  0.00141794
           1    0.433877    0.433877           0
           2    0.434684     0.43428 0.000403406
           3     0.42302    0.430527  0.00376055
           4    0.430073    0.430413  0.00266153
           5     0.43009    0.430349  0.00206263
           6    0.429536    0.430213  0.00168957
           7    0.429891    0.430167  0.00142869
           8     0.42211     0.42916  0.00159538
           9    0.425123    0.428711  0.00147678
          10    0.425564    0.428397  0.00135785
          11    0.438647    0.429329  0.00154172
          12    0.416878    0.428291  0.00174849
          13    0.432865    0.428643  0.00164641
          14    0.421286    0.428117  0.00161231
          15    0.442427    0.429071  0.00177848
          16    0.429779    0.429116   0.0016642
          17    0.427328     0.42901  0.00156678
          18    0.429904     0.42906    0.001478
          19    0.427642    0.428985  0.00140004
          20    0.422412    0.428657  0.00136826
           1    0.432247    0.432247           0
           2    0.426864    0.429555  0.00269133
           3    0.421933    0.427015  0.00297826
           4    0.435546    0.429148  0.00299735
           5    0.423813    0.428081  0.00255514
           6    0.419603    0.426668   0.0025197
           7    0.426999    0.426715  0.00213006
           8    0.426014    0.426627  0.00184676
           9    0.432287    0.427256  0.00174588
          10    0.428023    0.427333  0.00156344
          11    0.433817    0.427922  0.00153212
          12    0.417975    0.427093  0.00162583
          13    0.430123    0.427327   0.0015136
          14    0.424934    0.427156   0.0014117
          15    0.439198    0.427958  0.00154002
          16    0.427026      0.4279  0.00144174
          17    0.430204    0.428036  0.00136104
          18    0.424651    0.427848  0.00129691
          19    0.426729    0.427789  0.00122816
          20    0.425866    0.427693   0.0011691
           1    0.424195    0.424195           0
           2     0.42683    0.425513  0.00131721
           3    0.415587    0.422204  0.00339473
           4    0.425767    0.423095  0.00256038
           5    0.426366    0.423749  0.00208838
           6    0.419013     0.42296  0.00187901
           7     0.42275     0.42293  0.00158833
           8    0.418318    0.422353  0.00149144
           9    0.422956     0.42242  0.00131704
          10    0.419273    0.422106  0.00121931
          11    0.431421    0.422952  0.00139055
          12    0.409928    0.421867  0.00167014
          13    0.419235    0.421665  0.00154959
          14    0.419934    0.421541  0.00143995
          15    0.430679     0.42215  0.00147245
          16    0.422327    0.422161   0.0013774
          17    0.422882    0.422204  0.00129454
          18    0.426903    0.422465  0.00124811
          19     0.41954    0.422311  0.00119059
          20    0.421818    0.422286  0.00112976
           1    0.420416    0.420416           0
           2    0.419807    0.420112 0.000304602
           3    0.414236    0.418153  0.00196631
           4    0.427302     0.42044   0.0026767
           5    0.419417    0.420236  0.00208344
           6    0.419405    0.420097  0.00170675
           7    0.416451    0.419576  0.00153365
           8    0.417318    0.419294  0.00135785
           9    0.418234    0.419176  0.00120329
          10     0.41257    0.418516  0.00126285
          11      0.4224    0.418869  0.00119563
          12    0.412557    0.418343  0.00121156
          13    0.422315    0.418648   0.0011556
          14    0.417916    0.418596  0.00107115
          15    0.426333    0.419112  0.00112269
          16    0.421865    0.419284  0.00106419
          17    0.422898    0.419497  0.00102199
          18    0.421999    0.419636 0.000973517
          19    0.419124    0.419609 0.000921248
          20    0.416903    0.419473 0.000884382
           1    0.417738    0.417738           0
           2    0.416994    0.417366 0.000372085
           3    0.415833    0.416855 0.000554413
           4    0.417566    0.417033 0.000430472
           5     0.42233    0.418092  0.00111061
           6    0.415053    0.417586  0.00103869
           7    0.411339    0.416693   0.0012518
           8    0.415681    0.416567  0.00109145
           9    0.416433    0.416552 0.000962687
          10    0.413273    0.416224  0.00092137
          11    0.422903    0.416831  0.00103112
          12     0.41122    0.416364  0.00105104
          13    0.419129    0.416576 0.000989939
          14     0.41082    0.416165   0.0010045
          15    0.425513    0.416788  0.00112377
          16    0.415472    0.416706   0.0010544
          17    0.417807    0.416771 0.000992554
          18    0.416312    0.416745 0.000936136
          19    0.415287    0.416669 0.000888815
          20    0.419035    0.416787 0.000851467
           1    0.415378    0.415378           0
           2    0.412028    0.413703  0.00167492
           3     0.40899    0.412132  0.00184492
           4     0.41572    0.413029  0.00158321
           5    0.410044    0.412432  0.00136393
           6    0.410177    0.412056  0.00117534
           7    0.412515    0.412122 0.000995507
           8     0.40869    0.411693  0.00096298
           9    0.413611    0.411906 0.000875591
          10    0.409989    0.411714 0.000806279
          11    0.413743    0.411899 0.000752271
          12    0.406966    0.411488 0.000800334
          13    0.409578    0.411341 0.000750711
          14    0.407901    0.411095 0.000737181
          15     0.41476    0.411339  0.00072847
          16    0.414274    0.411523  0.00070567
          17    0.416338    0.411806 0.000720842
          18    0.415753    0.412025 0.000714121
          19    0.414185    0.412139 0.000684991
          20    0.407367      0.4119  0.00069226
           1    0.412872    0.412872           0
           2    0.407525    0.410199  0.00267337
           3    0.406927    0.409108  0.00188993
           4    0.412622    0.409987   0.0015993
           5    0.414388    0.410867  0.00151974
           6    0.412317    0.411109  0.00126417
           7    0.411951    0.411229  0.00107517
           8    0.410399    0.411125 0.000936887
           9    0.411644    0.411183 0.000828265
          10     0.40652    0.410716 0.000875368
          11    0.410563    0.410703 0.000791922
          12    0.400255    0.409832  0.00113167
          13    0.407878    0.409682  0.00105177
          14    0.408087    0.409568 0.000980393
          15    0.420306    0.410284  0.00115997
          16    0.408075    0.410146   0.0010938
          17    0.406449    0.409928   0.0010502
          18    0.411602    0.410021 0.000994492
          19    0.408493    0.409941 0.000944128
          20    0.412659    0.410077 0.000905932
           1    0.407121    0.407121           0
           2    0.399908    0.403515  0.00360627
           3    0.397546    0.401525  0.00287987
           4    0.407362    0.402984  0.00250525
           5    0.404353    0.403258  0.00195978
           6    0.399736    0.402671  0.00170442
           7     0.40183    0.402551   0.0014455
           8    0.398287    0.402018   0.0013606
           9    0.401648    0.401977  0.00120064
          10    0.399898    0.401769  0.00109382
          11    0.404142    0.401985  0.00101264
          12      0.4028    0.402053 0.000926902
          13    0.403345    0.402152 0.000858402
          14    0.401173    0.402082 0.000797795
          15    0.405129    0.402285 0.000769985
          16    0.404101    0.402399 0.000729145
          17    0.404625     0.40253 0.000697325
          18    0.401456     0.40247 0.000660143
          19    0.406317    0.402673  0.00065643
          20    0.403759    0.402727 0.000625108
           1    0.401627    0.401627           0
           2    0.401165    0.401396 0.000230819
           3    0.399381    0.400724 0.000684686
           4    0.402903    0.401269 0.000728754
           5    0.405736    0.402162  0.00105681
           6    0.399959    0.401795 0.000937789
           7    0.401837    0.401801 0.000792599
           8    0.396809    0.401177  0.00092762
           9    0.402461     0.40132  0.00083042
          10    0.399027     0.40109 0.000777323
          11    0.405492    0.401491 0.000809019
          12    0.399876    0.401356 0.000750686
          13    0.401369    0.401357 0.000690531
          14    0.400281     0.40128 0.000643908
          15    0.404846    0.401518 0.000644848
          16    0.399076    0.401365 0.000622202
          17      0.4001    0.401291  0.00058918
          18    0.403225    0.401398 0.000565782
          19    0.399994    0.401324 0.000540259
          20    0.401604    0.401338 0.000512726
           1    0.396484    0.396484           0
           2    0.389037     0.39276  0.00372389
           3    0.388324    0.391282  0.00260944
           4    0.399512    0.393339  0.00276376
           5    0.395448    0.393761  0.00218195
           6    0.392967    0.393629  0.00178646
           7     0.39304    0.393545  0.00151217
           8    0.390543    0.393169  0.00136229
           9    0.395476    0.393426  0.00122845
          10    0.389813    0.393064  0.00115662
          11    0.395448    0.393281  0.00106841
          12     0.39475    0.393404 0.000982977
          13    0.395733    0.393583 0.000921785
          14    0.391152    0.393409 0.000870894
          15    0.395393    0.393541 0.000821476
          16    0.396237     0.39371 0.000786673
          17    0.394631    0.393764 0.000740935
          18     0.39642    0.393912 0.000713976
          19    0.393243    0.393876  0.00067627
          20      0.3927    0.393818 0.000644258
           1    0.393996    0.393996           0
           2    0.392052    0.393024 0.000972189
           3    0.386512    0.390854  0.00224205
           4     0.39634    0.392225  0.00209641
           5    0.395536    0.392887  0.00175367
           6    0.392922    0.392893  0.00143188
           7    0.391919    0.392754  0.00121814
           8     0.38833    0.392201  0.00119107
           9    0.393076    0.392298  0.00105492
          10    0.390016     0.39207 0.000970751
          11    0.397932    0.392603  0.00102715
          12    0.389976    0.392384 0.000962881
          13    0.389976    0.392199 0.000904883
          14    0.388864    0.391961 0.000870967
          15     0.39529    0.392183 0.000840659
          16    0.389839    0.392036  0.00079989
          17    0.389387     0.39188 0.000767354
          18    0.390808    0.391821 0.000725918
          19    0.395683    0.392024 0.000716105
          20    0.393576    0.392102 0.000683775
           1    0.383275    0.383275           0
           2    0.375369    0.379322  0.00395301
           3    0.385421    0.381355  0.00305649
           4    0.387318    0.382846  0.00262554
           5    0.385438    0.383364  0.00209878
           6    0.382575    0.383233  0.00171868
           7    0.384109    0.383358  0.00145794
           8    0.384185    0.383461  0.00126683
           9    0.384925    0.383624  0.00112902
          10    0.382601    0.383522    0.001015
          11    0.385917     0.38374 0.000943573
          12    0.385589    0.383894 0.000875048
          13    0.384084    0.383908  0.00080506
          14    0.383452    0.383876 0.000746052
          15    0.384463    0.383915 0.000695638
          16    0.383865    0.383912 0.000650718
          17    0.385186    0.383987 0.000615822
          18    0.385068    0.384047 0.000583704
          19    0.381326    0.383904 0.000570402
          20    0.383688    0.383893 0.000541238
           1    0.385463    0.385463           0
           2    0.379552    0.382508  0.00295556
           3    0.381013     0.38201  0.00177762
           4    0.386545    0.383144   0.0016928
           5    0.385317    0.383578  0.00138142
           6    0.381463    0.383226  0.00118171
           7    0.381043    0.382914  0.00104629
           8    0.381374    0.382721 0.000926335
           9    0.384667    0.382938 0.000845065
          10    0.383104    0.382954 0.000756031
          11    0.384904    0.383131 0.000706445
          12    0.382017    0.383039  0.00065155
          13    0.383383    0.383065 0.000599923
          14    0.381926    0.382984 0.000561352
          15    0.385471    0.383149 0.000548273
          16    0.383943    0.383199 0.000515255
          17    0.384385    0.383269 0.000488999
          18    0.384459    0.383335  0.00046575
          19    0.382091     0.38327 0.000445391
          20    0.381791    0.383196 0.000428957
           1    0.373527    0.373527           0
           2    0.369535    0.371531   0.0019962
           3    0.374406    0.372489  0.00149889
           4    0.377557    0.373756  0.00165178
           5    0.375937    0.374192  0.00135178
           6    0.372987    0.373991  0.00112186
           7    0.371487    0.373634  0.00101338
           8    0.372044    0.373435 0.000899817
           9    0.371201    0.373187 0.000831478
          10    0.373666    0.373235 0.000745238
          11    0.374283     0.37333 0.000680791
          12    0.374267    0.373408 0.000626363
          13    0.374737     0.37351 0.000585169
          14    0.370884    0.373323 0.000573329
          15     0.37496    0.373432 0.000544792
          16    0.371611    0.373318 0.000522155
          17    0.374252    0.373373 0.000493545
          18    0.376099    0.373524 0.000489335
          19    0.369022    0.373287 0.000519992
          20    0.371155    0.373181 0.000504703
           1    0.373684    0.373684           0
           2    0.370914    0.372299  0.00138498
           3    0.374747    0.373115  0.00114262
           4    0.376556    0.373975  0.00118016
           5    0.374923    0.374165 0.000933588
           6    0.370811    0.373606 0.000945287
           7    0.373848     0.37364 0.000799661
           8    0.372137    0.373452 0.000717565
           9     0.37343     0.37345 0.000632838
          10    0.373296    0.373435 0.000566236
          11    0.372218    0.373324 0.000523975
          12    0.370008    0.373048 0.000552428
          13    0.372299     0.37299 0.000511416
          14    0.371891    0.372912 0.000479942
          15    0.376862    0.373175 0.000518636
          16    0.372201    0.373114 0.000488939
          17    0.373818    0.373155 0.000461141
          18    0.373253    0.373161 0.000434802
          19    0.371806     0.37309 0.000417422
          20    0.371598    0.373015 0.000402967
           1     0.36314     0.36314           0
           2    0.357326    0.360233  0.00290697
           3    0.361618    0.360695  0.00174075
           4    0.365202    0.361821  0.00166878
           5    0.362919    0.362041  0.00131116
           6    0.362088    0.362049  0.00107059
           7    0.363338    0.362233 0.000923372
           8    0.363047    0.362335 0.000806115
           9    0.361732    0.362268 0.000714072
          10    0.362877    0.362329 0.000641582
          11     0.36228    0.362324 0.000580349
          12    0.363218    0.362399 0.000534989
          13    0.361184    0.362305  0.00050091
          14     0.36122    0.362228 0.000470191
          15    0.364891    0.362405 0.000472349
          16    0.361996     0.36238 0.000442583
          17    0.363998    0.362475 0.000426494
          18    0.364409    0.362582 0.000416211
          19    0.362145    0.362559 0.000394369
          20    0.363523    0.362608  0.00037722
           1     0.36263     0.36263           0
           2    0.361005    0.361818 0.000812436
           3    0.362911    0.362182 0.000593946
           4    0.366806    0.363338  0.00122983
           5     0.36587    0.363844   0.0010789
           6    0.362816    0.363673 0.000897447
           7    0.360986    0.363289 0.000850092
           8    0.362921    0.363243 0.000737635
           9    0.362658    0.363178 0.000653771
          10    0.363817    0.363242 0.000588235
          11    0.363888    0.363301 0.000535314
          12    0.360845    0.363096 0.000529796
          13    0.362334    0.363037 0.000490855
          14    0.362266    0.362982 0.000457774
          15    0.363865    0.363041 0.000430208
          16    0.363562    0.363074 0.000403737
          17    0.363456    0.363096 0.000379911
          18    0.363936    0.363143 0.000361211
          19     0.36239    0.363103 0.000343962
          20    0.360978    0.362997  0.00034318
           1    0.352718    0.352718           0
           2     0.34872    0.350719  0.00199915
           3    0.352359    0.351266   0.0012771
           4     0.35585    0.352412  0.00145913
           5    0.352614    0.352452  0.00113096
           6    0.351339    0.352267 0.000941893
           7    0.352829    0.352347 0.000800093
           8    0.351561    0.352249 0.000699829
           9    0.352836    0.352314 0.000620628
          10    0.352647    0.352347 0.000556101
          11    0.353032     0.35241 0.000506846
          12    0.353938    0.352537 0.000479899
          13    0.353762    0.352631 0.000451393
          14    0.350225    0.352459 0.000451883
          15    0.352346    0.352452 0.000420748
          16    0.353417    0.352512 0.000398168
          17    0.354479    0.352628 0.000391496
          18    0.354427    0.352728 0.000382395
          19    0.351463    0.352661 0.000367782
          20     0.35311    0.352684  0.00034963
           1    0.351271    0.351271           0
           2    0.350846    0.351058 0.000212482
           3    0.353587    0.351901 0.000851748
           4    0.355089    0.352698 0.000999038
           5    0.353286    0.352816 0.000782718
           6    0.352556    0.352772  0.00064055
           7    0.351242    0.352554 0.000583849
           8    0.353086     0.35262 0.000509979
           9    0.352807    0.352641 0.000450238
          10     0.35359    0.352736  0.00041373
          11    0.352542    0.352718 0.000374647
          12    0.351736    0.352636 0.000351659
          13     0.35233    0.352613 0.000324334
          14     0.35292    0.352635 0.000301074
          15    0.354408    0.352753 0.000304192
          16    0.353113    0.352776 0.000285433
          17    0.354135    0.352856 0.000279795
          18    0.352033     0.35281 0.000267722
          19    0.350251    0.352675 0.000286826
          20    0.351892    0.352636 0.000274913
           1    0.342689    0.342689           0
           2    0.341112    0.341901 0.000788313
           3    0.341705    0.341835 0.000459785
           4    0.344951    0.342614 0.000844096
           5    0.342695     0.34263 0.000654033
           6    0.341971     0.34252 0.000545219
           7    0.340798    0.342274 0.000522411
           8     0.34258    0.342313 0.000454035
           9    0.342248    0.342305 0.000400484
          10    0.342695    0.342344 0.000360315
          11    0.342031    0.342316  0.00032716
          12    0.343412    0.342407 0.000312312
          13    0.342828     0.34244 0.000289099
          14    0.340755    0.342319 0.000293453
          15     0.34287    0.342356 0.000275644
          16    0.342466    0.342363 0.000257932
          17    0.342206    0.342354  0.00024246
          18    0.344128    0.342452 0.000248946
          19    0.339628    0.342304 0.000278479
          20    0.344903    0.342434 0.000294433
           1    0.339218    0.339218           0
           2    0.342546    0.340882  0.00166402
           3    0.342883    0.341549  0.00116957
           4    0.345525    0.342543  0.00129301
           5    0.344995    0.343033  0.00111514
           6    0.343163    0.343055 0.000910765
           7    0.339271    0.342514 0.000940585
           8    0.340984    0.342323 0.000836749
           9    0.340352    0.342104 0.000769752
          10    0.342521    0.342146 0.000689747
          11    0.343818    0.342298 0.000642142
          12    0.342263    0.342295   0.0005862
          13    0.341838     0.34226 0.000540369
          14    0.340986    0.342169 0.000508494
          15    0.343162    0.342235 0.000477993
          16    0.343349    0.342305 0.000452507
          17    0.344179    0.342415  0.00043913
          18    0.343553    0.342478 0.000418812
          19    0.339637    0.342329 0.000423443
          20    0.343039    0.342364 0.000403283
           1    0.330803    0.330803           0
           2    0.330892    0.330848 4.47172e-05
           3    0.334205    0.331967  0.00111954
           4    0.334106    0.332502 0.000955267
           5    0.331501    0.332302 0.000766519
           6    0.329913    0.331904 0.000741715
           7    0.329885    0.331615 0.000689989
           8    0.332087    0.331674 0.000600451
           9    0.332521    0.331768 0.000537851
          10      0.3339    0.331981 0.000526193
          11    0.333717    0.332139 0.000501429
          12     0.33207    0.332134 0.000457776
          13    0.332983    0.332199 0.000426138
          14    0.330691    0.332091 0.000408961
          15    0.332622    0.332127 0.000382361
          16    0.333795    0.332231 0.000372553
          17    0.332516    0.332248 0.000350354
          18     0.33295    0.332287 0.000332614
          19    0.330999    0.332219 0.000321841
          20    0.333895    0.332303 0.000316615
           1     0.33153     0.33153           0
           2    0.332778    0.332154 0.000623521
           3    0.331428    0.331912 0.000433812
           4    0.333886    0.332406 0.000581187
           5    0.332098    0.332344 0.000454366
           6    0.330829    0.332092 0.000448798
           7    0.328822    0.331624 0.000601676
           8    0.330165    0.331442  0.00055207
           9    0.330221    0.331306  0.00050543
          10     0.33297    0.331473 0.000481696
          11     0.33166     0.33149 0.000436043
          12    0.331593    0.331498 0.000398144
          13    0.332354    0.331564 0.000372108
          14    0.331851    0.331585 0.000345115
          15    0.334428    0.331774 0.000373031
          16    0.333804    0.331901  0.00037128
          17    0.334532    0.332056 0.000381556
          18    0.333734    0.332149 0.000371621
          19    0.330484    0.332061 0.000362277
          20     0.33216    0.332066 0.000343721
           1    0.321588    0.321588           0
           2     0.32107    0.321329 0.000258983
           3    0.323137    0.321932  0.00062122
           4    0.324907    0.322675 0.000863937
           5    0.322678    0.322676 0.000669203
           6    0.320421      0.3223 0.000663163
           7     0.32011    0.321987 0.000641925
           8    0.321805    0.321964  0.00055639
           9     0.32196    0.321964  0.00049069
          10    0.324193    0.322187  0.00049225
          11    0.322188    0.322187 0.000445257
          12    0.321085    0.322095 0.000416704
          13     0.32291    0.322158 0.000388409
          14    0.322957    0.322215 0.000364099
          15    0.323277    0.322286 0.000346269
          16     0.32339    0.322355 0.000331176
          17    0.324301    0.322469 0.000331485
          18    0.322694    0.322482 0.000312776
          19    0.322415    0.322478 0.000295877
          20    0.323591    0.322534 0.000286155
           1    0.322134    0.322134           0
           2    0.321802    0.321968 0.000166125
           3    0.324388    0.322775 0.000812313
           4    0.325749    0.323518 0.000939498
           5    0.323703    0.323555 0.000728674
           6    0.320988    0.323127 0.000732822
           7     0.32108    0.322835 0.000684927
           8     0.32066    0.322563 0.000652479
           9    0.322116    0.322513 0.000577571
          10    0.322447    0.322507 0.000516637
          11    0.322942    0.322546 0.000468986
          12     0.32082    0.322403 0.000451641
          13    0.322513    0.322411 0.000415536
          14    0.322624    0.322426 0.000385013
          15     0.32322    0.322479 0.000362309
          16    0.321938    0.322445 0.000340596
          17    0.324339    0.322557 0.000338771
          18    0.322738    0.322567 0.000319555
          19    0.321039    0.322486 0.000312776
          20    0.321191    0.322422 0.000303711
           1    0.312564    0.312564           0
           2    0.310639    0.311601 0.000962396
           3    0.314231    0.312478  0.00103773
           4    0.315396    0.313207  0.00103478
           5     0.31287     0.31314 0.000804376
           6    0.310143     0.31264 0.000825136
           7    0.310475    0.312331 0.000762883
           8    0.310422    0.312092  0.00070244
           9    0.311763    0.312056 0.000620573
          10    0.314207    0.312271 0.000595275
          11    0.312501    0.312292 0.000538854
          12    0.312516    0.312311 0.000492257
          13    0.312635    0.312336   0.0004535
          14    0.312324    0.312335  0.00041986
          15    0.312439    0.312342 0.000390931
          16     0.31352    0.312415 0.000373022
          17    0.312722    0.312433 0.000350856
          18    0.313668    0.312502 0.000337825
          19    0.311211    0.312434 0.000326693
          20    0.314397    0.312532 0.000325103
           1    0.311618    0.311618           0
           2    0.311375    0.311497 0.000121688
           3    0.313675    0.312223 0.000729573
           4    0.315296    0.312991 0.000925505
           5    0.313753    0.313144 0.000732895
           6    0.310896    0.312769  0.00070595
           7    0.310748     0.31248 0.000662841
           8    0.311954    0.312414 0.000577797
           9    0.311024     0.31226  0.00053248
          10     0.31442    0.312476 0.000522939
          11    0.312972    0.312521 0.000475165
          12    0.312854    0.312549 0.000434653
          13     0.31247    0.312543 0.000399869
          14    0.312588    0.312546  0.00037022
          15    0.314091    0.312649 0.000359726
          16     0.31402    0.312735  0.00034723
          17    0.313554    0.312783  0.00032971
          18    0.313237    0.312808 0.000311877
          19    0.311497    0.312739 0.000302969
          20    0.312359     0.31272  0.00028805
           1    0.301851    0.301851           0
           2    0.301873    0.301862 1.11759e-05
           3    0.303603    0.302442 0.000580404
           4    0.304372    0.302925 0.000633276
           5    0.303652     0.30307 0.000511649
           6    0.302195    0.302924 0.000442496
           7    0.301645    0.302742 0.000416234
           8    0.302141    0.302667 0.000368195
           9    0.302217    0.302617 0.000328532
          10    0.304651     0.30282 0.000357397
          11    0.303536    0.302885 0.000329772
          12    0.303559    0.302941 0.000306227
          13    0.302744    0.302926 0.000282097
          14    0.302432    0.302891  0.00026355
          15    0.303082    0.302904 0.000245684
          16    0.303287    0.302928 0.000231064
          17    0.304412    0.303015 0.000233943
          18    0.304545      0.3031  0.00023637
          19     0.30061    0.302969 0.000259149
          20    0.304079    0.303024 0.000252036
           1    0.302713    0.302713           0
           2    0.302175    0.302444 0.000268803
           3    0.304389    0.303092 0.000666514
           4     0.30422    0.303374 0.000549221
           5    0.304674    0.303634 0.000498542
           6     0.30185    0.303337 0.000504092
           7    0.300832    0.302979  0.00055639
           8     0.30234    0.302899 0.000488424
           9     0.30408     0.30303 0.000450298
          10    0.304267    0.303154 0.000421315
          11    0.304048    0.303235 0.000389667
          12    0.303146    0.303228 0.000355792
          13    0.302072    0.303139 0.000339147
          14    0.302659    0.303105 0.000315856
          15    0.304163    0.303175 0.000302398
          16    0.304267    0.303243 0.000290986
          17    0.304218    0.303301 0.000279275
          18    0.303466     0.30331 0.000263464
          19    0.301715    0.303226 0.000262978
          20    0.303061    0.303218  0.00024962
           1    0.292523    0.292523           0
           2    0.293022    0.292773 0.000249248
           3    0.293718    0.293088 0.000346547
           4     0.29469    0.293488 0.000469543
           5    0.294752    0.293741 0.000442876
           6    0.292486    0.293532 0.000417757
           7    0.291928    0.293303 0.000420882
           8    0.292619    0.293217 0.000374383
           9    0.292644    0.293154 0.000336266
          10    0.294227    0.293261 0.000319356
          11    0.293818    0.293312 0.000293269
          12    0.293167    0.293299 0.000267988
          13     0.29347    0.293313  0.00024686
          14    0.292136    0.293229 0.000243501
          15    0.293598    0.293253 0.000228022
          16    0.293954    0.293297 0.000217749
          17    0.293466    0.293307  0.00020478
          18    0.295127    0.293408 0.000217947
          19    0.292353    0.293353 0.000213508
          20    0.293557    0.293363 0.000202809
           1     0.29301     0.29301           0
           2    0.292984    0.292997  1.2884e-05
           3    0.294458    0.293484 0.000486978
           4    0.295545    0.293999 0.000619802
           5    0.294223    0.294044 0.000482169
           6    0.292673    0.293816 0.000455188
           7    0.291585    0.293497 0.000499568
           8    0.292657    0.293392 0.000445201
           9    0.293662    0.293422 0.000393779
          10    0.294281    0.293508 0.000362538
          11    0.294125    0.293564 0.000332692
          12    0.294609    0.293651  0.00031594
          13    0.292833    0.293588 0.000297349
          14    0.292441    0.293506 0.000287235
          15    0.294511    0.293573 0.000275661
          16    0.294492    0.293631 0.000264177
          17    0.294469     0.29368 0.000253008
          18     0.29332     0.29366 0.000239375
          19    0.292829    0.293616 0.000230614
          20    0.293972    0.293634 0.000219503
           1    0.284261    0.284261           0
           2    0.284323    0.284292 3.09683e-05
           3    0.284868    0.284484 0.000192893
           4    0.286724    0.285044 0.000576321
           5    0.284907    0.285017 0.000447259
           6    0.283548    0.284772 0.000439645
           7    0.282825    0.284494 0.000464131
           8    0.283878    0.284417 0.000409262
           9    0.283843    0.284353 0.000366527
          10    0.284675    0.284385  0.00032941
          11    0.285212     0.28446 0.000307295
          12    0.284447    0.284459 0.000280523
          13    0.283626    0.284395 0.000265894
          14    0.283226    0.284312 0.000259958
          15    0.284845    0.284347 0.000244608
          16     0.28542    0.284414 0.000238436
          17    0.285023     0.28445 0.000226815
          18    0.285069    0.284484 0.000216592
          19    0.283377    0.284426 0.000213004
          20    0.285278    0.284469 0.000206508
           1    0.283835    0.283835           0
           2    0.284396    0.284115 0.000280253
           3    0.286329    0.284853 0.000755437
           4    0.286911    0.285368 0.000741646
           5    0.285715    0.285437 0.000578667
           6    0.283724    0.285152 0.000552052
           7    0.281891    0.284686 0.000659321
           8    0.284861    0.284708 0.000571408
           9    0.284644    0.284701 0.000503985
          10    0.284849    0.284715 0.000451021
          11    0.284686    0.284713 0.000407972
          12     0.28606    0.284825 0.000388971
          13    0.283934    0.284756 0.000364302
          14     0.28376    0.284685 0.000344713
          15    0.285549    0.284743 0.000326031
          16    0.286013    0.284822 0.000315133
          17    0.284513    0.284804 0.000296574
          18    0.284734      0.2848 0.000279639
          19    0.284197    0.284768 0.000266409
          20    0.285076    0.284784 0.000253204
           1    0.275692    0.275692           0
           2    0.274943    0.275318 0.000374895
           3    0.277106    0.275914 0.000634317
           4    0.278065    0.276451 0.000700245
           5    0.275595     0.27628  0.00056883
           6    0.274696    0.276016 0.000534262
           7    0.274776    0.275839 0.000485059
           8    0.276454    0.275916 0.000427061
           9    0.275421    0.275861 0.000380625
          10    0.276231    0.275898 0.000342445
          11     0.27609    0.275915 0.000310245
          12    0.276216     0.27594 0.000284322
          13    0.274805    0.275853 0.000275742
          14    0.274783    0.275777 0.000266484
          15     0.27562    0.275766 0.000248303
          16    0.276415    0.275807 0.000235777
          17    0.276498    0.275847 0.000225173
          18    0.276739    0.275897 0.000217999
          19    0.275598    0.275881 0.000206804
          20    0.276602    0.275917 0.000199477
           1    0.274779    0.274779           0
           2    0.275655    0.275217 0.000438299
           3    0.277743    0.276059 0.000879188
           4    0.278878    0.276764  0.00093972
           5    0.276081    0.276627 0.000740623
           6    0.274906     0.27634 0.000669331
           7    0.275316    0.276194 0.000584291
           8    0.275755    0.276139 0.000508973
           9    0.275424     0.27606 0.000455842
          10    0.276085    0.276062 0.000407726
          11    0.276054    0.276061 0.000368802
          12    0.276875    0.276129 0.000343433
          13    0.274343    0.275992 0.000344513
          14    0.275553    0.275961 0.000320492
          15     0.27672    0.276011 0.000302623
          16    0.276762    0.276058 0.000286944
          17    0.275733    0.276039 0.000270213
          18    0.276286    0.276053  0.00025513
          19    0.276254    0.276063 0.000241561
          20     0.27703    0.276112 0.000234203
           1    0.267234    0.267234           0
           2    0.265981    0.266608 0.000626367
           3     0.26741    0.266875 0.000449695
           4    0.269342    0.267492 0.000693811
           5    0.267396    0.267473 0.000537763
           6     0.26606    0.267237 0.000498261
           7    0.266588    0.267144 0.000431186
           8    0.266392     0.26705 0.000385085
           9    0.266487    0.266988 0.000345339
          10    0.268242    0.267113 0.000333361
          11    0.268181     0.26721 0.000316781
          12    0.268148    0.267288 0.000299542
          13    0.265924    0.267183 0.000294856
          14    0.266199    0.267113   0.0002819
          15    0.267194    0.267118 0.000262489
          16    0.268124    0.267181 0.000253451
          17    0.267065    0.267174 0.000238174
          18    0.268625    0.267255 0.000238567
          19    0.267315    0.267258 0.000225684
          20    0.268208    0.267306 0.000219307
           1     0.26696     0.26696           0
           2    0.266563    0.266762 0.000198314
           3    0.268288     0.26727 0.000521501
           4    0.269109     0.26773 0.000589293
           5    0.268144    0.267813 0.000463913
           6    0.265927    0.267498 0.000492187
           7    0.265545    0.267219 0.000500917
           8    0.267014    0.267194 0.000434565
           9    0.265672    0.267025   0.0004189
          10    0.268099    0.267132 0.000389773
          11    0.268206     0.26723  0.00036584
          12    0.268088    0.267301 0.000341538
          13    0.265801    0.267186 0.000334706
          14    0.266111    0.267109 0.000319242
          15    0.267413    0.267129  0.00029789
          16    0.269036    0.267249 0.000303062
          17    0.266621    0.267212 0.000287058
          18    0.267589    0.267233 0.000271452
          19    0.267812    0.267263 0.000258573
          20    0.268502    0.267325 0.000253011
           1    0.259151    0.259151           0
           2    0.257878    0.258515 0.000636193
           3    0.259341     0.25879  0.00045903
           4    0.260428      0.2592 0.000522598
           5      0.2596     0.25928 0.000412635
           6    0.258174    0.259095 0.000383991
           7    0.257888    0.258923 0.000367517
           8    0.258863    0.258915 0.000318368
           9    0.257732    0.258784 0.000310034
          10    0.259233    0.258829 0.000280918
          11    0.260312    0.258964 0.000287655
          12    0.259407    0.259001 0.000265178
          13    0.259262    0.259021 0.000244753
          14    0.258028     0.25895 0.000237431
          15    0.259132    0.258962  0.00022137
          16    0.260019    0.259028 0.000217359
          17    0.259012    0.259027 0.000204175
          18     0.26011    0.259087 0.000201689
          19    0.259514     0.25911 0.000192099
          20    0.260117     0.25916  0.00018907
           1    0.259305    0.259305           0
           2    0.257667    0.258486 0.000819367
           3    0.260105    0.259026 0.000717563
           4    0.260918    0.259499 0.000693758
           5    0.259986    0.259596 0.000546127
           6    0.258216    0.259366 0.000501733
           7    0.258401    0.259228 0.000445905
           8    0.259004      0.2592 0.000387181
           9    0.257944    0.259061 0.000368885
          10    0.259909    0.259145 0.000340667
          11    0.259266    0.259156 0.000308338
          12    0.260206    0.259244  0.00029474
          13    0.258304    0.259172 0.000280585
          14    0.258619    0.259132 0.000262749
          15    0.259507    0.259157 0.000245879
          16    0.260306    0.259229 0.000240941
          17    0.259574    0.259249 0.000227235
          18    0.259298    0.259252 0.000214256
          19     0.25907    0.259242 0.000202891
          20    0.259616    0.259261 0.000193386
           1      0.2509      0.2509           0
           2    0.249931    0.250416 0.000484697
           3    0.250995    0.250609 0.000340053
           4    0.252237    0.251016  0.00047266
           5    0.251649    0.251143 0.000387432
           6    0.250853    0.251094 0.000319998
           7    0.249639    0.250886  0.00034115
           8    0.251043    0.250906 0.000296091
           9    0.250199    0.250827 0.000272681
          10    0.251782    0.250923 0.000261925
          11    0.251738    0.250997 0.000248241
          12    0.251522    0.251041 0.000230802
          13    0.250886    0.251029 0.000212642
          14    0.250244    0.250973 0.000204699
          15    0.250969    0.250972 0.000190565
          16     0.25149    0.251005 0.000181166
          17    0.252331    0.251083 0.000187201
          18    0.251774    0.251121 0.000180618
          19    0.250951    0.251112 0.000171083
          20    0.251986    0.251156 0.000168081
           1    0.251516    0.251516           0
           2    0.250044     0.25078 0.000736338
           3    0.251588    0.251049 0.000503301
           4     0.25206    0.251302 0.000436418
           5    0.251808    0.251403 0.000352884
           6     0.24986    0.251146 0.000386259
           7    0.250048    0.250989 0.000362166
           8    0.251059    0.250998 0.000313767
           9     0.25014    0.250903 0.000292669
          10    0.252144    0.251027 0.000289729
          11    0.251922    0.251108 0.000274411
          12    0.252133    0.251194 0.000264664
          13    0.250776    0.251161 0.000245564
          14    0.250433    0.251109 0.000233219
          15    0.250729    0.251084 0.000218592
          16    0.251505     0.25111 0.000206159
          17    0.251885    0.251156 0.000198945
          18    0.251819    0.251193 0.000191145
          19    0.251133     0.25119 0.000180833
          20    0.251476    0.251204 0.000172149
           1    0.243663    0.243663           0
           2    0.242578     0.24312 0.000542652
           3    0.243164    0.243135 0.000313644
           4    0.244653    0.243515 0.000439617
           5    0.243607    0.243533 0.000341031
           6    0.242622    0.243381 0.000317132
           7    0.241854    0.243163 0.000345583
           8    0.243368    0.243189 0.000300375
           9    0.242726    0.243137 0.000269852
          10    0.243287    0.243152 0.000241827
          11    0.244013    0.243231 0.000232317
          12    0.244429     0.24333 0.000234417
          13    0.243114    0.243314 0.000216273
          14    0.242306    0.243242 0.000212776
          15    0.241936    0.243155 0.000216377
          16    0.244163    0.243218 0.000211984
          17    0.243602     0.24324 0.000200402
          18    0.243896    0.243277 0.000192425
          19    0.243552    0.243291 0.000182589
          20    0.244778    0.243366 0.000188491
           1    0.243933    0.243933           0
           2    0.242442    0.243188   0.0007455
           3    0.244074    0.243483 0.000522084
           4    0.245148      0.2439 0.000556285
           5     0.24414    0.243948 0.000433574
           6    0.242442    0.243697 0.000433948
           7    0.242245    0.243489 0.000421364
           8    0.243235    0.243458  0.00036629
           9    0.243579    0.243471 0.000323318
          10    0.244209    0.243545 0.000298449
          11    0.243813    0.243569 0.000271058
          12    0.243684    0.243579 0.000247626
          13     0.24327    0.243555 0.000229021
          14    0.243085    0.243521 0.000214678
          15     0.24329    0.243506 0.000200449
          16    0.244047     0.24354  0.00019053
          17    0.243907    0.243561 0.000180267
          18     0.24363    0.243565     0.00017
          19    0.244341    0.243606 0.000165903
          20    0.244318    0.243642 0.000161368
           1    0.236388    0.236388           0
           2    0.235397    0.235893 0.000495749
           3    0.235913      0.2359 0.000286301
           4    0.237218    0.236229 0.000386924
           5    0.236738    0.236331 0.000316487
           6    0.235142    0.236133 0.000325611
           7    0.234563    0.235909 0.000354982
           8    0.236386    0.235968 0.000313159
           9    0.235447     0.23591 0.000282192
          10    0.235751    0.235894 0.000252903
          11    0.236127    0.235916 0.000229739
          12    0.236691     0.23598 0.000219446
          13    0.235274    0.235926  0.00020905
          14    0.235053    0.235863 0.000203337
          15    0.235651    0.235849 0.000189824
          16    0.236503     0.23589 0.000182207
          17     0.23606      0.2359 0.000171443
          18    0.236127    0.235913 0.000162131
          19    0.235505    0.235891 0.000154858
          20    0.236482    0.235921 0.000149855
           1    0.236648    0.236648           0
           2    0.235319    0.235984 0.000664694
           3    0.236373    0.236114 0.000405131
           4    0.236656    0.236249 0.000316948
           5    0.236381    0.236276 0.000246925
           6     0.23523    0.236101 0.000266456
           7    0.235114     0.23596 0.000265722
           8     0.23575    0.235934 0.000231611
           9    0.235898     0.23593 0.000204301
          10    0.236326     0.23597 0.000186972
          11    0.235913    0.235965 0.000169201
          12    0.236803    0.236034 0.000169513
          13     0.23542    0.235987 0.000162938
          14    0.235375    0.235943 0.000157049
          15    0.235512    0.235915 0.000149001
          16    0.236114    0.235927 0.000139935
          17    0.236245    0.235946 0.000132769
          18    0.236372     0.23597 0.000127399
          19    0.236415    0.235993 0.000122769
          20    0.236477    0.236017 0.000118956
           1    0.229181    0.229181           0
           2    0.228841    0.229011 0.000169802
           3     0.22895    0.228991 0.000100152
           4    0.229878    0.229212 0.000232743
           5    0.229554    0.229281 0.000192805
           6    0.228449    0.229142 0.000209743
           7    0.228036    0.228984  0.00023746
           8    0.228496    0.228923 0.000214505
           9    0.228513    0.228878 0.000194578
          10    0.228935    0.228883  0.00017413
          11    0.229046    0.228898 0.000158197
          12    0.229488    0.228947 0.000152549
          13    0.228106    0.228883 0.000154544
          14    0.227987    0.228819 0.000156739
          15    0.228462    0.228795 0.000147844
          16    0.229068    0.228812 0.000139345
          17    0.228555    0.228797 0.000131758
          18    0.228627    0.228787 0.000124581
          19    0.228269     0.22876  0.00012096
          20    0.230127    0.228828 0.000133565
           1    0.229884    0.229884           0
           2     0.22874    0.229312 0.000572129
           3     0.22936    0.229328 0.000330702
           4    0.229632    0.229404 0.000245846
           5    0.229475    0.229418 0.000190957
           6    0.228505    0.229266 0.000217839
           7    0.227889    0.229069 0.000269402
           8    0.228679    0.229021 0.000238351
           9    0.229373     0.22906 0.000213819
          10    0.229103    0.229064 0.000191293
          11    0.229044    0.229062 0.000173041
          12    0.229273     0.22908 0.000158937
          13    0.228354    0.229024 0.000156499
          14    0.228157    0.228962 0.000157574
          15    0.228677    0.228943  0.00014792
          16     0.22895    0.228943 0.000138367
          17    0.229157    0.228956 0.000130578
          18    0.228493     0.22893 0.000125763
          19    0.228636    0.228915 0.000119966
          20    0.229978    0.228968 0.000125606
           1    0.222105    0.222105           0
           2    0.221067    0.221586 0.000519306
           3     0.22098    0.221384 0.000361448
           4    0.222618    0.221693 0.000400658
           5    0.222609    0.221876  0.00036043
           6    0.221325    0.221784 0.000308269
           7     0.22112    0.221689 0.000277259
           8    0.221295     0.22164  0.00024512
           9    0.221183    0.221589 0.000222055
          10    0.221679    0.221598 0.000198813
          11    0.222057     0.22164 0.000184599
          12    0.222452    0.221708   0.0001816
          13    0.221709    0.221708 0.000167048
          14    0.221027    0.221659 0.000162118
          15    0.221309    0.221636 0.000152718
          16    0.222247    0.221674 0.000147866
          17    0.221618    0.221671 0.000138934
          18    0.221769    0.221676 0.000131103
          19    0.221987    0.221693 0.000125087
          20    0.222448     0.22173 0.000124528
           1    0.222233    0.222233           0
           2     0.22122    0.221726 0.000506441
           3    0.221879    0.221777 0.000296784
           4    0.223251    0.222146 0.000423936
           5    0.222608    0.222238  0.00034117
           6    0.221719    0.222152 0.000291678
           7    0.221284    0.222028 0.000275949
           8    0.221912    0.222013 0.000239419
           9    0.221554    0.221962 0.000217228
          10    0.222016    0.221968  0.00019437
          11     0.22232       0.222 0.000178708
          12     0.22263    0.222052  0.00017139
          13    0.220958    0.221968 0.000178725
          14    0.221802    0.221956 0.000165894
          15    0.221229    0.221908 0.000161863
          16    0.222352    0.221935 0.000153933
          17    0.221915    0.221934   0.0001446
          18    0.220916    0.221878 0.000147601
          19    0.221947    0.221881 0.000139664
          20    0.222581    0.221916 0.000137042
           1    0.215463    0.215463           0
           2    0.214491    0.214977 0.000486024
           3    0.214664    0.214873 0.000299277
           4    0.215873    0.215123 0.000327628
           5    0.215801    0.215258 0.000287773
           6    0.215458    0.215292 0.000237316
           7    0.214486    0.215177 0.000231233
           8    0.215033    0.215159 0.000201052
           9    0.214517    0.215087 0.000191109
          10    0.215272    0.215106  0.00017193
          11    0.215753    0.215165 0.000166274
          12    0.215664    0.215206 0.000157378
          13    0.214354    0.215141 0.000158921
          14    0.214878    0.215122 0.000148328
          15    0.214411    0.215075 0.000145987
          16    0.215347    0.215092 0.000137614
          17    0.215079    0.215091 0.000129267
          18     0.21529    0.215102 0.000122375
          19    0.215207    0.215107 0.000115886
          20    0.215851    0.215145 0.000116059
           1    0.216021    0.216021           0
           2    0.214759     0.21539 0.000630906
           3    0.215152    0.215311 0.000372808
           4    0.216333    0.215566 0.000367079
           5    0.215604    0.215574 0.000284439
           6    0.214907    0.215463 0.000257433
           7    0.214681    0.215351 0.000244582
           8    0.215714    0.215396 0.000216624
           9    0.215129    0.215367 0.000193345
          10    0.215424    0.215372  0.00017303
          11    0.215516    0.215385 0.000157053
          12    0.215891    0.215428 0.000149442
          13    0.214478    0.215355 0.000155669
          14     0.21509    0.215336 0.000145359
          15     0.21488    0.215305 0.000138682
          16    0.215504    0.215318 0.000130318
          17    0.215706    0.215341 0.000124528
          18    0.214863    0.215314 0.000120367
          19    0.215964    0.215348 0.000118886
          20    0.215948    0.215378 0.000116709
           1    0.208657    0.208657           0
           2    0.208195    0.208426  0.00023099
           3    0.208297    0.208383 0.000140157
           4    0.209673    0.208706 0.000337222
           5    0.209861    0.208937 0.000348769
           6    0.208448    0.208855 0.000296172
           7    0.208365    0.208785 0.000259909
           8    0.208767    0.208783 0.000225099
           9    0.207877    0.208682 0.000222564
          10      0.2085    0.208664   0.0001999
          11    0.209017    0.208696 0.000183633
          12    0.209231    0.208741 0.000173454
          13    0.207927    0.208678 0.000171384
          14    0.208044    0.208633 0.000165015
          15     0.20843    0.208619 0.000154217
          16    0.208788     0.20863 0.000144639
          17    0.208781    0.208639 0.000136157
          18    0.208618    0.208638 0.000128375
          19     0.20907     0.20866 0.000123547
          20    0.209328    0.208694 0.000121862
           1    0.209134    0.209134           0
           2    0.208641    0.208888 0.000246392
           3     0.20901    0.208929 0.000148022
           4    0.209669    0.209114 0.000212684
           5    0.209207    0.209132 0.000165792
           6     0.20814    0.208967 0.000213719
           7    0.208324    0.208875 0.000202654
           8    0.209138    0.208908  0.00017855
           9    0.208169    0.208826 0.000177606
          10    0.208712    0.208814 0.000159263
          11    0.208766     0.20881 0.000144126
          12    0.209205    0.208843 0.000135624
          13     0.20831    0.208802 0.000131323
          14    0.208569    0.208785 0.000122714
          15    0.208874    0.208791 0.000114393
          16    0.209258     0.20882 0.000110919
          17    0.208903    0.208825 0.000104304
          18    0.208678    0.208817 9.86784e-05
          19    0.208735    0.208813 9.34408e-05
          20    0.209618    0.208853 9.73641e-05
           1    0.202748    0.202748           0
           2     0.20207    0.202409 0.000338864
           3    0.202734    0.202517 0.000223665
           4    0.203181    0.202683 0.000229137
           5    0.203161    0.202779 0.000201593
           6    0.202127     0.20267 0.000197207
           7    0.202243    0.202609 0.000177497
           8    0.203074    0.202667 0.000164313
           9    0.201708    0.202561 0.000179875
          10    0.202313    0.202536 0.000162772
          11    0.202781    0.202558  0.00014891
          12    0.202933    0.202589 0.000139483
          13    0.202884    0.202612 0.000130297
          14    0.202217    0.202584 0.000123884
          15     0.20216    0.202556 0.000118735
          16    0.202541    0.202555  0.00011107
          17    0.202631    0.202559 0.000104427
          18    0.202547    0.202559 9.84577e-05
          19    0.202881    0.202575 9.46616e-05
          20    0.203186    0.202606 9.48574e-05
           1     0.20334     0.20334           0
           2    0.202403    0.202871 0.000468312
           3    0.203207    0.202983  0.00029259
           4    0.203522    0.203118 0.000246881
           5    0.203496    0.203193 0.000205603
           6    0.202445    0.203069 0.000209126
           7    0.202944    0.203051 0.000177639
           8    0.203159    0.203064 0.000154433
           9    0.202196    0.202968 0.000166925
          10     0.20303    0.202974  0.00014943
          11     0.20284    0.202962 0.000135716
          12    0.202603    0.202932 0.000127453
          13    0.202294    0.202883   0.0001271
          14    0.202186    0.202833 0.000127762
          15    0.202359    0.202802 0.000123069
          16    0.203265     0.20283 0.000118704
          17    0.202655     0.20282 0.000111978
          18    0.202445    0.202799  0.00010761
          19    0.202854    0.202802  0.00010183
          20    0.203616    0.202843 0.000104824
           1    0.196853    0.196853           0
           2    0.196135    0.196494 0.000358996
           3    0.196709    0.196566 0.000219312
           4     0.19755    0.196812 0.000290801
           5    0.197107    0.196871 0.000232878
           6    0.196415    0.196795 0.000204757
           7    0.196443    0.196745 0.000180211
           8    0.196741    0.196744 0.000156068
           9    0.195901     0.19665 0.000166501
          10    0.196774    0.196663 0.000149433
          11    0.196735    0.196669 0.000135326
          12    0.196645    0.196667 0.000123553
          13    0.196402    0.196647 0.000115467
          14    0.196011    0.196601 0.000116161
          15    0.195925    0.196556 0.000117163
          16    0.196384    0.196546 0.000110126
          17    0.196704    0.196555 0.000103863
          18    0.196256    0.196538 9.93225e-05
          19    0.196894    0.196557 9.57942e-05
          20    0.197063    0.196582 9.43371e-05
           1    0.197349    0.197349           0
           2    0.196314    0.196831 0.000517775
           3    0.197021    0.196895  0.00030556
           4    0.197492    0.197044 0.000262586
           5    0.197079    0.197051 0.000203517
           6    0.196058    0.196885 0.000234538
           7    0.196893    0.196886 0.000198224
           8    0.196766    0.196871  0.00017232
           9    0.196423    0.196822 0.000159925
          10    0.196901     0.19683  0.00014326
          11    0.196493    0.196799 0.000133148
          12    0.196814      0.1968 0.000121553
          13    0.196861    0.196805 0.000111909
          14     0.19627    0.196767 0.000110416
          15    0.196276    0.196734  0.00010788
          16    0.196793    0.196738 0.000100979
          17    0.196431     0.19672 9.65511e-05
          18     0.19634    0.196698 9.34347e-05
          19     0.19711     0.19672 9.09951e-05
          20    0.197482    0.196758 9.43469e-05
