           1    0.060624    0.060624           0
           2    0.114256     0.08744    0.026816
           3    0.508336    0.227739     0.14115
           4   -0.202836    0.120095    0.146795
           5   -0.080724   0.0799312    0.120592
           6    0.147532    0.091198   0.0991055
           7    0.007412   0.0792286   0.0846104
           8   -0.186964   0.0459545   0.0804758
           9   -0.278512  0.00990267   0.0796046
          10    0.520688   0.0609812   0.0876272
          11    0.369184   0.0889996   0.0840682
          12    0.267112    0.103842   0.0781656
          13   -0.004076   0.0955409   0.0723795
          14    0.036752   0.0913417   0.0671419
          15   -0.358004   0.0613853   0.0693134
          16    0.357536   0.0798947    0.067427
          17     0.41758   0.0997586   0.0663785
          18    -0.36628   0.0738676   0.0677265
          19    0.234132   0.0823025   0.0646158
          20    0.547212    0.105548   0.0655594
           1    0.955048    0.955048           0
           2    0.912344    0.933696    0.021352
           3    0.922516    0.929969   0.0128786
           4    0.906488    0.924099   0.0108346
           5    0.874188    0.914117   0.0130414
           6    0.771264    0.890308   0.0260815
           7    0.774756    0.873801   0.0275388
           8    0.937424    0.881754   0.0251403
           9    0.776652    0.870076   0.0250591
          10    0.892504    0.872318   0.0225255
          11    0.951988    0.879561   0.0216241
          12    0.756744    0.869326   0.0222355
          13    0.813048    0.864997   0.0209068
          14    0.907852    0.868058   0.0195965
          15    0.836284     0.86594   0.0183659
          16    0.956612    0.871607   0.0180903
          17    0.957884    0.876682   0.0177345
          18    0.886912     0.87725   0.0167299
          19     0.92364    0.879692   0.0160122
          20    0.883064    0.879861   0.0151914
           1    -0.23664    -0.23664           0
           2   -0.167096   -0.201868    0.034772
           3   -0.527756   -0.310497    0.110469
           4   -0.257552   -0.297261   0.0792268
           5      0.0921   -0.219389   0.0991474
           6   -0.085296    -0.19704   0.0839818
           7   -0.174988    -0.19389   0.0710474
           8    0.103192   -0.156754   0.0718667
           9     0.22226   -0.114642   0.0760958
          10   -0.194424    -0.12262   0.0685282
          11    0.360916  -0.0786622   0.0759905
          12    0.160504  -0.0587317   0.0721759
          13   -0.336944  -0.0801326   0.0697561
          14     0.33342  -0.0505931   0.0710167
          15   -0.417028  -0.0750221   0.0704819
          16   -0.203944  -0.0830797   0.0664203
          17   -0.085484  -0.0832212   0.0623912
          18   -0.388632   -0.100188   0.0612212
          19     0.21772  -0.0834564   0.0602782
          20    0.118652   -0.073351   0.0580709
           1    0.820564    0.820564           0
           2    0.878964    0.849764      0.0292
           3    0.860492     0.85334   0.0172337
           4      0.8384    0.849605   0.0127456
           5    0.880368    0.855758   0.0116329
           6    0.786296    0.844181   0.0149747
           7    0.832964    0.842578    0.012757
           8    0.857164    0.844401   0.0111973
           9    0.756244    0.834606   0.0139092
          10     0.75256    0.826402   0.0149026
          11    0.884612    0.831693   0.0144814
          12    0.891924    0.836713   0.0141405
          13    0.727856    0.828339   0.0154696
          14     0.84436    0.829483   0.0143677
          15     0.80348     0.82775   0.0134875
          16    0.828572    0.827801   0.0126165
          17    0.826372    0.827717   0.0118514
          18    0.818456    0.827203   0.0111854
          19    0.846244    0.828205   0.0106277
          20    0.863892    0.829989    0.010239
           1    0.006984    0.006984           0
           2   -0.215856   -0.104436     0.11142
           3    0.214868  0.00199867    0.124364
           4   -0.228624   -0.055657    0.105154
           5    0.063368   -0.031852   0.0848595
           6    -0.14198  -0.0502067   0.0716774
           7   -0.061196  -0.0517766   0.0605988
           8    0.176304  -0.0232665   0.0597242
           9   -0.380044  -0.0629084   0.0659227
          10    0.172344  -0.0393832   0.0634829
          11   -0.008916  -0.0366135   0.0574892
          12   -0.191344  -0.0495077   0.0540411
          13     0.18574  -0.0314117   0.0529018
          14     0.12758  -0.0200551    0.050277
          15    0.058688  -0.0148056   0.0470988
          16   -0.019852   -0.015121    0.044058
          17    0.091316    -0.00886   0.0418562
          18    0.177124  0.00147244   0.0407927
          19    0.118176  0.00761474   0.0390718
          20    0.152416   0.0148548   0.0377672
           1    0.748548    0.748548           0
           2    0.694628    0.721588     0.02696
           3    0.816128    0.753101   0.0351478
           4    0.788764    0.762017   0.0264041
           5    0.743088    0.758231   0.0207999
           6    0.603868    0.732504   0.0308272
           7    0.717044    0.730295   0.0261471
           8    0.669192    0.722658   0.0238975
           9    0.769796    0.727895   0.0217167
          10    0.575584    0.712664   0.0246836
          11    0.882488    0.728103    0.027145
          12    0.677388    0.723876   0.0251377
          13    0.768612    0.727318    0.023378
          14    0.692724    0.724847   0.0217844
          15     0.68774    0.722373   0.0204305
          16    0.827524    0.728945   0.0202094
          17     0.70068    0.727282   0.0190561
          18    0.636128    0.722218   0.0186663
          19     0.63168    0.717453   0.0182883
          20    0.759416    0.719551   0.0174762
           1   -0.293816   -0.293816           0
           2    0.025956    -0.13393    0.159886
           3    0.147376  -0.0401613    0.131582
           4   -0.069408   -0.047473   0.0933292
           5    0.097956  -0.0183872   0.0779242
           6   -0.065224  -0.0261933   0.0641019
           7    0.118364 -0.00554229   0.0579785
           8    0.065924    0.003391   0.0509993
           9     0.12538   0.0169453   0.0469752
          10   -0.006056   0.0146452   0.0420788
          11    0.020192   0.0151495    0.038065
          12    0.146692   0.0261113   0.0364365
          13    0.057004   0.0284877   0.0336009
          14    0.144316   0.0367611   0.0321897
          15    0.229892   0.0496365   0.0326159
          16   -0.097632   0.0404323   0.0318676
          17   -0.045184    0.035396   0.0303551
          18    0.010164   0.0339942   0.0286533
          19   -0.109732   0.0264297   0.0281392
          20   -0.237492   0.0132336   0.0297787
           1     0.60526     0.60526           0
           2    0.642896    0.624078    0.018818
           3    0.579952    0.609369   0.0182862
           4    0.615528    0.610909   0.0130216
           5    0.598592    0.608446    0.010383
           6    0.557672    0.599983   0.0119783
           7      0.6663    0.609457    0.013865
           8    0.607008    0.609151   0.0120114
           9    0.569944    0.604795   0.0114538
          10    0.561464    0.600462   0.0111233
          11    0.751712    0.614212    0.017038
          12     0.65996    0.618024    0.016014
          13    0.577216    0.614885   0.0150614
          14    0.579012    0.612323   0.0141777
          15     0.58886    0.610758    0.013291
          16    0.723076    0.617778   0.0142776
          17    0.707264    0.623042   0.0144075
          18    0.755384    0.630394   0.0154456
          19    0.530972    0.625162   0.0155189
          20    0.711788    0.629493   0.0153465
           1   -0.307872   -0.307872           0
           2   -0.021188    -0.16453    0.143342
           3   -0.060304   -0.129788   0.0897551
           4    0.102452   -0.071728   0.0860172
           5    0.045172   -0.048348   0.0706116
           6   -0.036048   -0.046298   0.0576906
           7   -0.057752  -0.0479343   0.0487849
           8     0.06686   -0.033585   0.0446192
           9    0.077564  -0.0212351   0.0412429
          10   -0.152832  -0.0343948   0.0391658
          11     0.03018  -0.0285244   0.0359099
          12   -0.030996  -0.0287303   0.0327817
          13    0.023348  -0.0247243   0.0304197
          14    -0.11706  -0.0313197   0.0289252
          15   -0.004632  -0.0295405   0.0269866
          16     0.08556  -0.0223468   0.0262487
          17    0.114024  -0.0143249   0.0259284
          18    0.103764 -0.00776444   0.0253106
          19    0.043624 -0.00505979   0.0240937
          20   -0.036728  -0.0066432   0.0229121
           1    0.460668    0.460668           0
           2    0.567324    0.513996    0.053328
           3    0.664876    0.564289   0.0589693
           4    0.536076    0.557236   0.0422899
           5      0.5432    0.554429   0.0328777
           6    0.462716    0.539143   0.0308913
           7    0.505608    0.534353   0.0265439
           8    0.536388    0.534607   0.0229891
           9    0.517796    0.532739   0.0203603
          10    0.525568    0.532022   0.0182249
          11    0.614732    0.539541   0.0181189
          12      0.4867    0.535138   0.0171163
          13     0.51222    0.533375   0.0158431
          14    0.555164    0.534931   0.0147502
          15    0.499556    0.532573   0.0139327
          16     0.54132     0.53312   0.0130444
          17    0.499488    0.531141   0.0124117
          18    0.558436    0.532658   0.0117997
          19    0.486584    0.530233   0.0114218
          20    0.564568    0.531949   0.0109708
           1   -0.036032   -0.036032           0
           2     0.04522    0.004594    0.040626
           3    0.061724   0.0236373   0.0302127
           4    -0.10086   -0.007487   0.0377509
           5     -0.0929  -0.0245696   0.0338658
           6   -0.127404  -0.0417087   0.0325322
           7    0.035736  -0.0306451   0.0296371
           8      0.0715   -0.017877    0.028667
           9   -0.002268  -0.0161427   0.0253413
          10    -0.09372  -0.0239004   0.0239568
          11    -0.05832  -0.0270295   0.0218945
          12   -0.065556    -0.03024   0.0202431
          13    0.056456  -0.0235711   0.0197791
          14   -0.116348   -0.030198   0.0194741
          15   -0.040028  -0.0308533   0.0181413
          16   -0.058512   -0.032582   0.0170574
          17    0.028652    -0.02898   0.0164225
          18    0.219104  -0.0151976   0.0207289
          19   -0.051928  -0.0171307   0.0197027
          20    0.079392  -0.0123046   0.0193046
           1     0.52134     0.52134           0
           2    0.526552    0.523946    0.002606
           3    0.486708    0.511533   0.0125035
           4     0.43822    0.493205   0.0203494
           5    0.525752    0.499714   0.0170537
           6    0.436908    0.489247   0.0174201
           7    0.459076    0.484937   0.0153406
           8    0.485732    0.485036   0.0132857
           9    0.420004     0.47781   0.0137658
          10    0.510336    0.481063   0.0127349
          11    0.481248     0.48108   0.0115192
          12    0.472524    0.480367   0.0105396
          13    0.420564    0.475766   0.0107311
          14    0.448652     0.47383   0.0101221
          15    0.500496    0.475607  0.00958936
          16    0.442348    0.473529  0.00920774
          17    0.399144    0.469153  0.00969297
          18    0.449588    0.468066  0.00920304
          19    0.352936    0.462007   0.0106065
          20    0.508324    0.464323   0.0103253
           1    0.003312    0.003312           0
           2   -0.079652    -0.03817    0.041482
           3    0.045284   -0.010352   0.0367073
           4    0.018228   -0.003207   0.0269214
           5    -0.04848  -0.0122616   0.0227342
           6    0.024092 -0.00620267   0.0195262
           7     -0.1047  -0.0202737   0.0216872
           8    0.075344  -0.0083215   0.0222622
           9   -0.032756  -0.0110364   0.0198202
          10     0.02846  -0.0070868   0.0181624
          11   -0.040204  -0.0100975   0.0167021
          12    0.031124 -0.00666233    0.015629
          13   -0.019824 -0.00767477   0.0144122
          14   -0.024332 -0.00886457   0.0133961
          15     0.07676 -0.00315627   0.0137154
          16    -0.02908  -0.0047765   0.0129315
          17    0.075988-2.56471e-05    0.013043
          18    0.142248  0.00787844   0.0146182
          19   -0.011892  0.00683789   0.0138666
          20    0.091332   0.0110626   0.0138167
           1    0.432884    0.432884           0
           2    0.377564    0.405224     0.02766
           3    0.387556    0.399335   0.0170209
           4     0.38292    0.395231   0.0127159
           5     0.43392    0.402969   0.0125256
           6    0.370168    0.397502   0.0115965
           7    0.410888    0.399414  0.00998567
           8    0.436712    0.404077  0.00982453
           9    0.422548    0.406129  0.00890419
          10     0.43456    0.408972  0.00845641
          11     0.39878    0.408045  0.00770503
          12    0.472908    0.413451  0.00887069
          13     0.40784    0.413019  0.00817126
          14    0.407672    0.412637  0.00757475
          15    0.402752    0.411978  0.00708243
          16    0.352416    0.408255  0.00759926
          17     0.37466    0.406279  0.00740676
          18    0.408736    0.406416   0.0069845
          19    0.307292    0.401199  0.00841817
          20     0.44986    0.403632  0.00834859
           1   -0.056664   -0.056664           0
           2     0.06996    0.006648    0.063312
           3   -0.024208 -0.00363733   0.0379727
           4    0.048128    0.009304   0.0298067
           5    -0.02614   0.0022152   0.0241519
           6   -0.080756  -0.0116133   0.0240854
           7   -0.001464  -0.0101634   0.0204074
           8    0.036096   -0.004381   0.0185953
           9   -0.009812 -0.00498444   0.0164106
          10    0.033512  -0.0011348   0.0151745
          11    0.021824 0.000952364   0.0138836
          12    0.046164     0.00472   0.0132221
          13   -0.042796  0.00106492   0.0126999
          14     0.05506  0.00492171   0.0123742
          15     0.01892  0.00585493   0.0115575
          16   -0.006532  0.00508075   0.0108388
          17     0.02496  0.00625012   0.0102482
          18    0.027304  0.00741978  0.00973261
          19     -0.0427  0.00478189   0.0095766
          20    0.016856   0.0053856  0.00910519
           1    0.370696    0.370696           0
           2    0.351616    0.361156     0.00954
           3    0.357372    0.359895   0.0056505
           4    0.274416    0.338525     0.02174
           5    0.339948     0.33881   0.0168421
           6    0.332952    0.337833   0.0137861
           7     0.34448    0.338783     0.01169
           8      0.4013    0.346598   0.0127891
           9      0.3697    0.349164   0.0115674
          10     0.32546    0.346794   0.0106142
          11    0.312808    0.343704   0.0100858
          12    0.397672    0.348202   0.0102467
          13    0.386752    0.351167   0.0098811
          14    0.281912     0.34622   0.0103999
          15    0.280748    0.341855   0.0106202
          16    0.313148    0.340061    0.010095
          17    0.318204    0.338776  0.00956941
          18    0.335212    0.338578  0.00902429
          19    0.302596    0.336684  0.00874367
          20    0.310648    0.335382  0.00839651
           1   -0.004844   -0.004844           0
           2   -0.013784   -0.009314     0.00447
           3     0.00864 -0.00332933   0.0065174
           4   -0.014304   -0.006073  0.00536339
           5   -0.042996  -0.0134576  0.00847301
           6    0.038508 -0.00479667   0.0110848
           7    -0.05138  -0.0114514   0.0114914
           8   -0.013928   -0.011761  0.00995666
           9   -0.074356   -0.018716   0.0112017
          10     0.04436  -0.0124084   0.0118392
          11    0.013812  -0.0100247   0.0109711
          12   -0.003372 -0.00947033   0.0100305
          13    0.047404 -0.00509538   0.0102114
          14   -0.040604 -0.00763171  0.00978823
          15   -0.063748  -0.0113728  0.00985041
          16      0.0406  -0.0081245  0.00977002
          17   -0.029044 -0.00935506  0.00925947
          18    0.049428 -0.00608933  0.00932074
          19    0.043912 -0.00345768  0.00920092
          20   -0.040324   -0.005301  0.00892127
           1    0.271532    0.271532           0
           2     0.29256    0.282046    0.010514
           3    0.258192    0.274095   0.0100036
           4    0.254528    0.269203  0.00860025
           5     0.27472    0.270306  0.00675249
           6    0.331556    0.280515    0.011602
           7    0.277016    0.280015   0.0098182
           8    0.329012    0.286139    0.010479
           9     0.27894     0.28534  0.00927615
          10    0.318524    0.288658  0.00893586
          11    0.296328    0.289355  0.00811281
          12    0.242648    0.285463  0.00836647
          13    0.334064    0.289202  0.00855603
          14     0.21422    0.283846  0.00956204
          15    0.204832    0.278578   0.0103435
          16     0.27978    0.278653  0.00967579
          17     0.29272    0.279481  0.00912641
          18    0.299484    0.280592  0.00867593
          19    0.252756    0.279127  0.00833636
          20    0.243396     0.27734  0.00810784
           1   -0.054956   -0.054956           0
           2    0.055044     4.4e-05       0.055
           3     0.02176  0.00728267   0.0325689
           4   -0.036588   -0.003685    0.025508
           5    0.030028   0.0030576   0.0208772
           6   -0.022616 -0.00122133    0.017575
           7    0.016384  0.00129371    0.015065
           8     0.01126   0.0025395    0.013106
           9    0.034356  0.00607467   0.0120869
          10    0.010504   0.0065176     0.01082
          11    0.022256  0.00794836  0.00989106
          12    0.015596  0.00858567  0.00905172
          13    0.033596   0.0105095  0.00854574
          14    0.048224   0.0132034  0.00835787
          15   -0.010644   0.0116136  0.00794151
          16    -0.00874   0.0103415  0.00753674
          17   -0.049892  0.00679835  0.00791667
          18     0.04172  0.00873844  0.00771193
          19     -0.0062  0.00795221  0.00733701
          20   -0.026372    0.006236  0.00716895
           1    0.210116    0.210116           0
           2    0.206068    0.208092    0.002024
           3    0.193188    0.203124  0.00510358
           4    0.211996    0.205342  0.00423589
           5    0.215368    0.207347  0.00384532
           6    0.247492    0.214038  0.00739084
           7    0.253992    0.219746  0.00846141
           8     0.23936    0.222197  0.00772709
           9    0.254224    0.225756  0.00768781
          10    0.260476    0.229228  0.00770303
          11    0.216228    0.228046  0.00706717
          12    0.209296    0.226484  0.00663794
          13      0.2802    0.230616  0.00737272
          14    0.176212     0.22673  0.00785446
          15    0.177632    0.223457  0.00801128
          16    0.267724    0.226223  0.00798829
          17     0.27798    0.229268   0.0080978
          18    0.279332    0.232049  0.00812553
          19    0.229068    0.231892  0.00768759
          20    0.212856     0.23094  0.00735493
           1    -0.02614    -0.02614           0
           2     0.01288    -0.00663     0.01951
           3     0.00082 -0.00414667   0.0115346
           4    0.024756    0.003079   0.0108965
           5    0.012304    0.004924  0.00863969
           6    0.031632  0.00937533   0.0083413
           7   -0.040652  0.00222857   0.0100386
           8    -0.04724   -0.003955   0.0106685
           9   -0.015064 -0.00518933  0.00948937
          10   -0.019856   -0.006656  0.00861334
          11    0.035144   -0.002856  0.00866837
          12    0.009044 -0.00186433  0.00797499
          13   -0.016832 -0.00301569  0.00742573
          14    0.009532 -0.00211943  0.00693307
          15     0.00058 -0.00193947  0.00645684
          16    0.031312  0.00013875  0.00638737
          17    -0.04184 -0.00233059  0.00648816
          18   -0.005928 -0.00253044  0.00612036
          19     0.00984 -0.00187937  0.00582578
          20    0.014992  -0.0010358  0.00559083
           1    0.237648    0.237648           0
           2     0.19948    0.218564    0.019084
           3    0.213052    0.216727   0.0111703
           4    0.227632    0.219453  0.00835587
           5    0.218336     0.21923  0.00647629
           6    0.205512    0.216943  0.00576095
           7    0.186292    0.212565  0.00654826
           8    0.260528     0.21856  0.00825257
           9    0.229532    0.219779  0.00737948
          10     0.22568    0.220369  0.00662673
          11     0.17322    0.216083  0.00736896
          12    0.248336    0.218771  0.00724399
          13     0.26682    0.222467  0.00761993
          14    0.221836    0.222422  0.00705483
          15    0.139816    0.216915  0.00857101
          16    0.223208    0.217308  0.00802708
          17    0.209788    0.216866   0.0075531
          18    0.201844    0.216031  0.00716986
          19     0.16904    0.213558   0.0072189
          20    0.226756    0.214218  0.00688017
           1    0.015156    0.015156           0
           2    -0.00494    0.005108    0.010048
           3   -0.018848 -0.00287733  0.00987014
           4   -0.011456   -0.005022  0.00730133
           5    -0.02398  -0.0088136  0.00680896
           6    0.016804   -0.004544  0.00700981
           7   -0.009064 -0.00518971  0.00595945
           8    0.031648   -0.000585  0.00691663
           9     0.00702     0.00026  0.00615814
          10     0.01732    0.001966  0.00576616
          11    0.046704  0.00603309  0.00661397
          12      0.0135  0.00665533  0.00606968
          13    0.006144    0.006616  0.00558343
          14    0.002844  0.00634657  0.00517627
          15    0.039884   0.0085824  0.00531227
          16   -0.014904   0.0071145  0.00518145
          17    0.026576  0.00825929  0.00499995
          18   -0.040288  0.00556222  0.00543102
          19   -0.013208  0.00457432  0.00523135
          20   -0.020984   0.0032964  0.00512478
           1    0.178584    0.178584           0
           2    0.159324    0.168954     0.00963
           3    0.204512    0.180807   0.0130919
           4     0.20708    0.187375   0.0113509
           5     0.15422    0.180744   0.0110125
           6    0.201136    0.184143  0.00961255
           7    0.176268    0.183018  0.00820161
           8    0.192592    0.184215  0.00720292
           9    0.168792    0.182501  0.00657945
          10    0.188784    0.183129  0.00591829
          11    0.166996    0.181663  0.00555057
          12    0.173476     0.18098  0.00511267
          13    0.195432    0.182092  0.00483257
          14      0.1753    0.181607  0.00450032
          15    0.103004    0.176367  0.00670911
          16    0.186892    0.177024  0.00631018
          17    0.205056    0.178673  0.00615246
          18    0.211508    0.180498  0.00608066
          19    0.161024    0.179473  0.00584233
          20    0.187588    0.179878  0.00555735
           1    0.001328    0.001328           0
           2     0.00446    0.002894    0.001566
           3    0.005188  0.00365867  0.00118413
           4   -0.001852    0.002281  0.00161216
           5     0.03978   0.0097808  0.00760305
           6    -0.00782  0.00684733  0.00686606
           7   -0.001812  0.00561029  0.00593327
           8    -0.00488    0.004299  0.00530304
           9    0.028412  0.00697822  0.00538991
          10    0.014592   0.0077396  0.00488063
          11   -0.005304  0.00655382  0.00457118
          12   -0.007072  0.00541833  0.00432462
          13    -8.8e-05  0.00499477  0.00400056
          14    0.009596  0.00532343  0.00371835
          15     0.01562  0.00600987    0.003529
          16    0.018692   0.0068025  0.00339491
          17    0.008748  0.00691694  0.00319101
          18   -0.021456  0.00534067  0.00339644
          19   -0.045264  0.00267726  0.00417316
          20    0.023032    0.003695  0.00408773
           1    0.177972    0.177972           0
           2    0.126184    0.152078    0.025894
           3    0.144628    0.149595   0.0151548
           4    0.173184    0.155492   0.0122316
           5    0.137332     0.15186   0.0101468
           6     0.16532    0.154103  0.00858322
           7    0.165912     0.15579  0.00744771
           8     0.18478    0.159414  0.00739815
           9     0.12098    0.155144  0.00779785
          10    0.184712      0.1581  0.00757549
          11    0.153928    0.157721  0.00686278
          12    0.203996    0.161577  0.00735655
          13    0.161348     0.16156  0.00676706
          14    0.154372    0.161046  0.00628608
          15    0.112964    0.157841  0.00667243
          16    0.155452    0.157691  0.00624327
          17     0.18158    0.159097  0.00603053
          18    0.167028    0.159537  0.00570269
          19    0.157384    0.159424   0.0053954
          20    0.134416    0.158174  0.00526904
           1   -0.002496   -0.002496           0
           2   -0.008344    -0.00542    0.002924
           3   -0.005168   -0.005336  0.00169026
           4   -0.019976   -0.008996  0.00385021
           5   -0.011992  -0.0095952  0.00304196
           6     0.00098 -0.00783267  0.00304557
           7    0.036288 -0.00152971  0.00680827
           8    0.020292    0.001198  0.00649653
           9   -0.023608 -0.00155822  0.00635789
          10    0.027832   0.0013808  0.00640125
          11    0.010864  0.00224291  0.00585398
          12    0.000364  0.00208633  0.00534622
          13   -0.060836 -0.00275385  0.00690016
          14    0.046708 0.000779143  0.00730017
          15    0.001332    0.000816  0.00679619
          16     -0.0228    -0.00066  0.00652635
          17    0.002404-0.000479765  0.00613309
          18     0.01384 0.000315778   0.0058368
          19     -0.0096-0.000206105  0.00554567
          20    0.012544   0.0004314  0.00529957
           1    0.132208    0.132208           0
           2    0.136628    0.134418     0.00221
           3     0.13458    0.134472  0.00127709
           4    0.150632    0.138512  0.00413969
           5     0.12452    0.135714  0.00425597
           6    0.127356    0.134321  0.00374377
           7    0.146644    0.136081  0.00362085
           8    0.156664    0.138654  0.00405617
           9    0.140944    0.138908  0.00358624
          10     0.14112     0.13913  0.00321525
          11       0.158    0.140845  0.00337656
          12    0.138984     0.14069  0.00308626
          13    0.160264    0.142196  0.00321352
          14      0.1696    0.144153  0.00356133
          15    0.119344    0.142499  0.00370507
          16    0.127488    0.141561  0.00359052
          17     0.15012    0.142064  0.00341007
          18    0.137224    0.141796  0.00322628
          19    0.114188    0.140343  0.00338001
          20    0.143736    0.140512  0.00321105
           1    0.020304    0.020304           0
           2   -0.012976    0.003664     0.01664
           3      0.0039  0.00374267  0.00960743
           4     0.03044    0.010417  0.00952355
           5    0.017604   0.0118544  0.00751565
           6   -0.007848  0.00857067  0.00695985
           7   -0.015224  0.00517143  0.00679371
           8   -0.009448    0.003344  0.00616079
           9    -0.00766  0.00212133  0.00556918
          10    0.008916   0.0028008  0.00502735
          11    -0.02016 0.000713455   0.0050036
          12   -0.026136   -0.001524  0.00508621
          13   -0.004936 -0.00178646  0.00468599
          14   -0.004888   -0.002008  0.00434403
          15    0.001388  -0.0017816  0.00405041
          16   -0.047252  -0.0046235  0.00473619
          17    0.009992 -0.00376376  0.00453118
          18   -0.002496 -0.00369333  0.00427262
          19   -0.005448 -0.00378568  0.00404255
          20   -0.000756  -0.0036342  0.00383809
           1    0.114388    0.114388           0
           2      0.1254    0.119894    0.005506
           3    0.105248    0.115012  0.00582574
           4    0.137672    0.120677  0.00700442
           5     0.11148    0.118838  0.00572892
           6    0.108476    0.117111  0.00498624
           7    0.106172    0.115548  0.00449455
           8    0.116444     0.11566    0.003894
           9    0.106672    0.114661  0.00357645
          10    0.131548     0.11635  0.00361723
          11    0.141412    0.118628  0.00398702
          12    0.124796    0.119142  0.00367575
          13    0.169976    0.123053  0.00516941
          14    0.120876    0.122897  0.00478847
          15    0.120676    0.122749  0.00446028
          16     0.10508    0.121645  0.00431588
          17    0.108016    0.120843  0.00413257
          18    0.142836    0.122065  0.00408331
          19    0.145564    0.123302  0.00405562
          20    0.135636    0.123918  0.00389661
           1    0.007252    0.007252           0
           2   -0.002768    0.002242     0.00501
           3   -0.016504 -0.00400667  0.00688568
           4    -0.02254    -0.00864  0.00672116
           5    0.017812  -0.0033496  0.00742245
           6    0.007952   -0.001466  0.00634637
           7     -0.0236   -0.004628  0.00622633
           8   -0.011552  -0.0054935  0.00546118
           9    0.002128 -0.00464667  0.00489019
          10   -0.017524  -0.0059344  0.00455954
          11   -0.010928 -0.00638836  0.00414917
          12    0.006408   -0.005322   0.0039349
          13    0.000632   -0.004864  0.00364844
          14    0.017228   -0.003286  0.00372822
          15   -0.006244  -0.0034832  0.00347638
          16   -0.012484 -0.00404575  0.00330016
          17   -0.003148 -0.00399294  0.00310041
          18   -0.005248 -0.00406267  0.00292393
          19   -0.015192 -0.00464842   0.0028271
          20    0.024256  -0.0032032  0.00304663
           1    0.100224    0.100224           0
           2       0.113    0.106612    0.006388
           3    0.112488    0.108571  0.00417595
           4    0.132048     0.11444  0.00657026
           5    0.137132    0.118978  0.00681895
           6    0.123404    0.119716   0.0056163
           7     0.11426    0.118937   0.0048102
           8     0.09404    0.115825  0.00519986
           9     0.12474    0.116815  0.00469162
          10     0.13518    0.118652  0.00458058
          11    0.086876    0.115763  0.00505088
          12     0.11098    0.115364    0.004628
          13    0.182224    0.120507  0.00667639
          14    0.111944    0.119896  0.00621133
          15    0.091212    0.117983  0.00609042
          16    0.115924    0.117855  0.00569852
          17     0.08316    0.115814  0.00572869
          18    0.124052    0.116272  0.00542042
          19      0.1317    0.117084  0.00519111
          20    0.112168    0.116838  0.00493085
           1    0.001188    0.001188           0
           2   -0.004944   -0.001878    0.003066
           3     0.01312  0.00312133  0.00530347
           4   -0.037904   -0.007135   0.0109204
           5     0.01252   -0.003204  0.00932771
           6   -0.006408   -0.003738  0.00763474
           7   -0.007808 -0.00431943  0.00647868
           8    0.011736  -0.0023125  0.00595884
           9   -0.006092 -0.00273244  0.00527195
          10    0.000196  -0.0024396  0.00472446
          11   -0.006724 -0.00282909  0.00429115
          12    0.034916 0.000316333  0.00502381
          13    0.007392 0.000860615  0.00465317
          14   -0.006604 0.000327429  0.00434087
          15    0.005528 0.000674133  0.00405598
          16    0.004184   0.0008935  0.00380036
          17    0.011016  0.00148894  0.00361913
          18   -0.011044 0.000792667  0.00348247
          19    -0.01618-0.000100632  0.00341306
          20    0.018444   0.0008266  0.00336806
           1    0.089568    0.089568           0
           2    0.091108    0.090338     0.00077
           3    0.100536   0.0937373  0.00342828
           4    0.108056    0.097317  0.00432326
           5    0.109744   0.0998024  0.00417032
           6    0.101416    0.100071  0.00341565
           7    0.116276    0.102386  0.00370032
           8    0.099944    0.102081  0.00321908
           9    0.110276    0.102992  0.00298141
          10    0.130536    0.105746   0.0038338
          11    0.073256    0.102792  0.00455517
          12    0.100144    0.102572  0.00416414
          13    0.135392    0.105096  0.00458761
          14    0.114916    0.105798  0.00430483
          15    0.108052    0.105948  0.00401039
          16    0.106628    0.105991  0.00375162
          17    0.082132    0.104587  0.00379321
          18     0.12774    0.105873  0.00380056
          19    0.102624    0.105702  0.00359903
          20    0.103228    0.105579  0.00341658
           1   -0.005704   -0.005704           0
           2   -0.015976    -0.01084    0.005136
           3    -0.01568  -0.0124533  0.00337575
           4    0.032304   -0.001264   0.0114411
           5   -0.024424   -0.005896  0.00999974
           6    0.011036   -0.003074  0.00863869
           7     0.00416 -0.00204057   0.0073738
           8   -0.003576  -0.0022325  0.00638878
           9    0.023436 0.000619556  0.00631509
          10    0.028908   0.0034484  0.00631717
          11    0.010928  0.00412836  0.00575441
          12    -0.01758  0.00231933  0.00555581
          13    0.034924  0.00482738  0.00569285
          14    -0.00886  0.00384971  0.00536047
          15    0.013232   0.0044752  0.00502937
          16   -0.013468  0.00335375  0.00483636
          17   -0.006512  0.00277341  0.00457989
          18   -0.015304  0.00176911  0.00443321
          19    0.007992  0.00209663  0.00420617
          20   -0.008592   0.0015622  0.00402595
           1    0.076004    0.076004           0
           2    0.096924    0.086464     0.01046
           3     0.08346   0.0854627  0.00612154
           4    0.103424    0.089953  0.00623696
           5     0.08036   0.0880344  0.00519816
           6     0.07684   0.0861687  0.00463625
           7      0.1021   0.0884446  0.00453136
           8    0.089668   0.0885975  0.00392725
           9    0.082192   0.0878858  0.00353588
          10    0.087904   0.0878876  0.00316259
          11    0.105744   0.0895109  0.00328916
          12    0.078052    0.088556  0.00315076
          13    0.107792   0.0900357  0.00325415
          14      0.1069   0.0912403  0.00324465
          15    0.081548   0.0905941  0.00308895
          16    0.127904    0.092926  0.00371302
          17    0.071472    0.091664  0.00370907
          18      0.0816   0.0911049  0.00354136
          19    0.105508   0.0918629  0.00343449
          20     0.08788   0.0916638  0.00326433
           1    0.017876    0.017876           0
           2   -0.014516     0.00168    0.016196
           3    0.029964    0.011108   0.0132787
           4   -0.035248   -0.000481   0.0149153
           5    0.007468   0.0011088   0.0116622
           6    -0.00688-0.000222667  0.00961481
           7     -0.0321 -0.00477657  0.00931503
           8   -0.020028   -0.006683  0.00828926
           9    -0.01556 -0.00766933  0.00737668
          10    0.005824    -0.00632  0.00673447
          11      -0.013 -0.00692727  0.00612175
          12   -0.019708 -0.00799233  0.00568895
          13   -0.001368 -0.00748277  0.00525783
          14    0.013036 -0.00601714  0.00508366
          15    0.004372 -0.00532453  0.00478304
          16   -0.020416 -0.00626775  0.00457246
          17   -0.002544 -0.00604871  0.00430066
          18   -0.007676 -0.00613911  0.00405571
          19     0.00586 -0.00550758  0.00388795
          20   -0.009992  -0.0057318  0.00369525
           1     0.06606     0.06606           0
           2    0.063088    0.064574    0.001486
           3    0.091972   0.0737067  0.00917288
           4     0.08696     0.07702  0.00728348
           5    0.061984   0.0740128  0.00639317
           6    0.087788   0.0763087  0.00570258
           7    0.089084   0.0781337  0.00515354
           8    0.087576    0.079314  0.00461653
           9    0.100552   0.0816738  0.00470582
          10      0.0748   0.0809864  0.00426478
          11    0.105756   0.0832382  0.00446675
          12    0.103736   0.0849463   0.0044209
          13    0.097148   0.0858849  0.00417354
          14    0.098508   0.0867866  0.00396776
          15    0.071084   0.0857397  0.00383926
          16    0.106476   0.0870357  0.00381799
          17    0.088328   0.0871118  0.00358718
          18    0.073428   0.0863516  0.00346642
          19    0.067408   0.0853545  0.00342714
          20    0.090684    0.085621  0.00326217
           1   -0.008648   -0.008648           0
           2    0.002608    -0.00302    0.005628
           3    0.003448   -0.000864  0.00389955
           4   -0.008052   -0.002661  0.00329127
           5    0.003368  -0.0014552  0.00282018
           6   -0.008184 -0.00257667  0.00256124
           7    0.007424   -0.001148   0.0025936
           8   -0.024116   -0.004019  0.00364523
           9    0.001004 -0.00346089  0.00326288
          10    -0.01156  -0.0042708  0.00302871
          11    -0.01178 -0.00495345  0.00282334
          12     0.00622 -0.00402233  0.00274038
          13   -0.001844 -0.00385477  0.00252635
          14    0.005712 -0.00317143  0.00243672
          15    0.010168 -0.00228213  0.00243655
          16    0.020076 -0.00088475  0.00267345
          17    0.032056  0.00105294  0.00317193
          18    0.005176    0.001282  0.00299928
          19   -0.007324 0.000829053  0.00287297
          20   -0.012016   0.0001868  0.00280019
           1    0.080072    0.080072           0
           2    0.079636    0.079854    0.000218
           3     0.07954   0.0797493 0.000163696
           4    0.100792     0.08501  0.00526194
           5    0.056116   0.0792312  0.00707159
           6    0.081744     0.07965  0.00578909
           7    0.085724   0.0805177  0.00496903
           8    0.102312    0.083242  0.00509315
           9    0.088312   0.0838053  0.00452692
          10    0.081424   0.0835672    0.004056
          11    0.062492   0.0816513  0.00413894
          12    0.084312    0.081873  0.00378481
          13    0.090452   0.0825329  0.00354352
          14    0.076708   0.0821169  0.00330694
          15    0.062264   0.0807933  0.00335103
          16    0.065872   0.0798607  0.00327039
          17    0.075044   0.0795774  0.00308504
          18    0.073772   0.0792549  0.00292643
          19    0.061296   0.0783097  0.00292505
          20    0.066424   0.0777154  0.00283787
           1    0.007116    0.007116           0
           2   -0.014016    -0.00345    0.010566
           3   -0.008128 -0.00500933  0.00629643
           4   -0.003536   -0.004641  0.00446746
           5    0.008236  -0.0020656  0.00431365
           6   -0.002344   -0.002112  0.00352239
           7   -0.001404 -0.00201086  0.00297868
           8    0.018232   0.0005195  0.00361346
           9   -0.000236 0.000435556  0.00318788
          10   -0.009916  -0.0005996  0.00303341
          11    0.008104 0.000191636  0.00285563
          12   -0.002072       3e-06  0.00261364
          13    -0.01306 -0.00100185  0.00260574
          14     0.02336 0.000738286  0.00297455
          15    0.024172  0.00230053  0.00317944
          16   -0.016224  0.00114275  0.00319151
          17   -0.015884 0.000141176  0.00316078
          18   -0.001708 3.84444e-05  0.00298178
          19   -0.019428-0.000986105  0.00300081
          20    0.006616   -0.000606  0.00287208
           1    0.092784    0.092784           0
           2    0.086044    0.089414     0.00337
           3    0.075692     0.08484  0.00497062
           4    0.076404    0.082731  0.00409896
           5      0.0502   0.0762248  0.00723958
           6    0.073084   0.0757013  0.00593422
           7     0.06198   0.0737411  0.00538479
           8    0.088424   0.0755765  0.00501154
           9     0.07408   0.0754102  0.00442289
          10     0.06986   0.0748552  0.00399469
          11    0.061368   0.0736291   0.0038157
          12     0.08716   0.0747567   0.0036612
          13    0.078984   0.0750818  0.00338348
          14     0.07036   0.0747446   0.0031506
          15    0.052336   0.0732507  0.00329158
          16    0.070752   0.0730945  0.00308295
          17     0.07404   0.0731501  0.00289646
          18    0.079504   0.0735031  0.00275353
          19    0.064544   0.0730316  0.00264692
          20      0.0783    0.073295  0.00252486
           1   -0.005308   -0.005308           0
           2   -0.012708   -0.009008      0.0037
           3     0.00546 -0.00418533   0.0052746
           4   -0.000816   -0.003343  0.00382364
           5    -0.00558  -0.0037904  0.00299538
           6   -0.012608    -0.00526  0.00285329
           7    0.019048 -0.00178743  0.00422776
           8     -0.0032   -0.001964   0.0036656
           9   -0.020252   -0.003996  0.00381834
          10    0.014972  -0.0020992  0.00390662
          11     0.00316 -0.00162109  0.00356586
          12   -0.002692 -0.00171033   0.0032564
          13    0.028616 0.000622462  0.00379666
          14   -0.004464 0.000259143  0.00353375
          15    0.016696  0.00135493  0.00346745
          16   -0.005968  0.00089725  0.00327563
          17   -0.017272-0.000171529  0.00325726
          18    0.004212     7.2e-05  0.00308061
          19       0.016 0.000910316  0.00303216
          20     0.00228   0.0009788  0.00287737
           1     0.05842     0.05842           0
           2    0.084852    0.071636    0.013216
           3    0.069248     0.07084  0.00767167
           4     0.07704     0.07239  0.00564179
           5    0.049632   0.0678384  0.00630991
           6    0.067976   0.0678613  0.00515207
           7    0.066384   0.0676503   0.0043594
           8    0.063796   0.0671685  0.00380597
           9    0.086104   0.0692724  0.00396144
          10    0.067152   0.0690604  0.00354956
          11    0.083472   0.0703705  0.00346772
          12    0.084296    0.071531  0.00337158
          13    0.078404   0.0720597  0.00314614
          14    0.053744   0.0707514  0.00319308
          15    0.051148   0.0694445  0.00324719
          16    0.080876    0.070159  0.00312037
          17    0.070348   0.0701701   0.0029311
          18    0.072668   0.0703089  0.00276695
          19    0.072344    0.070416  0.00261946
          20    0.067664   0.0702784  0.00248885
           1    0.002332    0.002332           0
           2     0.00224    0.002286     4.6e-05
           3   -0.029596 -0.00834133   0.0106274
           4   -0.009188   -0.008553  0.00751766
           5    0.025688  -0.0017048  0.00898927
           6   -0.003028 -0.00192533  0.00734302
           7    0.010652-0.000128571  0.00646085
           8    -0.01672  -0.0022025  0.00596726
           9       0.004 -0.00151333  0.00530756
          10     0.00336   -0.001026  0.00477217
          11   -0.011232 -0.00195382  0.00441518
          12     0.00154 -0.00166267  0.00404099
          13   -0.002984 -0.00176431  0.00371856
          14    0.012916-0.000715714  0.00359887
          15    0.003744  -0.0004184  0.00336353
          16    0.011764    0.000343  0.00323711
          17   -0.015236-0.000573412  0.00317583
          18   -0.004584-0.000796222  0.00300248
          19   -0.001212-0.000818105  0.00284015
          20   -0.001792  -0.0008668  0.00269484
           1      0.0739      0.0739           0
           2    0.063488    0.068694    0.005206
           3    0.080624   0.0726707  0.00498478
           4    0.059276    0.069322  0.00486185
           5    0.065168   0.0684912  0.00385652
           6    0.057076   0.0665887  0.00367897
           7    0.064788   0.0663314  0.00311992
           8    0.080004   0.0680405  0.00319708
           9    0.077144    0.069052  0.00299551
          10    0.063768   0.0685236  0.00273087
          11    0.071908   0.0688313  0.00248925
          12    0.064312   0.0684547  0.00230336
          13    0.056044      0.0675  0.00232393
          14    0.067876   0.0675269  0.00215171
          15    0.041108   0.0657656  0.00266731
          16    0.076484   0.0664355  0.00258341
          17    0.068144    0.066536  0.00242877
          18     0.07272   0.0668796   0.0023155
          19    0.051196   0.0660541  0.00234062
          20    0.058956   0.0656992  0.00224869
           1   -0.010668   -0.010668           0
           2    0.013884    0.001608    0.012276
           3    0.006088  0.00310133  0.00724316
           4    -0.00762    0.000421  0.00578065
           5   -0.013956  -0.0024544  0.00532142
           6    0.002612    -0.00161  0.00442621
           7   -0.018012 -0.00395314  0.00441408
           8     0.00134  -0.0032915  0.00387954
           9   -0.001472 -0.00308933   0.0034274
          10    -0.00944  -0.0037244  0.00313065
          11   -0.004212 -0.00376873  0.00283213
          12    0.014348   -0.002259  0.00299389
          13   -0.000924 -0.00215631   0.0027559
          14    0.007456 -0.00146971  0.00264223
          15     0.00262 -0.00119707  0.00247485
          16   -0.001524  -0.0012175   0.0023151
          17   -0.003416 -0.00134682   0.0021785
          18    -0.01138 -0.00190422   0.0021282
          19   -0.003156 -0.00197011  0.00201415
          20    -0.00628  -0.0021856  0.00192291
           1    0.068572    0.068572           0
           2    0.069228      0.0689    0.000328
           3    0.052136    0.063312  0.00559121
           4    0.047252    0.059297  0.00563481
           5    0.068568   0.0611512  0.00474222
           6    0.048404   0.0590267  0.00441657
           7     0.05282     0.05814  0.00383655
           8    0.084152   0.0613915  0.00464883
           9    0.076144   0.0630307  0.00441541
          10    0.060964    0.062824  0.00395467
          11    0.050184   0.0616749  0.00375717
          12    0.074668   0.0627577  0.00359666
          13    0.058744   0.0624489  0.00332282
          14    0.053228   0.0617903  0.00314605
          15    0.049348   0.0609608  0.00304401
          16     0.05944   0.0608658  0.00284899
          17    0.053744   0.0604468  0.00270876
          18    0.061648   0.0605136  0.00255471
          19     0.04962   0.0599402   0.0024836
          20    0.067556    0.060321  0.00238672
           1   -0.005128   -0.005128           0
           2   -0.014904   -0.010016    0.004888
           3   -0.007224 -0.00908533  0.00297159
           4   -0.009856   -0.009278  0.00211004
           5    0.002752   -0.006872  0.00290864
           6   -0.004996 -0.00655933  0.00239539
           7   -0.003248 -0.00608629  0.00207901
           8   -0.000564   -0.005396  0.00192826
           9    0.001404 -0.00464044  0.00186086
          10       0.003  -0.0038764  0.00183139
          11    -0.02264 -0.00558218  0.00237779
          12     0.00684   -0.004547  0.00240482
          13    0.005584 -0.00376769  0.00234537
          14    -0.00218 -0.00365429  0.00217435
          15    0.005592 -0.00303787  0.00211599
          16    0.003144  -0.0026515  0.00201668
          17   -0.007288 -0.00292424  0.00191388
          18   -0.000504 -0.00278978  0.00180942
          19    0.013076 -0.00195474  0.00190438
          20   -0.006344  -0.0021742  0.00181994
           1     0.04396     0.04396           0
           2    0.046736    0.045348    0.001388
           3    0.043104      0.0446  0.00109621
           4    0.045872    0.044918 0.000837835
           5    0.056144   0.0471632  0.00233711
           6    0.047796   0.0472687  0.00191116
           7    0.046656   0.0471811  0.00161759
           8    0.063096   0.0491705   0.0024331
           9    0.072532   0.0517662  0.00336782
          10     0.07784   0.0543736  0.00398399
          11    0.055012   0.0544316  0.00360412
          12     0.06952    0.055689  0.00352218
          13    0.047804   0.0550825  0.00329622
          14    0.041284   0.0540969  0.00320692
          15    0.059676   0.0544688  0.00300856
          16    0.051724   0.0542972  0.00281947
          17    0.057104   0.0544624  0.00265357
          18    0.065036   0.0550498  0.00256985
          19    0.055072   0.0550509  0.00243083
          20    0.055116   0.0550542  0.00230609
           1   -0.006172   -0.006172           0
           2    0.011304    0.002566    0.008738
           3   -0.004512 0.000206667  0.00556932
           4      0.0018    0.000605   0.0039582
           5    0.002308   0.0009456  0.00308487
           6    0.004948  0.00161267  0.00260562
           7   -0.003064 0.000944571  0.00230126
           8   -0.001576   0.0006295   0.0020177
           9    -0.00142 0.000401778  0.00179396
          10   -0.007496   -0.000388   0.0017884
          11    0.012488 0.000782545  0.00199676
          12    0.003072 0.000973333  0.00183274
          13    0.017188  0.00222062  0.00209711
          14    0.007512  0.00259857    0.001978
          15     -0.0207  0.00104533  0.00240901
          16   -0.012168   0.0002195  0.00239999
          17   -0.001472     0.00012  0.00225659
          18    0.002496    0.000252  0.00213162
          19   -0.012532-0.000420842  0.00212562
          20      0.0023  -0.0002848  0.00202112
           1    0.042776    0.042776           0
           2      0.0516    0.047188    0.004412
           3    0.032132   0.0421693  0.00562811
           4     0.05326    0.044942  0.00485031
           5    0.050884   0.0461304  0.00394051
           6     0.04354   0.0456987  0.00324625
           7    0.049648   0.0462629  0.00280099
           8    0.066916   0.0488445  0.00354246
           9    0.066504   0.0508067  0.00368924
          10    0.064088   0.0521348  0.00355701
          11      0.0482   0.0517771  0.00323726
          12    0.064648   0.0528497  0.00314382
          13     0.05096   0.0527043  0.00289555
          14    0.058132    0.053092  0.00270864
          15    0.044028   0.0524877    0.002593
          16    0.057104   0.0527763  0.00244263
          17     0.03712   0.0518553  0.00247238
          18    0.077396   0.0532742  0.00272889
          19    0.046384   0.0529116  0.00260662
          20    0.050332   0.0527826  0.00247622
           1   -0.010676   -0.010676           0
           2   -0.010336   -0.010506     0.00017
           3   -0.003552   -0.008188  0.00232008
           4    -0.00744   -0.008001  0.00165117
           5     5.2e-05  -0.0063904  0.00205666
           6     0.00692   -0.004172   0.0027823
           7    0.009568 -0.00220914  0.00306304
           8   -0.002056    -0.00219  0.00265274
           9    -0.00146 -0.00210889   0.0023409
          10    0.010224  -0.0008756  0.00242999
          11   -0.004272 -0.00118436  0.00221959
          12    0.000396 -0.00105267  0.00203048
          13    -0.00156 -0.00109169  0.00186817
          14   -0.004056 -0.00130343  0.00174251
          15    0.003848    -0.00096  0.00165814
          16    -0.01066 -0.00156625  0.00166532
          17   -0.015236 -0.00237035  0.00175886
          18   -0.008508 -0.00271133  0.00169297
          19   -0.011508 -0.00317432  0.00166697
          20    0.005524  -0.0027394  0.00164014
           1     0.05198     0.05198           0
           2     0.04622      0.0491     0.00288
           3     0.04666   0.0482867  0.00185103
           4     0.04884    0.048425  0.00131617
           5      0.0468      0.0481  0.00107005
           6    0.037908   0.0464013  0.00191018
           7    0.054012   0.0474886  0.00194637
           8     0.04984   0.0477825  0.00171104
           9    0.055804   0.0486738  0.00175256
          10    0.060312   0.0498376  0.00195234
          11    0.047608   0.0496349  0.00177756
          12    0.050804   0.0497323   0.0016256
          13      0.0495   0.0497145  0.00149544
          14    0.055052   0.0500957  0.00143604
          15     0.04932    0.050044  0.00133788
          16    0.047364   0.0498765  0.00126264
          17    0.039264   0.0492522   0.0013403
          18    0.058432   0.0497622  0.00136268
          19    0.052252   0.0498933  0.00129561
          20    0.048844   0.0498408  0.00123024
           1    -0.01086    -0.01086           0
           2    -0.00154     -0.0062     0.00466
           3    0.005176   -0.002408  0.00464949
           4    0.002772   -0.001113  0.00353354
           5     -0.0095  -0.0027904  0.00321018
           6    0.012216-0.000289333  0.00362291
           7    0.009008  0.00103886  0.00333758
           8   -0.010592   -0.000415  0.00323547
           9   -0.003172-0.000721333  0.00286981
          10    0.009172    0.000268   0.0027509
          11    0.007204 0.000898545  0.00256693
          12   -0.002096    0.000649  0.00235653
          13   -0.006596 9.16923e-05  0.00223818
          14    0.000812 0.000143143  0.00207279
          15   -0.004764   -0.000184   0.0019572
          16   -0.010804 -0.00084775   0.0019474
          17    0.011316-0.000132235  0.00196422
          18    0.003052 4.46667e-05  0.00186032
          19   -0.002608-9.49474e-05  0.00176521
          20   -0.005984  -0.0003894  0.00170032
           1    0.045156    0.045156           0
           2    0.028616    0.036886     0.00827
           3    0.036752   0.0368413   0.0047749
           4    0.056412    0.041734  0.00594458
           5    0.046796   0.0427464  0.00471463
           6    0.044868      0.0431  0.00386569
           7    0.050552   0.0441646  0.00343617
           8    0.045848    0.044375  0.00298324
           9    0.050132   0.0450147  0.00270762
          10    0.040372   0.0445504  0.00246587
          11    0.031288   0.0433447  0.00253547
          12    0.033092   0.0424903  0.00246722
          13    0.037868   0.0421348  0.00229719
          14    0.049272   0.0426446  0.00218703
          15    0.047796    0.042988  0.00206478
          16     0.04788   0.0432937  0.00195548
          17      0.0519      0.0438  0.00190534
          18    0.045468   0.0438927  0.00179876
          19    0.049576   0.0441918  0.00172755
          20    0.048208   0.0443926  0.00165115
           1   -0.016792   -0.016792           0
           2   -0.022504   -0.019648    0.002856
           3     0.00292  -0.0121253  0.00770126
           4    0.003696    -0.00817  0.00673048
           5    0.005376  -0.0054608  0.00587532
           6     0.00732 -0.00333067  0.00524885
           7   -0.005576 -0.00365143  0.00444767
           8    -0.01666  -0.0052775  0.00418096
           9   -0.001212 -0.00482578  0.00371483
          10   -0.000388   -0.004382  0.00335215
          11   -0.001184 -0.00409127  0.00304604
          12    0.000696 -0.00369233  0.00280911
          13    0.011852 -0.00249662  0.00284725
          14   -0.000252 -0.00233629  0.00264091
          15     0.00692  -0.0017192  0.00253481
          16    0.007356   -0.001152    0.002438
          17    0.006588-0.000696706  0.00233492
          18    0.011464-2.11111e-05  0.00230272
          19    0.001632 6.58947e-05  0.00217989
          20   -0.001852      -3e-05  0.00207025
           1    0.054584    0.054584           0
           2      0.0391    0.046842    0.007742
           3    0.044104   0.0459293  0.00456207
           4     0.04312    0.045227  0.00330144
           5     0.04952   0.0460856  0.00269757
           6    0.053444    0.047312  0.00252098
           7     0.04976   0.0476617  0.00215912
           8    0.057952    0.048948  0.00226956
           9    0.035144   0.0474142  0.00252165
          10    0.053212    0.047994  0.00232876
          11    0.036452   0.0469447  0.00235331
          12    0.038132   0.0462103  0.00227033
          13     0.03754   0.0455434  0.00219231
          14    0.049336   0.0458143  0.00204769
          15    0.046232   0.0458421  0.00190649
          16    0.040012   0.0454778  0.00182021
          17    0.039336   0.0451165  0.00174754
          18    0.047388   0.0452427  0.00165242
          19    0.043272   0.0451389  0.00156647
          20     0.04412    0.045088  0.00148696
           1      -4e-05      -4e-05           0
           2     0.00548     0.00272     0.00276
           3    0.012956    0.006132  0.00376576
           4    0.003176    0.005393  0.00276344
           5   -0.008256   0.0026632  0.00346897
           6     0.00012  0.00223933  0.00286394
           7    0.002688  0.00230343  0.00242132
           8    0.024368   0.0050615  0.00346469
           9    0.002868  0.00481778  0.00306527
          10    0.008472   0.0051832  0.00276591
          11    0.000868  0.00479091  0.00253243
          12    -0.00014     0.00438  0.00234801
          13   -0.004588  0.00369015  0.00226735
          14   -0.002716  0.00323257  0.00214845
          15     0.01022   0.0036984  0.00205363
          16    0.001028   0.0035315  0.00192823
          17    0.004208  0.00357129   0.0018117
          18    -0.00448    0.003124  0.00176568
          19    0.009416  0.00345516  0.00170268
          20     0.00588   0.0035764  0.00161985
           1     0.04122     0.04122           0
           2    0.038308    0.039764    0.001456
           3    0.043052     0.04086  0.00138125
           4    0.038172    0.040188  0.00118554
           5    0.044196   0.0409896  0.00121896
           6    0.047768   0.0421193  0.00150562
           7    0.037712   0.0414897  0.00141972
           8    0.055068    0.043187  0.00209583
           9    0.057856   0.0448169  0.00246433
          10    0.045008    0.044836  0.00220425
          11    0.034668   0.0439116  0.00219767
          12     0.04098   0.0436673  0.00202101
          13    0.033708   0.0429012  0.00201072
          14    0.045308   0.0430731  0.00186949
          15    0.046096   0.0432747  0.00175203
          16    0.033468   0.0426617  0.00174973
          17       0.024    0.041564  0.00197647
          18    0.039652   0.0414578  0.00186646
          19    0.045052   0.0416469   0.0017756
          20    0.030724   0.0411008  0.00177081
           1    0.000976    0.000976           0
           2    0.008556    0.004766     0.00379
           3   -0.007092 0.000813333  0.00451792
           4    0.002872    0.001328  0.00323584
           5   -0.013012    -0.00154  0.00380892
           6   -0.008356   -0.002676  0.00331095
           7    -0.00522 -0.00303943  0.00282176
           8    0.012368  -0.0011135  0.00311143
           9   -0.000696 -0.00106711  0.00274441
          10   -0.005432  -0.0015036  0.00249318
          11   -0.006232 -0.00193345  0.00229577
          12   -0.002264   -0.001961  0.00209592
          13    0.001192 -0.00171846  0.00194316
          14   -0.007796 -0.00215257  0.00185066
          15    0.001648  -0.0018992   0.0017414
          16    0.002312   -0.001636  0.00165006
          17   -0.000496 -0.00156894  0.00155141
          18   -0.008072 -0.00193022  0.00150664
          19    0.003848 -0.00162611  0.00145722
          20     -0.0091  -0.0019998  0.00143206
           1    0.038276    0.038276           0
           2    0.027296    0.032786     0.00549
           3     0.03338    0.032984  0.00317583
           4     0.03946    0.034603  0.00276841
           5     0.04194   0.0360704  0.00259841
           6    0.047504    0.037976  0.00285175
           7      0.0446   0.0389223  0.00258928
           8    0.044904     0.03967  0.00236376
           9    0.056976   0.0415929  0.00283606
          10    0.049804    0.042414  0.00266623
          11    0.040836   0.0422705  0.00241596
          12    0.037092    0.041839  0.00224728
          13      0.0359   0.0413822  0.00211708
          14    0.045376   0.0416674  0.00198069
          15    0.052696   0.0424027   0.0019851
          16    0.037416    0.042091  0.00188286
          17     0.02738   0.0412256  0.00196899
          18    0.044704   0.0414189  0.00186641
          19    0.036328   0.0411509  0.00178567
          20    0.035976   0.0408922  0.00171368
           1   -0.004316   -0.004316           0
           2   -0.000172   -0.002244    0.002072
           3   -0.005836 -0.00344133  0.00169253
           4    -0.00336   -0.003421  0.00119697
           5   -0.002876   -0.003312 0.000933557
           6   -0.001816 -0.00306267 0.000801989
           7   -0.004216 -0.00322743 0.000697543
           8      0.0015  -0.0026365 0.000845057
           9    0.005316 -0.00175289  0.00115594
          10    0.008864  -0.0006912  0.00148194
          11   -0.007264 -0.00128873  0.00146761
          12    -0.00818   -0.001863  0.00145763
          13   -0.002328 -0.00189877   0.0013413
          14      0.0006 -0.00172029  0.00125457
          15    0.004244 -0.00132267  0.00123377
          16   -0.003624  -0.0014665  0.00116301
          17     0.00876-0.000864941  0.00124713
          18    0.001908-0.000710889  0.00118586
          19   -0.000768-0.000713895  0.00112171
          20    0.000324   -0.000662  0.00106541
           1    0.038268    0.038268           0
           2    0.044868    0.041568      0.0033
           3    0.036116   0.0397507    0.002633
           4    0.028592    0.036961  0.00335389
           5    0.041644   0.0378976  0.00276159
           6    0.035888   0.0375627  0.00227957
           7    0.032692   0.0368669  0.00204839
           8    0.046484    0.038069  0.00214291
           9    0.043164   0.0386351  0.00197284
          10    0.036948   0.0384664  0.00177261
          11    0.044964   0.0390571  0.00170873
          12    0.041992   0.0393017  0.00157891
          13    0.038692   0.0392548  0.00145314
          14    0.035028   0.0389529  0.00137881
          15    0.037844   0.0388789  0.00128573
          16    0.051928   0.0396945  0.00145314
          17    0.040756   0.0397569  0.00136641
          18    0.045476   0.0400747  0.00132687
          19    0.034164   0.0397636  0.00129307
          20    0.036632    0.039607  0.00123666
           1    0.000824    0.000824           0
           2   -0.001132   -0.000154    0.000978
           3   -0.000432-0.000246667 0.000572202
           4   -0.003416   -0.001039 0.000889663
           5    0.002732  -0.0002848  0.00102162
           6    -0.01144   -0.002144  0.00203775
           7   -0.000912   -0.001968  0.00173119
           8   -0.001244  -0.0018775  0.00150198
           9     6.4e-05 -0.00166178  0.00134207
          10    -7.6e-05  -0.0015032  0.00121081
          11   -0.000496 -0.00141164  0.00109904
          12   -0.000248 -0.00131467  0.00100796
          13    0.009748-0.000463692  0.00125851
          14    0.009736 0.000264857  0.00137418
          15    0.002676   0.0004256  0.00128935
          16    0.010812  0.00107475  0.00136967
          17    0.008844  0.00153176  0.00136534
          18    0.010496  0.00202978  0.00138024
          19   -0.004336  0.00169474  0.00134788
          20   -0.001268   0.0015466  0.00128726
           1     0.03986     0.03986           0
           2    0.041252    0.040556    0.000696
           3    0.040124    0.040412 0.000426858
           4     0.02754    0.037194  0.00323212
           5    0.039084    0.037572  0.00253197
           6     0.04648   0.0390567  0.00254522
           7     0.03352   0.0382657  0.00229191
           8    0.044684    0.039068  0.00214086
           9    0.033256   0.0384222  0.00199545
          10    0.040248   0.0386048   0.0017941
          11     0.05816   0.0403825  0.00240706
          12    0.034004    0.039851  0.00226071
          13    0.036896   0.0396237  0.00209194
          14    0.042544   0.0398323  0.00194796
          15    0.033064   0.0393811  0.00186874
          16    0.039356   0.0393795  0.00174805
          17    0.031292   0.0389038  0.00170954
          18     0.03302   0.0385769  0.00164458
          19     0.01748   0.0374665  0.00191124
          20     0.03476   0.0373312  0.00181821
           1   -0.002968   -0.002968           0
           2    0.010724    0.003878    0.006846
           3   -0.006048 0.000569333  0.00515459
           4   -0.006612   -0.001226  0.00406302
           5    0.008044    0.000628   0.0036527
           6   -0.001424    0.000286  0.00300196
           7   -0.008808 -0.00101314  0.00285039
           8   -0.004568  -0.0014575  0.00250819
           9    0.003428-0.000914667  0.00227765
          10    0.007156  -0.0001076  0.00219123
          11   -0.002204-0.000298182  0.00199119
          12   -0.000332   -0.000301   0.0018177
          13    0.001888-0.000132615   0.0016805
          14    0.008108    0.000456  0.00166346
          15   -0.010924-0.000302667  0.00172445
          16     -0.0005   -0.000315  0.00161312
          17     0.01322 0.000481176   0.0017117
          18   -0.004264 0.000217556   0.0016352
          19    0.007872 0.000620421  0.00159835
          20     -0.0017   0.0005044  0.00152076
           1    0.038636    0.038636           0
           2    0.042144     0.04039    0.001754
           3    0.036864   0.0392147  0.00155142
           4    0.026064    0.035927  0.00346586
           5     0.03606   0.0359536  0.00268478
           6    0.042712     0.03708  0.00246458
           7    0.033724   0.0366006  0.00213741
           8    0.035384   0.0364485  0.00185729
           9    0.036308   0.0364329  0.00163805
          10    0.038948   0.0366844  0.00148655
          11    0.041708   0.0371411  0.00142007
          12    0.029476   0.0365023  0.00144517
          13    0.026568   0.0357382  0.00153335
          14    0.049564   0.0367257  0.00172933
          15    0.040228   0.0369592  0.00162676
          16    0.041992   0.0372738  0.00155386
          17    0.031828   0.0369534  0.00149434
          18    0.034632   0.0368244  0.00141477
          19     0.03312   0.0366295  0.00135236
          20      0.0296    0.036278  0.00133024
           1   -0.003456   -0.003456           0
           2     0.00238   -0.000538    0.002918
           3    -0.00344 -0.00150533  0.00194267
           4   -0.009284    -0.00345  0.00238091
           5   -0.005552  -0.0038704  0.00189155
           6   -0.011672 -0.00517067  0.00201891
           7    0.004508   -0.003788  0.00219618
           8    -0.00972  -0.0045295  0.00204138
           9    0.008568 -0.00307422  0.00231495
          10   -0.002848  -0.0030516  0.00207068
          11    0.011096 -0.00176545  0.00227207
          12    -0.00168 -0.00175833  0.00207412
          13    0.001176 -0.00153262  0.00192122
          14     0.00186 -0.00129029  0.00179513
          15    0.000388  -0.0011784  0.00167492
          16       0.003 -0.00091725  0.00158836
          17    0.006072-0.000506118  0.00154761
          18     4.8e-05-0.000475333  0.00145943
          19   -0.001684-0.000538947  0.00138195
          20     0.00616   -0.000204  0.00135314
           1    0.041372    0.041372           0
           2    0.040076    0.040724    0.000648
           3    0.029184   0.0368773  0.00386482
           4    0.033796    0.036107  0.00283933
           5    0.038328   0.0365512  0.00224375
           6    0.037704   0.0367433  0.00184206
           7    0.035144   0.0365149   0.0015735
           8    0.037796    0.036675  0.00137207
           9    0.028876   0.0358084  0.00148834
          10    0.031028   0.0353304  0.00141444
          11       0.038   0.0355731  0.00130222
          12    0.027416   0.0348933  0.00136939
          13     0.04176   0.0354215  0.00136592
          14    0.043636   0.0360083  0.00139408
          15    0.032492   0.0357739  0.00131882
          16    0.041664    0.036142   0.0012874
          17    0.028984   0.0357209  0.00128051
          18    0.030008   0.0354036   0.0012483
          19     0.03428   0.0353444  0.00118225
          20    0.025724   0.0348634  0.00122038
           1   -0.002776   -0.002776           0
           2    0.006872    0.002048    0.004824
           3   -0.006324-0.000742667  0.00394269
           4    0.003028      0.0002  0.00294296
           5     0.00158    0.000476  0.00229626
           6    0.007556    0.001656  0.00221531
           7    0.003496  0.00191886  0.00189064
           8   -0.011028   0.0003005  0.00230217
           9    0.003316 0.000635556  0.00205778
          10     0.00374    0.000946  0.00186653
          11    0.009964  0.00176582  0.00187686
          12   -0.012724 0.000558333  0.00209607
          13     0.00594 0.000972308  0.00197205
          14   -0.008428 0.000300857  0.00194531
          15    -0.00406 1.01333e-05  0.00183418
          16   -0.003644 -0.00021825  0.00173085
          17    0.009088 0.000329176  0.00171553
          18   -0.000804 0.000266222  0.00161865
          19    0.002328 0.000374737  0.00153493
          20   -0.006292    4.14e-05  0.00149383
           1    0.033228    0.033228           0
           2    0.025308    0.029268     0.00396
           3    0.024468    0.027668  0.00279056
           4     0.03524    0.029561  0.00273442
           5     0.03402   0.0304528  0.00229816
           6    0.034044   0.0310513  0.00196959
           7    0.037284   0.0319417  0.00188777
           8    0.033904    0.032187  0.00165316
           9     0.03128   0.0320862  0.00146143
          10     0.03116   0.0319936  0.00131042
          11      0.0389   0.0326215  0.00134133
          12    0.023296   0.0318443  0.00145025
          13    0.026812   0.0314572  0.00138907
          14    0.034556   0.0316786  0.00130493
          15    0.030032   0.0315688  0.00121978
          16    0.026308     0.03124  0.00118743
          17    0.029716   0.0311504  0.00111899
          18    0.037208   0.0314869  0.00110737
          19    0.030008   0.0314091  0.00105036
          20      0.0213   0.0309036  0.00111732
           1   -0.002456   -0.002456           0
           2    0.009252    0.003398    0.005854
           3    0.005524  0.00410667   0.0034533
           4   -0.001028    0.002823  0.00275871
           5     -0.0088   0.0004984  0.00315754
           6   -0.008324   -0.000972  0.00296796
           7    0.000192-0.000805714  0.00251389
           8   -0.001888   -0.000941  0.00218129
           9    0.000972-0.000728444  0.00193542
          10    -0.00344  -0.0009996   0.0017522
          11    0.001904-0.000735636  0.00160676
          12    0.007652-3.66667e-05  0.00162479
          13    0.003332 0.000222462  0.00151689
          14    0.005352 0.000588857  0.00145138
          15    -9.6e-05   0.0005432  0.00135193
          16   -0.006112  0.00012725  0.00133126
          17      0.0071 0.000537412  0.00131605
          18    -0.00872 2.31111e-05  0.00134315
          19    0.011124 0.000607368   0.0013984
          20      0.0104    0.001097  0.00141411
           1    0.031348    0.031348           0
           2    0.024812     0.02808    0.003268
           3     0.02652     0.02756  0.00195713
           4    0.036516    0.029799  0.00263216
           5    0.025044    0.028848  0.00224975
           6     0.02988     0.02902  0.00184495
           7    0.038736    0.030408  0.00208755
           8     0.02592    0.029847  0.00189291
           9    0.038876   0.0308502  0.00194764
          10    0.042892   0.0320544  0.00211771
          11    0.034404    0.032268  0.00192741
          12    0.028972   0.0319933  0.00178079
          13     0.03038   0.0318692  0.00164278
          14    0.033236   0.0319669  0.00152405
          15    0.020636   0.0312115  0.00160737
          16      0.0369    0.031567  0.00154502
          17     0.01816   0.0307784  0.00165173
          18    0.029056   0.0306827  0.00156021
          19    0.027944   0.0305385  0.00148283
          20    0.019216   0.0299724  0.00151638
           1    0.002876    0.002876           0
           2    0.003716    0.003296     0.00042
           3     -0.0016    0.001664  0.00164992
           4   -0.009872    -0.00122  0.00311104
           5    -0.00694   -0.002364  0.00266756
           6    0.004512   -0.001218  0.00246114
           7    0.003012-0.000613714  0.00216605
           8    0.009272    0.000622  0.00224629
           9    0.011428  0.00182267  0.00231649
          10    0.001524   0.0017928  0.00207215
          11   -0.001276  0.00151382  0.00189497
          12    0.000292    0.001412  0.00173286
          13   -0.002572  0.00110554  0.00162319
          14    0.009104  0.00167686  0.00160772
          15    0.000196  0.00157813  0.00149996
          16   -0.012608   0.0006915  0.00165975
          17    0.000588 0.000685412  0.00155907
          18   -0.005404 0.000347111  0.00150834
          19    0.001028 0.000382947  0.00142719
          20   -0.000676     0.00033  0.00135499
           1    0.028892    0.028892           0
           2    0.031084    0.029988    0.001096
           3      0.0231    0.027692   0.0023816
           4     0.03164    0.028679  0.00195197
           5    0.028232   0.0285896  0.00151463
           6    0.026584   0.0282553  0.00128107
           7    0.031876   0.0287726  0.00119991
           8      0.0248    0.028276   0.0011517
           9    0.029072   0.0283644  0.00101955
          10    0.028896   0.0284176 0.000913459
          11    0.036984   0.0291964  0.00113542
          12    0.031564   0.0293937   0.0010551
          13    0.031232   0.0295351 0.000980799
          14    0.025988   0.0292817 0.000942728
          15    0.028604   0.0292365 0.000878794
          16    0.035908   0.0296535  0.00092174
          17     0.04116   0.0303304  0.00109899
          18     0.03172   0.0304076  0.00103901
          19    0.015316   0.0296133  0.00126365
          20    0.024092   0.0293372  0.00123018
           1     0.00406     0.00406           0
           2    -0.00254     0.00076      0.0033
           3    0.004956  0.00215867  0.00236353
           4   -0.012772   -0.001574  0.00408974
           5   -0.004708  -0.0022008  0.00322931
           6   -0.002984 -0.00233133  0.00263995
           7   -0.002116 -0.00230057  0.00223138
           8    0.002364  -0.0017175  0.00201848
           9   -0.004808 -0.00206089  0.00181295
          10   -0.001088  -0.0019636  0.00162447
          11   -0.000432 -0.00182436  0.00147597
          12    0.003256   -0.001401  0.00141232
          13    0.001504 -0.00117754  0.00131822
          14    -2.8e-05 -0.00109543  0.00122319
          15   -0.007532 -0.00152453   0.0012169
          16   -0.000148  -0.0014385  0.00114155
          17     0.00108 -0.00129035  0.00108248
          18    0.008744-0.000732889   0.0011629
          19    0.001372-0.000622105  0.00110556
          20   -0.004876  -0.0008348  0.00107018
           1    0.033272    0.033272           0
           2    0.034188     0.03373    0.000458
           3    0.031468    0.032976 0.000799023
           4     0.03876    0.034422  0.00155246
           5     0.02552   0.0326416  0.00214847
           6    0.018248   0.0302427  0.00297189
           7    0.024192   0.0293783  0.00265628
           8    0.035196   0.0301055  0.00241262
           9    0.034428   0.0305858  0.00218126
          10    0.025184   0.0300456  0.00202438
          11    0.029744   0.0300182  0.00183132
          12    0.024804   0.0295837  0.00172731
          13    0.037228   0.0301717  0.00169421
          14      0.0341   0.0304523  0.00159343
          15    0.012904   0.0292824  0.00188921
          16    0.032392   0.0294767  0.00177785
          17    0.032564   0.0296584  0.00167985
          18    0.030028   0.0296789  0.00158391
          19    0.020612   0.0292017  0.00157239
          20    0.028668    0.029175  0.00149194
           1     0.00368     0.00368           0
           2    0.002068    0.002874    0.000806
           3   -0.003932 0.000605333   0.0023159
           4    0.003208    0.001256  0.00176212
           5    0.006528   0.0023104  0.00172476
           6      -6e-05  0.00191533  0.00146263
           7   -0.012596-0.000157714  0.00241362
           8   -0.005692  -0.0008495  0.00220176
           9    0.001876-0.000546667  0.00196524
          10    0.005532    6.12e-05  0.00185991
          11    0.002632 0.000294909   0.0016985
          12   -0.006452-0.000267333  0.00164931
          13   -0.005588-0.000676615  0.00157138
          14      -8e-05   -0.000634  0.00145544
          15     0.00474-0.000275733   0.0014015
          16    0.013996  0.00061625  0.00158566
          17    0.003836 0.000805647  0.00150146
          18   -0.004308 0.000521556  0.00144382
          19   -0.006936 0.000129053    0.001421
          20    0.000336   0.0001394  0.00134812
           1    0.031276    0.031276           0
           2    0.024508    0.027892    0.003384
           3    0.024488   0.0267573  0.00225934
           4    0.030376    0.027662  0.00183596
           5    0.021092    0.026348  0.00193624
           6    0.016316    0.024676  0.00230107
           7    0.028484     0.02522  0.00201941
           8     0.03146       0.026  0.00191492
           9    0.038032   0.0273369  0.00215391
          10    0.029224   0.0275256  0.00193574
          11    0.040644   0.0287182   0.0021185
          12    0.027908   0.0286507  0.00193509
          13      0.0345   0.0291006  0.00183602
          14    0.029296   0.0291146  0.00169988
          15    0.017744   0.0283565  0.00175469
          16    0.033244    0.028662  0.00166954
          17      0.0298   0.0287289  0.00156969
          18    0.034032   0.0290236  0.00150896
          19    0.021784   0.0286425  0.00147731
          20    0.025116   0.0284662  0.00141255
