           1   -0.965304   -0.965304           0
           2   -0.981144   -0.973224     0.00792
           3   -0.976552   -0.974333  0.00470525
           4   -0.971808   -0.973702  0.00338649
           5   -0.969624   -0.972886  0.00274703
           6     -0.9688   -0.972205  0.00234406
           7    -0.96656   -0.971399  0.00213896
           8   -0.975104   -0.971862  0.00190941
           9   -0.978328    -0.97258   0.0018308
          10   -0.971896   -0.972512  0.00163895
          11   -0.973624   -0.972613  0.00148593
          12    -0.97256   -0.972609  0.00135647
          13   -0.973112   -0.972647  0.00124837
          14   -0.964048   -0.972033  0.00130885
          15   -0.976048   -0.972301  0.00124752
          16   -0.975472   -0.972499  0.00118366
          17   -0.971832    -0.97246  0.00111255
          18    -0.97996   -0.972876  0.00112865
          19   -0.977192   -0.973104  0.00109149
          20     -0.9806   -0.973478  0.00110123
           1    -1.00684    -1.00684           0
           2    -1.00282    -1.00483  0.00200704
           3     -1.0033    -1.00432  0.00126625
           4    -1.00348    -1.00411 0.000919533
           5   -0.997428    -1.00277   0.0015144
           6   -0.998705     -1.0021  0.00141021
           7   -0.999871    -1.00178  0.00123348
           8    -1.00667    -1.00239  0.00123079
           9   -0.998773    -1.00199  0.00115743
          10   -0.999314    -1.00172  0.00106919
          11    -1.00933    -1.00241  0.00118897
          12   -0.997623    -1.00201  0.00115641
          13    -1.00024    -1.00188  0.00107248
          14   -0.999853    -1.00173  0.00100338
          15   -0.991462    -1.00105  0.00115814
          16    -1.00808    -1.00149  0.00116904
          17    -1.00836    -1.00189  0.00117015
          18    -1.00436    -1.00203  0.00111174
          19    -1.00441    -1.00215  0.00105904
          20     -1.0007    -1.00208  0.00100731
           1   -0.958664   -0.958664           0
           2   -0.968472   -0.963568    0.004904
           3   -0.966112   -0.964416  0.00295559
           4    -0.96368   -0.964232    0.002098
           5    -0.95176   -0.961738  0.00297708
           6   -0.959184   -0.961312  0.00246775
           7    -0.94636   -0.959176  0.00298536
           8   -0.957776   -0.959001  0.00259131
           9   -0.961952   -0.959329  0.00230872
          10   -0.957272   -0.959123   0.0020752
          11   -0.963672   -0.959537   0.0019221
          12   -0.960192   -0.959591  0.00175548
          13   -0.949848   -0.958842  0.00178026
          14   -0.953624   -0.958469  0.00168982
          15   -0.961384   -0.958663  0.00158509
          16   -0.956352   -0.958519  0.00148974
          17   -0.952336   -0.958155  0.00144586
          18   -0.960712   -0.958297  0.00137055
          19   -0.964288   -0.958613   0.0013342
          20   -0.961328   -0.958748  0.00127299
           1   -0.985651   -0.985651           0
           2   -0.996099   -0.990875    0.005224
           3   -0.996226   -0.992659  0.00350395
           4   -0.988608   -0.991646  0.00267664
           5   -0.991767    -0.99167  0.00207346
           6    -0.98839   -0.991124  0.00177907
           7   -0.991019   -0.991109  0.00150366
           8   -0.992407   -0.991271  0.00131228
           9   -0.988509   -0.990964  0.00119733
          10   -0.978811   -0.989749  0.00161982
          11    -1.00046   -0.990723  0.00175925
          12    -0.99543   -0.991115   0.0016532
          13   -0.982149   -0.990425   0.0016698
          14   -0.990471   -0.990429  0.00154594
          15   -0.986462   -0.990164  0.00146329
          16   -0.990099    -0.99016  0.00136879
          17   -0.989087   -0.990097   0.0012873
          18   -0.993225   -0.990271  0.00122606
          19   -0.992205   -0.990373  0.00116419
          20   -0.990534   -0.990381  0.00110448
           1   -0.938136   -0.938136           0
           2    -0.94648   -0.942308    0.004172
           3   -0.952616   -0.945744  0.00419618
           4   -0.943008    -0.94506  0.00304497
           5   -0.942704   -0.944589  0.00240523
           6    -0.93572   -0.943111  0.00245797
           7   -0.933592   -0.941751  0.00248285
           8   -0.941328   -0.941698  0.00215086
           9   -0.941848   -0.941715  0.00189695
          10    -0.94124   -0.941667  0.00169735
          11   -0.947792   -0.942224  0.00163316
          12    -0.94928   -0.942812  0.00160263
          13    -0.94232   -0.942774  0.00147469
          14   -0.939992   -0.942575  0.00137968
          15   -0.951232   -0.943153  0.00140811
          16   -0.944848   -0.943258  0.00132142
          17   -0.945032   -0.943363  0.00124564
          18   -0.949544   -0.943706  0.00122357
          19   -0.952776   -0.944184  0.00125196
          20   -0.942728   -0.944111  0.00118994
           1   -0.975011   -0.975011           0
           2   -0.972325   -0.973668   0.0013432
           3   -0.982715   -0.976683  0.00311372
           4   -0.974063   -0.976028   0.0022971
           5   -0.974926   -0.975808  0.00179294
           6   -0.966461    -0.97425  0.00213767
           7   -0.973581   -0.974154  0.00180919
           8   -0.970456   -0.973692  0.00163359
           9   -0.975284   -0.973869  0.00145151
          10   -0.967528   -0.973235  0.00144486
          11   -0.988674   -0.974638   0.0019178
          12   -0.975052   -0.974673  0.00175105
          13   -0.971964   -0.974465  0.00162415
          14    -0.97623   -0.974591  0.00150895
          15   -0.969587   -0.974257  0.00144382
          16   -0.983326   -0.974824   0.0014647
          17   -0.974566   -0.974809  0.00137593
          18   -0.979635   -0.975077  0.00132466
          19   -0.968602   -0.974736  0.00129852
          20   -0.978596   -0.974929  0.00124691
           1   -0.932472   -0.932472           0
           2   -0.928184   -0.930328    0.002144
           3    -0.93648   -0.932379   0.0023953
           4   -0.928656   -0.931448  0.00193258
           5   -0.921848   -0.929528  0.00243461
           6   -0.921296   -0.928156  0.00241535
           7    -0.91716   -0.926585  0.00257579
           8   -0.920736   -0.925854  0.00234746
           9   -0.930528   -0.926373  0.00213441
          10    -0.92772   -0.926508  0.00191382
          11   -0.923344    -0.92622  0.00175485
          12   -0.929032   -0.926455    0.001619
          13   -0.927344   -0.926523  0.00149083
          14    -0.92464   -0.926389  0.00138678
          15    -0.93108   -0.926701  0.00132836
          16   -0.926096   -0.926663  0.00124315
          17   -0.929152    -0.92681  0.00117687
          18     -0.9334   -0.927176  0.00116841
          19   -0.934712   -0.927573  0.00117422
          20   -0.934008   -0.927894   0.0011595
           1   -0.949449   -0.949449           0
           2    -0.95637    -0.95291  0.00346036
           3   -0.955567   -0.953795  0.00218542
           4   -0.952399   -0.953446  0.00158429
           5   -0.948028   -0.952363  0.00163717
           6   -0.952633   -0.952408   0.0013375
           7   -0.955862   -0.952901  0.00123342
           8   -0.956764   -0.953384  0.00117225
           9   -0.953759   -0.953426  0.00103466
          10   -0.951389   -0.953222  0.00094757
          11   -0.962002    -0.95402  0.00117122
          12   -0.963671   -0.954824  0.00133789
          13   -0.947992   -0.954299   0.0013382
          14   -0.958204   -0.954578  0.00126995
          15   -0.949073   -0.954211   0.0012379
          16    -0.96027    -0.95459  0.00121829
          17   -0.959905   -0.954902  0.00118634
          18   -0.967204   -0.955586  0.00131075
          19   -0.952163   -0.955406  0.00125286
          20   -0.968036   -0.956037  0.00134592
           1    -0.91592    -0.91592           0
           2   -0.909864   -0.912892    0.003028
           3   -0.918264   -0.914683  0.00250255
           4    -0.90852   -0.913142  0.00234628
           5   -0.910936   -0.912701  0.00187021
           6   -0.911448   -0.912492  0.00154123
           7   -0.903248   -0.911171  0.00185489
           8    -0.90712   -0.910665  0.00168432
           9    -0.90712   -0.910271  0.00153677
          10   -0.920384   -0.911282  0.00170647
          11   -0.903336    -0.91056  0.00170424
          12   -0.920208   -0.911364  0.00175122
          13     -0.9074   -0.911059  0.00163949
          14   -0.913872    -0.91126  0.00153112
          15   -0.911936   -0.911305   0.0014261
          16   -0.914144   -0.911483  0.00134575
          17   -0.911336   -0.911474  0.00126414
          18    -0.92124   -0.912016  0.00130953
          19   -0.913496   -0.912094  0.00124113
          20   -0.909912   -0.911985  0.00118249
           1   -0.933933   -0.933933           0
           2   -0.939594   -0.936764  0.00283056
           3   -0.946906   -0.940144  0.00375482
           4   -0.934154   -0.938647  0.00304837
           5    -0.93484   -0.937885  0.00248096
           6   -0.927158   -0.936098  0.00270182
           7   -0.928528   -0.935016  0.00252655
           8   -0.935104   -0.935027  0.00218808
           9    -0.93642   -0.935182   0.0019359
          10   -0.934215   -0.935085  0.00173422
          11   -0.941511   -0.935669  0.00167389
          12   -0.939862   -0.936019  0.00156748
          13    -0.93198   -0.935708  0.00147495
          14   -0.940815   -0.936073  0.00141343
          15   -0.933567   -0.935906  0.00132639
          16   -0.933682   -0.935767  0.00124849
          17   -0.929166   -0.935379  0.00123536
          18   -0.943809   -0.935847  0.00125534
          19    -0.93494   -0.935799   0.0011884
          20   -0.939379   -0.935978  0.00114154
           1   -0.903112   -0.903112           0
           2   -0.897848    -0.90048    0.002632
           3   -0.903872   -0.901611  0.00189408
           4   -0.892152   -0.899246  0.00271761
           5   -0.894912   -0.898379  0.00227653
           6   -0.892352   -0.897375  0.00211285
           7   -0.886872   -0.895874  0.00233234
           8   -0.893176   -0.895537  0.00204784
           9   -0.896224   -0.895613  0.00180763
          10   -0.903304   -0.896382  0.00179039
          11   -0.890288   -0.895828  0.00171162
          12    -0.90704   -0.896763  0.00182052
          13   -0.891336   -0.896345  0.00172588
          14   -0.895528   -0.896287  0.00159892
          15    -0.89204   -0.896004   0.0015152
          16   -0.896736    -0.89605  0.00141808
          17   -0.893336    -0.89589  0.00134158
          18   -0.902672   -0.896267  0.00131978
          19   -0.898776   -0.896399  0.00125535
          20    -0.89784   -0.896471  0.00119311
           1   -0.920099   -0.920099           0
           2   -0.923155   -0.921627  0.00152812
           3   -0.924174   -0.922476  0.00122447
           4   -0.909316   -0.919186  0.00340193
           5   -0.917371   -0.918823  0.00266001
           6   -0.908322   -0.917073  0.00278929
           7   -0.914902   -0.916763   0.0023777
           8   -0.916427   -0.916721  0.00205958
           9    -0.91864   -0.916934  0.00182885
          10   -0.921551   -0.917396  0.00169968
          11   -0.915625   -0.917235  0.00154582
          12    -0.92305   -0.917719  0.00149204
          13   -0.914051   -0.917437  0.00140118
          14   -0.917525   -0.917443  0.00129726
          15    -0.91285   -0.917137   0.0012459
          16   -0.919767   -0.917302  0.00117697
          17   -0.914471   -0.917135  0.00111804
          18     -0.9218   -0.917394  0.00108549
          19   -0.911571   -0.917088  0.00107154
          20    -0.92447   -0.917457   0.0010815
           1   -0.880192   -0.880192           0
           2   -0.880936   -0.880564    0.000372
           3   -0.884408   -0.881845  0.00129921
           4     -0.8746   -0.880034  0.00203098
           5   -0.879584   -0.879944  0.00157577
           6   -0.875576   -0.879216  0.00147829
           7   -0.877944   -0.879034  0.00126253
           8   -0.876872   -0.878764  0.00112629
           9   -0.882472   -0.879176  0.00107535
          10   -0.880704   -0.879329 0.000973887
          11   -0.874248   -0.878867 0.000994662
          12   -0.888472   -0.879667  0.00121043
          13   -0.875008   -0.879309   0.0011697
          14   -0.882216   -0.879517  0.00110266
          15   -0.877904   -0.879409  0.00103213
          16    -0.88124   -0.879524 0.000972229
          17   -0.877672   -0.879415 0.000919722
          18    -0.87736     -0.8793 0.000874602
          19   -0.881168   -0.879399  0.00083311
          20   -0.879352   -0.879396 0.000790361
           1   -0.902242   -0.902242           0
           2   -0.897287   -0.899764   0.0024772
           3   -0.900471        -0.9  0.00144948
           4   -0.891122   -0.897781  0.00244464
           5   -0.895438   -0.897312  0.00195069
           6   -0.892643   -0.896534  0.00177265
           7   -0.898458   -0.896809  0.00152316
           8   -0.900222   -0.897236  0.00138639
           9   -0.904659    -0.89806  0.00147488
          10   -0.902027   -0.898457  0.00137753
          11   -0.893704   -0.898025  0.00131883
          12   -0.908234   -0.898876  0.00147419
          13   -0.901821   -0.899102  0.00137485
          14   -0.893721   -0.898718  0.00132962
          15   -0.895391   -0.898496  0.00125753
          16   -0.897856   -0.898456  0.00117699
          17   -0.892469   -0.898104  0.00116032
          18   -0.902191   -0.898331  0.00111727
          19   -0.889986   -0.897892  0.00114447
          20   -0.902709   -0.898133  0.00111214
           1    -0.86796    -0.86796           0
           2   -0.865408   -0.866684    0.001276
           3   -0.864912   -0.866093 0.000944252
           4   -0.861088   -0.864842  0.00141832
           5     -0.8654   -0.864954  0.00110428
           6   -0.859856   -0.864104  0.00123886
           7   -0.865816   -0.864349  0.00107521
           8   -0.863112   -0.864194 0.000943905
           9   -0.862568   -0.864013 0.000851826
          10   -0.864584    -0.86407  0.00076403
          11   -0.858984   -0.863608 0.000831517
          12   -0.868256   -0.863995  0.00085218
          13   -0.859376    -0.86364 0.000860667
          14   -0.864512   -0.863702 0.000799254
          15   -0.855336   -0.863145 0.000929903
          16   -0.862624   -0.863112 0.000870453
          17     -0.8624    -0.86307  0.00081872
          18   -0.862632   -0.863046 0.000772281
          19   -0.862768   -0.863031 0.000730651
          20   -0.863872   -0.863073  0.00069443
           1   -0.886006   -0.886006           0
           2   -0.881872   -0.883939   0.0020668
           3   -0.882707   -0.883529  0.00126192
           4   -0.871208   -0.880449  0.00320671
           5   -0.874607    -0.87928  0.00274495
           6   -0.875915   -0.878719  0.00231035
           7   -0.879066   -0.878769  0.00195323
           8    -0.88057   -0.878994  0.00170646
           9    -0.87861   -0.878951  0.00150556
          10   -0.874309   -0.878487  0.00142438
          11    -0.86888   -0.877614  0.00155651
          12   -0.889417   -0.878597  0.00172815
          13   -0.881495    -0.87882  0.00160522
          14   -0.877486   -0.878725  0.00148919
          15   -0.870151   -0.878153  0.00149958
          16   -0.878399   -0.878169  0.00140281
          17   -0.877916   -0.878154  0.00131779
          18   -0.874672    -0.87796   0.0012574
          19   -0.876188   -0.877867  0.00119303
          20   -0.879437   -0.877946  0.00113453
           1   -0.846712   -0.846712           0
           2   -0.845696   -0.846204    0.000508
           3   -0.844368   -0.845592  0.00067865
           4    -0.84328   -0.845014 0.000751243
           5    -0.84732   -0.845475 0.000742513
           6   -0.844208   -0.845264 0.000641994
           7   -0.847416   -0.845571 0.000623626
           8   -0.849192   -0.846024  0.00070463
           9   -0.846952   -0.846127 0.000629921
          10    -0.84616    -0.84613 0.000563428
          11   -0.846128    -0.84613  0.00050964
          12   -0.850584   -0.846501 0.000595145
          13    -0.84492    -0.84638 0.000560805
          14   -0.849576   -0.846608 0.000567184
          15     -0.8378   -0.846021 0.000789689
          16   -0.849512   -0.846239 0.000770239
          17   -0.845456   -0.846193 0.000724979
          18   -0.841808   -0.845949  0.00072563
          19   -0.847384   -0.846025 0.000690518
          20   -0.843368   -0.845892 0.000668417
           1   -0.859063   -0.859063           0
           2   -0.859171   -0.859117   5.428e-05
           3   -0.861964   -0.860066 0.000949491
           4   -0.853155   -0.858338  0.00185369
           5   -0.858334   -0.858337  0.00143586
           6   -0.859175   -0.858477  0.00118066
           7   -0.855828   -0.858099  0.00106717
           8    -0.86006   -0.858344 0.000956176
           9   -0.857595   -0.858261 0.000847364
          10    -0.86157   -0.858592 0.000827028
          11   -0.856319   -0.858385  0.00077609
          12   -0.860965     -0.8586 0.000740375
          13   -0.860393   -0.858738 0.000694877
          14   -0.857788    -0.85867 0.000646896
          15   -0.848057   -0.857962 0.000929151
          16    -0.85962   -0.858066  0.00087529
          17   -0.855646   -0.857924 0.000834421
          18   -0.859302      -0.858 0.000790415
          19   -0.858471   -0.858025 0.000748068
          20   -0.858036   -0.858026  0.00070968
           1   -0.825112   -0.825112           0
           2   -0.830072   -0.827592     0.00248
           3   -0.831072   -0.828752  0.00184275
           4   -0.825752   -0.828002  0.00150345
           5   -0.827928   -0.827987  0.00116466
           6   -0.830296   -0.828372  0.00102585
           7    -0.82688   -0.828159 0.000892815
           8   -0.833712   -0.828853  0.00103907
           9    -0.83028   -0.829012 0.000929992
          10   -0.829368   -0.829047 0.000832574
          11   -0.826584   -0.828823 0.000785678
          12   -0.832624    -0.82914 0.000784044
          13   -0.829224   -0.829146 0.000721244
          14   -0.833032   -0.829424 0.000723123
          15   -0.823744   -0.829045 0.000772383
          16   -0.828232   -0.828994 0.000724284
          17   -0.828576    -0.82897 0.000680791
          18   -0.824528   -0.828723 0.000687659
          19   -0.831312   -0.828859 0.000664579
          20   -0.827264    -0.82878 0.000635501
           1   -0.836522   -0.836522           0
           2   -0.837177    -0.83685  0.00032752
           3   -0.840632    -0.83811  0.00127474
           4    -0.83556   -0.837473  0.00110411
           5   -0.837083   -0.837395 0.000858784
           6   -0.840454   -0.837905  0.00086694
           7    -0.84016   -0.838227 0.000800394
           8   -0.839851    -0.83843 0.000722285
           9   -0.840628   -0.838674 0.000682229
          10   -0.840074   -0.838814 0.000626043
          11   -0.838501   -0.838786 0.000566994
          12   -0.843634    -0.83919  0.00065661
          13   -0.840964   -0.839326 0.000619222
          14   -0.837692   -0.839209 0.000585047
          15   -0.828817   -0.838517   0.0008813
          16   -0.841682   -0.838714 0.000847794
          17   -0.842088   -0.838913 0.000820711
          18   -0.836819   -0.838797 0.000782472
          19   -0.840301   -0.838876  0.00074437
          20   -0.837929   -0.838828 0.000707756
           1   -0.811992   -0.811992           0
           2   -0.813712   -0.812852     0.00086
           3   -0.817992   -0.814565  0.00178383
           4   -0.807288   -0.812746  0.00221382
           5    -0.81008   -0.812213   0.0017958
           6     -0.8134   -0.812411  0.00147956
           7    -0.81176   -0.812318   0.0012539
           8   -0.815712   -0.812742  0.00116586
           9   -0.812952   -0.812765  0.00102845
          10   -0.810808    -0.81257 0.000940471
          11   -0.809184   -0.812262 0.000904654
          12   -0.818648   -0.812794 0.000982455
          13   -0.807192   -0.812363  0.00100121
          14    -0.81664   -0.812669 0.000975982
          15   -0.806296   -0.812244  0.00100301
          16     -0.8106   -0.812141 0.000943835
          17   -0.811304   -0.812092 0.000887945
          18    -0.80608   -0.811758 0.000901326
          19   -0.813176   -0.811832  0.00085583
          20   -0.811336   -0.811808 0.000812291
           1   -0.821921   -0.821921           0
           2   -0.818686   -0.820303  0.00161768
           3   -0.824229   -0.821612   0.0016077
           4   -0.821449   -0.821571  0.00113755
           5   -0.820007   -0.821258 0.000935037
           6   -0.823518   -0.821635  0.00085132
           7   -0.820422   -0.821462 0.000740071
           8   -0.827827   -0.822257  0.00102166
           9   -0.820543   -0.822067 0.000920941
          10   -0.820626   -0.821923 0.000836226
          11    -0.81624   -0.821406 0.000915953
          12   -0.827567   -0.821919 0.000981179
          13   -0.819624   -0.821743 0.000919657
          14   -0.824013   -0.821905 0.000866736
          15   -0.811268   -0.821196   0.0010742
          16   -0.822952   -0.821306   0.0010108
          17   -0.821796   -0.821334 0.000949919
          18   -0.819181   -0.821215 0.000903549
          19   -0.821885    -0.82125 0.000855399
          20   -0.820479   -0.821212 0.000812418
           1   -0.793016   -0.793016           0
           2   -0.794104    -0.79356    0.000544
           3   -0.799128   -0.795416  0.00188239
           4   -0.789928   -0.794044  0.00191156
           5   -0.794864   -0.794208  0.00148975
           6    -0.79704    -0.79468  0.00130474
           7   -0.794032   -0.794587  0.00110658
           8   -0.797104   -0.794902  0.00100864
           9   -0.794768   -0.794887 0.000889661
          10   -0.794016     -0.7948 0.000800491
          11    -0.79156   -0.794505 0.000781688
          12    -0.80368    -0.79527  0.00104581
          13   -0.792792   -0.795079 0.000980711
          14   -0.799368   -0.795386 0.000958245
          15   -0.788664   -0.794938 0.000998303
          16   -0.796096    -0.79501 0.000936629
          17   -0.795096   -0.795015 0.000879825
          18   -0.793024   -0.794904 0.000836849
          19   -0.793504   -0.794831 0.000795004
          20    -0.79316   -0.794747  0.00075882
           1   -0.798668   -0.798668           0
           2   -0.797754   -0.798211   0.0004566
           3   -0.805082   -0.800501  0.00230551
           4   -0.801406   -0.800727  0.00164584
           5   -0.800076   -0.800597  0.00128149
           6   -0.801543   -0.800755  0.00105813
           7   -0.800733   -0.800752  0.00089429
           8   -0.805268   -0.801316 0.000958376
           9    -0.80308   -0.801512 0.000867625
          10   -0.803344   -0.801695 0.000797346
          11   -0.795828   -0.801162 0.000897045
          12   -0.807558   -0.801695 0.000977048
          13   -0.799629   -0.801536   0.0009127
          14   -0.805274   -0.801803 0.000886176
          15   -0.792188   -0.801162  0.00104474
          16   -0.801058   -0.801155 0.000977283
          17   -0.802813   -0.801253 0.000923161
          18   -0.801606   -0.801273 0.000870586
          19   -0.801548   -0.801287  0.00082362
          20   -0.804984   -0.801472 0.000802918
           1    -0.77512    -0.77512           0
           2    -0.77832    -0.77672      0.0016
           3    -0.78124   -0.778227  0.00176731
           4   -0.773152   -0.776958  0.00178079
           5   -0.780128   -0.777592  0.00151812
           6   -0.782616   -0.778429  0.00149585
           7    -0.77824   -0.778402  0.00126452
           8   -0.778824   -0.778455  0.00109637
           9   -0.775096   -0.778082  0.00103644
          10   -0.777632   -0.778037  0.00092811
          11   -0.774184   -0.777687 0.000909643
          12   -0.783576   -0.778177  0.00096458
          13   -0.776384   -0.778039 0.000897945
          14   -0.779464   -0.778141  0.00083754
          15   -0.770968   -0.777663 0.000914673
          16   -0.778224   -0.777698 0.000856317
          17   -0.776336   -0.777618  0.00080835
          18   -0.779632    -0.77773  0.00077029
          19     -0.7784   -0.777765 0.000729475
          20   -0.778912   -0.777822 0.000694413
           1   -0.784679   -0.784679           0
           2   -0.781804   -0.783242  0.00143788
           3   -0.788885   -0.785123  0.00205605
           4   -0.783632    -0.78475  0.00150086
           5   -0.782363   -0.784272  0.00125678
           6   -0.787402   -0.784794  0.00115115
           7   -0.785222   -0.784855 0.000974816
           8   -0.788304   -0.785286 0.000947893
           9   -0.783956   -0.785138 0.000848937
          10   -0.787742   -0.785399 0.000802717
          11   -0.779799    -0.78489 0.000886789
          12   -0.793688   -0.785623   0.0010922
          13   -0.787171   -0.785742  0.00101171
          14   -0.786583   -0.785802 0.000938584
          15   -0.779187   -0.785361 0.000978749
          16   -0.785205   -0.785351 0.000915588
          17   -0.785544   -0.785363  0.00086012
          18   -0.782805   -0.785221 0.000823287
          19   -0.786892   -0.785308 0.000783703
          20   -0.784968   -0.785291 0.000743681
           1   -0.761304   -0.761304           0
           2   -0.761704   -0.761504      0.0002
           3   -0.765352   -0.762787  0.00128785
           4   -0.756768   -0.761282  0.00175878
           5    -0.76196   -0.761418  0.00136908
           6   -0.761968   -0.761509   0.0011216
           7   -0.763904   -0.761851  0.00100777
           8   -0.763336   -0.762037 0.000892264
           9   -0.762736   -0.762115 0.000790726
          10    -0.76644   -0.762547 0.000829026
          11       -0.76   -0.762316 0.000784821
          12   -0.766448    -0.76266 0.000794905
          13   -0.760056    -0.76246 0.000758146
          14   -0.762944   -0.762494 0.000702759
          15   -0.757408   -0.762155 0.000736885
          16   -0.760352   -0.762042 0.000698445
          17   -0.759672   -0.761903  0.00067073
          18   -0.760264   -0.761812 0.000638893
          19   -0.762152    -0.76183 0.000604597
          20   -0.763608   -0.761919  0.00058042
           1   -0.766748   -0.766748           0
           2   -0.767349   -0.767048   0.0003002
           3   -0.768052   -0.767383 0.000376659
           4   -0.767341   -0.767372 0.000266547
           5   -0.763546   -0.766607 0.000792534
           6   -0.768371   -0.766901 0.000710761
           7   -0.771285   -0.767527  0.00086778
           8   -0.768725   -0.767677 0.000766292
           9   -0.767827   -0.767694 0.000676011
          10   -0.769886   -0.767913 0.000643173
          11   -0.764048   -0.767562 0.000679643
          12   -0.771164   -0.767862 0.000689225
          13   -0.766573   -0.767763 0.000641696
          14   -0.772216   -0.768081 0.000673894
          15   -0.761323    -0.76763  0.00077237
          16   -0.768102    -0.76766 0.000723087
          17    -0.76717   -0.767631 0.000679831
          18   -0.767808   -0.767641 0.000641027
          19   -0.767876   -0.767653 0.000606477
          20   -0.766203   -0.767581 0.000579907
           1   -0.743272   -0.743272           0
           2   -0.745696   -0.744484    0.001212
           3   -0.747888   -0.745619  0.00133309
           4   -0.743024    -0.74497  0.00114426
           5   -0.747128   -0.745402 0.000985837
           6   -0.747032   -0.745673 0.000849562
           7   -0.745344   -0.745626 0.000719551
           8   -0.748104   -0.745936 0.000695872
           9   -0.744552   -0.745782 0.000632674
          10   -0.747168   -0.745921 0.000582602
          11   -0.744456   -0.745788 0.000543548
          12   -0.749344   -0.746084 0.000577958
          13   -0.747464    -0.74619 0.000542138
          14   -0.748672   -0.746367 0.000532308
          15    -0.74372   -0.746191 0.000526044
          16   -0.744072   -0.746058 0.000509579
          17   -0.742576   -0.745854 0.000520659
          18      -0.743   -0.745695 0.000515848
          19   -0.744136   -0.745613 0.000494795
          20   -0.749056   -0.745785 0.000499975
           1   -0.748384   -0.748384           0
           2   -0.752516    -0.75045  0.00206612
           3   -0.752409   -0.751103  0.00135992
           4   -0.749185   -0.750624  0.00107447
           5   -0.747214   -0.749942  0.00107601
           6   -0.748626   -0.749722 0.000905526
           7   -0.748827   -0.749594  0.00077591
           8   -0.750217   -0.749672 0.000676448
           9   -0.749061   -0.749604 0.000600419
          10   -0.753399   -0.749984 0.000657567
          11   -0.750764   -0.750055 0.000599008
          12   -0.757688   -0.750691 0.000838826
          13   -0.753448   -0.750903 0.000800215
          14   -0.751994   -0.750981  0.00074494
          15   -0.743182   -0.750461 0.000866772
          16   -0.751582   -0.750531 0.000813811
          17   -0.752824   -0.750666 0.000776255
          18   -0.750057   -0.750632 0.000732642
          19   -0.752359   -0.750723 0.000698948
          20   -0.749105   -0.750642 0.000667998
           1    -0.72708    -0.72708           0
           2     -0.7328    -0.72994     0.00286
           3   -0.734664   -0.731515  0.00228169
           4   -0.726888   -0.730358  0.00198518
           5    -0.72928   -0.730142  0.00155275
           6   -0.732936   -0.730608  0.00135061
           7    -0.73128   -0.730704   0.0011455
           8    -0.73408   -0.731126  0.00107806
           9   -0.731424   -0.731159 0.000951337
          10   -0.732808   -0.731324 0.000866731
          11   -0.729448   -0.731153 0.000802323
          12   -0.730512     -0.7311 0.000734365
          13    -0.73008   -0.731022 0.000680059
          14     -0.7318   -0.731077 0.000632063
          15   -0.728664   -0.730916 0.000610015
          16    -0.72948   -0.730827 0.000577634
          17   -0.729064   -0.730723 0.000552409
          18   -0.731576    -0.73077 0.000522969
          19    -0.72772    -0.73061 0.000520076
          20   -0.729752   -0.730567 0.000495248
           1   -0.734412   -0.734412           0
           2   -0.735124   -0.734768  0.00035576
           3   -0.736514    -0.73535  0.00061703
           4   -0.734273   -0.735081 0.000512713
           5   -0.732175     -0.7345 0.000703957
           6   -0.736356   -0.734809 0.000652771
           7   -0.734629   -0.734783  0.00055229
           8   -0.738033   -0.735189   0.0006275
           9   -0.734423   -0.735104 0.000559921
          10   -0.737408   -0.735335 0.000551236
          11   -0.730994    -0.73494 0.000635893
          12   -0.736084   -0.735035 0.000588259
          13   -0.736844   -0.735174 0.000558729
          14   -0.735791   -0.735218 0.000519153
          15   -0.731624   -0.734979 0.000539444
          16   -0.736846   -0.735096 0.000517929
          17   -0.735151   -0.735099  0.00048652
          18   -0.733801   -0.735027 0.000464328
          19   -0.736554   -0.735107 0.000446505
          20   -0.734755    -0.73509 0.000423957
           1   -0.712096   -0.712096           0
           2   -0.718568   -0.715332    0.003236
           3   -0.719184   -0.716616  0.00226699
           4   -0.709448   -0.714824  0.00240434
           5      -0.713   -0.714459  0.00189779
           6    -0.71516   -0.714576  0.00155393
           7   -0.715096    -0.71465  0.00131541
           8   -0.717264   -0.714977  0.00118511
           9   -0.712976   -0.714755  0.00106855
          10   -0.717896   -0.715069  0.00100604
          11      -0.713   -0.714881 0.000929231
          12   -0.713608   -0.714775 0.000854873
          13   -0.712752   -0.714619 0.000801614
          14   -0.716736    -0.71477 0.000757397
          15   -0.713048   -0.714655 0.000714386
          16   -0.712312   -0.714509  0.00068411
          17   -0.713712   -0.714462 0.000644317
          18   -0.712152   -0.714334 0.000620877
          19    -0.71492   -0.714365 0.000588101
          20   -0.715392   -0.714416 0.000560281
           1   -0.717007   -0.717007           0
           2   -0.718734   -0.717871   0.0008634
           3   -0.723771   -0.719837  0.00202884
           4   -0.715489    -0.71875  0.00179995
           5   -0.716235   -0.718247  0.00148223
           6   -0.718268   -0.718251  0.00121024
           7    -0.71955   -0.718436  0.00103953
           8   -0.722191   -0.718906  0.00101525
           9   -0.718382   -0.718847 0.000897258
          10   -0.721587   -0.719121 0.000847996
          11   -0.713129   -0.718577 0.000940797
          12   -0.720779    -0.71876 0.000878217
          13   -0.721756   -0.718991 0.000840067
          14   -0.722146   -0.719216 0.000809757
          15   -0.716401   -0.719028  0.00077685
          16   -0.721077   -0.719156 0.000737867
          17   -0.720787   -0.719252 0.000699708
          18   -0.720827    -0.71934 0.000665466
          19   -0.715908   -0.719159 0.000654861
          20   -0.717753   -0.719089 0.000625223
           1   -0.700336   -0.700336           0
           2     -0.7078   -0.704068    0.003732
           3   -0.698296   -0.702144  0.00288866
           4   -0.696488    -0.70073  0.00248427
           5    -0.69828    -0.70024  0.00198571
           6      -0.701   -0.700367  0.00162627
           7   -0.699544   -0.700249  0.00137946
           8   -0.699472   -0.700152  0.00119859
           9   -0.698768   -0.699998  0.00106819
          10   -0.700976   -0.700096 0.000960405
          11   -0.697824   -0.699889 0.000892936
          12   -0.698136   -0.699743 0.000828128
          13   -0.699568    -0.69973 0.000761887
          14   -0.700168   -0.699761 0.000706064
          15   -0.699208   -0.699724 0.000658343
          16   -0.699776   -0.699727 0.000615832
          17    -0.69852   -0.699656 0.000582818
          18   -0.698632     -0.6996 0.000552426
          19   -0.702184   -0.699736 0.000539957
          20   -0.699944   -0.699746 0.000512354
           1   -0.700672   -0.700672           0
           2    -0.70685   -0.703761   0.0030892
           3   -0.705093   -0.704205  0.00183798
           4   -0.700428   -0.703261  0.00160642
           5   -0.700935   -0.702796  0.00132843
           6   -0.704481   -0.703077  0.00112042
           7   -0.705594   -0.703436  0.00101292
           8   -0.704929   -0.703623 0.000896845
           9   -0.701604   -0.703399 0.000822144
          10   -0.703246   -0.703383 0.000735506
          11   -0.702051   -0.703262 0.000676228
          12   -0.703993   -0.703323 0.000620306
          13   -0.703548    -0.70334 0.000570861
          14   -0.704898   -0.703452 0.000540097
          15   -0.700823   -0.703276 0.000532468
          16    -0.70359   -0.703296 0.000498464
          17   -0.701565   -0.703194 0.000479164
          18   -0.701784   -0.703116 0.000458503
          19   -0.704702   -0.703199 0.000441664
          20   -0.704486   -0.703264 0.000423906
           1   -0.685032   -0.685032           0
           2    -0.68916   -0.687096    0.002064
           3    -0.68412   -0.686104  0.00155051
           4    -0.68084   -0.684788  0.00171286
           5   -0.682528   -0.684336  0.00140166
           6   -0.685592   -0.684545  0.00116344
           7   -0.687144   -0.684917  0.00105103
           8   -0.686568   -0.685123 0.000933333
           9    -0.68744    -0.68538 0.000862443
          10   -0.684888   -0.685331 0.000772963
          11   -0.684248   -0.685233 0.000706072
          12   -0.684264   -0.685152 0.000649588
          13   -0.683776   -0.685046 0.000606836
          14   -0.687768   -0.685241 0.000594509
          15   -0.683544   -0.685127 0.000564897
          16   -0.687016   -0.685245 0.000541435
          17    -0.68428   -0.685189 0.000511751
          18    -0.68236   -0.685032 0.000507431
          19   -0.689688   -0.685277 0.000538929
          20   -0.687488   -0.685387 0.000523092
           1   -0.687041   -0.687041           0
           2   -0.689814   -0.688427  0.00138628
           3   -0.686695    -0.68785 0.000986874
           4   -0.684675   -0.687056  0.00105687
           5    -0.68564   -0.686773 0.000866295
           6   -0.690636   -0.687417 0.000956436
           7   -0.687542   -0.687435 0.000808532
           8   -0.689264   -0.687663 0.000736583
           9   -0.688307   -0.687735 0.000653531
          10   -0.687696   -0.687731 0.000584549
          11   -0.689707   -0.687911 0.000558432
          12   -0.691923   -0.688245 0.000609638
          13   -0.689375   -0.688332 0.000567482
          14   -0.689834   -0.688439 0.000536233
          15   -0.683894   -0.688136 0.000583982
          16   -0.689746   -0.688237 0.000555449
          17   -0.687551   -0.688196 0.000523312
          18   -0.687701   -0.688169 0.000494152
          19    -0.68902   -0.688214 0.000469563
          20    -0.68991   -0.688298 0.000453467
           1   -0.671272   -0.671272           0
           2   -0.677792   -0.674532     0.00326
           3   -0.672984   -0.674016  0.00195161
           4   -0.668944   -0.672748  0.00187409
           5    -0.67152   -0.672502  0.00147229
           6   -0.672456   -0.672495  0.00120215
           7   -0.671048   -0.672288  0.00103681
           8   -0.671376   -0.672174 0.000905109
           9   -0.672856    -0.67225  0.00080182
          10   -0.671568   -0.672182 0.000720403
          11    -0.67224   -0.672187 0.000651651
          12   -0.671184   -0.672103 0.000600715
          13   -0.673472   -0.672209 0.000562518
          14   -0.673432   -0.672296 0.000528071
          15   -0.669296   -0.672096 0.000530733
          16    -0.67256   -0.672125 0.000497301
          17   -0.670304   -0.672018 0.000479258
          18    -0.66984   -0.671897 0.000467767
          19   -0.672392   -0.671923  0.00044323
          20    -0.67084   -0.671869 0.000423957
           1   -0.674473   -0.674473           0
           2   -0.676281   -0.675377  0.00090364
           3   -0.674143   -0.674966 0.000664425
           4   -0.670392   -0.673822  0.00123621
           5   -0.670114   -0.673081  0.00121114
           6   -0.674315   -0.673286  0.00101006
           7   -0.676482   -0.673743 0.000968096
           8   -0.674806   -0.673876 0.000848866
           9   -0.674686   -0.673966 0.000754025
          10    -0.67318   -0.673887 0.000678978
          11   -0.672538   -0.673765 0.000626293
          12   -0.676598   -0.674001 0.000618568
          13   -0.675113   -0.674086 0.000575396
          14   -0.674782   -0.674136 0.000535027
          15   -0.672557   -0.674031 0.000509082
          16   -0.673005   -0.673967 0.000480496
          17   -0.673397   -0.673933  0.00045259
          18   -0.672819   -0.673871 0.000431169
          19   -0.674186   -0.673888 0.000408181
          20    -0.67592    -0.67399 0.000400349
           1   -0.657264   -0.657264           0
           2   -0.662144   -0.659704     0.00244
           3   -0.657704   -0.659037  0.00155852
           4   -0.653416   -0.657632   0.0017859
           5   -0.657392   -0.657584  0.00138419
           6   -0.658952   -0.657812  0.00115295
           7   -0.657128   -0.657714  0.00097931
           8    -0.65868   -0.657835 0.000856655
           9    -0.65712   -0.657756 0.000759664
          10   -0.657352   -0.657715 0.000680662
          11    -0.65688   -0.657639 0.000620346
          12   -0.655768   -0.657483 0.000587374
          13   -0.655984   -0.657368 0.000552478
          14   -0.660312   -0.657578 0.000553035
          15    -0.65772   -0.657588 0.000514934
          16   -0.656408   -0.657514 0.000487287
          17   -0.655104   -0.657372 0.000479177
          18   -0.655168    -0.65725 0.000468075
          19     -0.6588   -0.657331  0.00045021
          20   -0.656784   -0.657304 0.000427982
           1   -0.662096   -0.662096           0
           2   -0.662409   -0.662252   0.0001566
           3   -0.658754   -0.661086  0.00116965
           4   -0.656936   -0.660049  0.00132683
           5   -0.658348   -0.659708  0.00108257
           6   -0.659934   -0.659746 0.000884714
           7     -0.6612   -0.659954 0.000776019
           8   -0.659752   -0.659929 0.000672522
           9   -0.659658   -0.659898 0.000593873
          10   -0.658573   -0.659766 0.000547458
          11   -0.659595    -0.65975 0.000495437
          12   -0.661359   -0.659884 0.000471722
          13   -0.660388   -0.659923 0.000435644
          14   -0.659407   -0.659886 0.000405009
          15   -0.657039   -0.659696 0.000422138
          16   -0.659183   -0.659664 0.000396176
          17   -0.658033   -0.659568 0.000384319
          18   -0.660766   -0.659635 0.000368398
          19   -0.662483   -0.659785 0.000379339
          20   -0.660902   -0.659841 0.000364182
           1   -0.643896   -0.643896           0
           2   -0.645984    -0.64494    0.001044
           3     -0.6452   -0.645027 0.000608952
           4   -0.640888   -0.643992  0.00112069
           5   -0.643888   -0.643971 0.000868332
           6   -0.644848   -0.644117 0.000723894
           7     -0.6464   -0.644443 0.000693282
           8    -0.64404   -0.644393 0.000602514
           9    -0.64448   -0.644403 0.000531455
          10   -0.643888   -0.644351 0.000478126
          11   -0.644768   -0.644389 0.000434138
          12   -0.642936   -0.644268 0.000414398
          13   -0.643712   -0.644225 0.000383583
          14   -0.646456   -0.644385 0.000389238
          15   -0.643656   -0.644336 0.000365601
          16   -0.644192   -0.644327 0.000342107
          17   -0.644536   -0.644339 0.000321589
          18   -0.641984   -0.644208 0.000330227
          19   -0.647944   -0.644405 0.000369088
          20   -0.640952   -0.644232   0.0003904
           1   -0.650536   -0.650536           0
           2   -0.646969   -0.648753  0.00178368
           3   -0.646041   -0.647849  0.00137025
           4   -0.642781   -0.646582  0.00159502
           5   -0.642633   -0.645792  0.00146638
           6   -0.645632   -0.645765   0.0011976
           7   -0.650712   -0.646472  0.00123442
           8    -0.64838    -0.64671  0.00109532
           9   -0.649898   -0.647065  0.00102887
          10   -0.646455   -0.647004 0.000922265
          11   -0.645245   -0.646844 0.000849394
          12   -0.647326   -0.646884 0.000776427
          13   -0.647704   -0.646947  0.00071699
          14   -0.648067   -0.647027 0.000668606
          15   -0.645111   -0.646899  0.00063541
          16   -0.645786    -0.64683 0.000598434
          17   -0.644359   -0.646684 0.000580615
          18   -0.645261   -0.646605 0.000553088
          19   -0.650415   -0.646806 0.000560275
          20   -0.645785   -0.646755 0.000533967
           1   -0.632992   -0.632992           0
           2   -0.632864   -0.632928     6.4e-05
           3   -0.628104    -0.63132  0.00160842
           4   -0.628248   -0.630552  0.00137235
           5   -0.631992    -0.63084  0.00110134
           6   -0.634264   -0.631411  0.00106503
           7   -0.634304   -0.631824 0.000990481
           8   -0.631152    -0.63174 0.000861885
           9   -0.630528   -0.631605 0.000771948
          10   -0.628544   -0.631299 0.000755275
          11   -0.628808   -0.631073 0.000719732
          12   -0.631176   -0.631081 0.000657079
          13   -0.629864   -0.630988 0.000611635
          14   -0.633152   -0.631142 0.000586987
          15   -0.630384   -0.631092 0.000548789
          16   -0.628696   -0.630942 0.000534737
          17   -0.630536   -0.630918 0.000502865
          18   -0.629912   -0.630862 0.000477389
          19   -0.632712    -0.63096 0.000461941
          20   -0.628552   -0.630839 0.000454468
           1   -0.634542   -0.634542           0
           2    -0.63243   -0.633486  0.00105612
           3     -0.6349   -0.633957 0.000770805
           4   -0.630706   -0.633144 0.000978773
           5   -0.633455   -0.633207   0.0007607
           6   -0.635014   -0.633508 0.000690266
           7   -0.638112   -0.634165 0.000879158
           8    -0.63668    -0.63448 0.000823705
           9   -0.636511   -0.634705 0.000760686
          10   -0.632163   -0.634451 0.000726318
          11   -0.634294   -0.634437 0.000657135
          12    -0.63415   -0.634413 0.000600355
          13   -0.632801   -0.634289    0.000566
          14   -0.633894   -0.634261 0.000524775
          15    -0.62935   -0.633933 0.000588087
          16    -0.63137   -0.633773 0.000572967
          17   -0.630059   -0.633555 0.000580867
          18    -0.63135   -0.633432 0.000561172
          19    -0.63532   -0.633532 0.000540033
          20   -0.633171   -0.633514 0.000512637
           1   -0.619688   -0.619688           0
           2   -0.620488   -0.620088      0.0004
           3   -0.617288   -0.619155  0.00096148
           4   -0.614536      -0.618  0.00133995
           5      -0.618      -0.618  0.00103792
           6   -0.621488   -0.618581  0.00102769
           7   -0.621968   -0.619065 0.000994212
           8   -0.619352   -0.619101 0.000861759
           9   -0.619112   -0.619102 0.000760001
          10   -0.615648   -0.618757 0.000762494
          11    -0.61876   -0.618757 0.000689702
          12   -0.620464   -0.618899 0.000645477
          13    -0.61764   -0.618802 0.000601603
          14   -0.617568   -0.618714 0.000563913
          15   -0.617072   -0.618605 0.000536269
          16   -0.616896   -0.618498 0.000512877
          17    -0.61548    -0.61832 0.000513433
          18   -0.617976   -0.618301 0.000484447
          19   -0.618408   -0.618307 0.000458276
          20   -0.616584   -0.618221 0.000443211
           1   -0.621315   -0.621315           0
           2   -0.621849   -0.621582  0.00026656
           3   -0.617299   -0.620154  0.00143603
           4   -0.615025   -0.618872  0.00163566
           5   -0.618891   -0.618876  0.00126698
           6   -0.622432   -0.619469  0.00119225
           7   -0.622432   -0.619892  0.00109298
           8   -0.624083   -0.620416  0.00108186
           9   -0.621587   -0.620546  0.00096294
          10   -0.620587    -0.62055  0.00086129
          11   -0.619476   -0.620452 0.000785165
          12   -0.623533   -0.620709 0.000761351
          13   -0.620415   -0.620687 0.000700706
          14   -0.620065   -0.620642 0.000650247
          15   -0.619019   -0.620534 0.000614943
          16   -0.621325   -0.620583 0.000577346
          17   -0.617427   -0.620398 0.000573226
          18   -0.620161   -0.620384 0.000540603
          19   -0.622392    -0.62049 0.000522165
          20   -0.622735   -0.620602 0.000507927
           1   -0.605872   -0.605872           0
           2    -0.60908   -0.607476    0.001604
           3    -0.60308   -0.606011  0.00173344
           4    -0.60112   -0.604788  0.00173128
           5    -0.60536   -0.604902  0.00134591
           6   -0.609904   -0.605736  0.00137933
           7   -0.609352   -0.606253  0.00127507
           8    -0.60944   -0.606651  0.00117392
           9   -0.607208   -0.606713  0.00103715
          10    -0.60312   -0.606354 0.000994804
          11   -0.605976   -0.606319 0.000900489
          12   -0.605952   -0.606289   0.0008226
          13   -0.605752   -0.606247 0.000757807
          14   -0.606272   -0.606249 0.000701595
          15    -0.60608   -0.606238 0.000653247
          16   -0.604272   -0.606115 0.000623287
          17   -0.605608   -0.606085 0.000586235
          18   -0.604024   -0.605971 0.000564445
          19   -0.608128   -0.606084 0.000545851
          20     -0.6028    -0.60592 0.000543253
           1   -0.609159   -0.609159           0
           2   -0.609655   -0.609407  0.00024776
           3   -0.605702   -0.608172  0.00124322
           4   -0.603077   -0.606898  0.00154756
           5   -0.606003   -0.606719  0.00121204
           6   -0.610484   -0.607347  0.00117177
           7   -0.610693   -0.607825  0.00109968
           8    -0.60923      -0.608  0.00096841
           9   -0.611083   -0.608343 0.000920163
          10   -0.605605   -0.608069  0.00086737
          11   -0.607268   -0.607996 0.000787936
          12   -0.607942   -0.607992 0.000719298
          13   -0.607868   -0.607982 0.000661726
          14   -0.607458   -0.607945 0.000613784
          15   -0.605554   -0.607785 0.000593224
          16    -0.60541   -0.607637 0.000574419
          17   -0.606366   -0.607562 0.000544727
          18   -0.607157    -0.60754 0.000514067
          19   -0.609725   -0.607655 0.000499682
          20   -0.608294   -0.607687 0.000475117
           1     -0.5964     -0.5964           0
           2    -0.59636    -0.59638       2e-05
           3   -0.593256   -0.595339   0.0010414
           4   -0.591872   -0.594472  0.00113726
           5   -0.593168   -0.594211 0.000918714
           6   -0.595784   -0.594473  0.00079461
           7   -0.596768   -0.594801 0.000747303
           8    -0.59588   -0.594936 0.000661085
           9   -0.595744   -0.595026 0.000589894
          10   -0.591368    -0.59466 0.000642007
          11   -0.593376   -0.594543 0.000592333
          12   -0.593336   -0.594443 0.000550003
          13     -0.5948    -0.59447 0.000506675
          14    -0.59536   -0.594534 0.000473377
          15   -0.594192   -0.594511 0.000441278
          16   -0.593824   -0.594468 0.000415005
          17     -0.5918   -0.594311 0.000420235
          18    -0.59156   -0.594158 0.000424658
          19   -0.598616   -0.594393 0.000465186
          20     -0.5924   -0.594293 0.000452423
           1    -0.59656    -0.59656           0
           2   -0.597816   -0.597188  0.00062824
           3   -0.593195   -0.595857  0.00137958
           4   -0.594209   -0.595445   0.0010589
           5   -0.593314   -0.595019 0.000924354
           6   -0.598127   -0.595537 0.000915411
           7   -0.600145   -0.596195  0.00101585
           8   -0.598034   -0.596425 0.000909301
           9   -0.594906   -0.596256 0.000819493
          10    -0.59449   -0.596079  0.00075396
          11   -0.594348   -0.595922 0.000699912
          12   -0.596517   -0.595972  0.00064085
          13   -0.597979   -0.596126 0.000609387
          14   -0.597171   -0.596201 0.000569095
          15   -0.594001   -0.596054 0.000549728
          16   -0.594254   -0.595942 0.000526385
          17    -0.59367   -0.595808 0.000512183
          18   -0.596372   -0.595839 0.000483906
          19   -0.598464   -0.595977 0.000478116
          20   -0.596191   -0.595988 0.000453706
           1   -0.584656   -0.584656           0
           2   -0.583696   -0.584176     0.00048
           3   -0.582352   -0.583568  0.00066818
           4   -0.580472   -0.582794 0.000906812
           5   -0.580352   -0.582306 0.000855523
           6   -0.584728   -0.582709 0.000806813
           7     -0.5858   -0.583151 0.000812346
           8   -0.584472   -0.583316 0.000722635
           9   -0.584424   -0.583439 0.000649086
          10   -0.581368   -0.583232 0.000616397
          11    -0.58216   -0.583135 0.000566005
          12   -0.583416   -0.583158 0.000517222
          13   -0.582832   -0.583133 0.000476435
          14     -0.5854   -0.583295 0.000469879
          15   -0.582584   -0.583247 0.000439993
          16   -0.581896   -0.583163 0.000420154
          17    -0.58284   -0.583144 0.000395123
          18   -0.579624   -0.582948 0.000420734
          19   -0.584984   -0.583056 0.000412142
          20   -0.582664   -0.583036 0.000391483
           1   -0.585768   -0.585768           0
           2    -0.58562   -0.585694    7.36e-05
           3   -0.582797   -0.584728 0.000966535
           4   -0.580769   -0.583739  0.00120291
           5   -0.583256   -0.583642 0.000936755
           6   -0.585934   -0.584024 0.000854957
           7   -0.588568   -0.584673 0.000971357
           8   -0.586373   -0.584886 0.000867632
           9   -0.584644   -0.584859  0.00076565
          10   -0.583606   -0.584734 0.000696179
          11   -0.583472   -0.584619 0.000640074
          12   -0.582648   -0.584455 0.000606947
          13   -0.586022   -0.584575 0.000571179
          14   -0.586965   -0.584746 0.000555678
          15   -0.582786   -0.584615 0.000533548
          16   -0.582755   -0.584499 0.000512448
          17   -0.582521   -0.584383 0.000495221
          18   -0.585393   -0.584439 0.000470258
          19   -0.586125   -0.584528 0.000453586
          20   -0.583809   -0.584492 0.000431808
           1    -0.57236    -0.57236           0
           2   -0.572232   -0.572296     6.4e-05
           3   -0.571104   -0.571899 0.000399048
           4   -0.567248   -0.570736  0.00119642
           5   -0.571024   -0.570794 0.000928529
           6   -0.573832     -0.5713 0.000911712
           7    -0.57532   -0.571874 0.000961005
           8   -0.573152   -0.572034 0.000847442
           9   -0.573224   -0.572166 0.000758979
          10   -0.571504     -0.5721 0.000682074
          11   -0.570392   -0.571945 0.000636198
          12   -0.571976   -0.571947 0.000580773
          13   -0.573672    -0.57208 0.000550459
          14   -0.574496   -0.572253 0.000538052
          15   -0.571152   -0.572179 0.000506244
          16    -0.56996    -0.57204 0.000493443
          17   -0.570784   -0.571967 0.000469365
          18   -0.570688   -0.571896 0.000448186
          19   -0.574184   -0.572016 0.000440719
          20   -0.570256   -0.571928 0.000427263
           1   -0.575087   -0.575087           0
           2   -0.573356   -0.574222   0.0008654
           3   -0.569639   -0.572694   0.0016072
           4    -0.56912   -0.571801  0.00144563
           5   -0.571264   -0.571693  0.00112491
           6   -0.575305   -0.572295  0.00109819
           7   -0.579259    -0.57329  0.00136055
           8   -0.572997   -0.573253  0.00117884
           9   -0.573595   -0.573291  0.00104033
          10   -0.572831   -0.573245 0.000931639
          11    -0.57285   -0.573209 0.000843467
          12    -0.57007   -0.572948 0.000813213
          13   -0.574629   -0.573077 0.000759148
          14   -0.575385   -0.573242 0.000721915
          15   -0.571644   -0.573135 0.000680459
          16   -0.570686   -0.572982 0.000654669
          17   -0.573926   -0.573038 0.000617454
          18   -0.573245   -0.573049 0.000582255
          19   -0.574496   -0.573126 0.000555993
          20   -0.572636   -0.573101 0.000528028
           1   -0.561464   -0.561464           0
           2    -0.56312   -0.562292    0.000828
           3   -0.558328   -0.560971  0.00140515
           4   -0.556192   -0.559776  0.00155385
           5    -0.56168   -0.560157  0.00126241
           6   -0.563664   -0.560741  0.00118496
           7   -0.563488   -0.561134   0.0010756
           8   -0.559776   -0.560964 0.000946831
           9   -0.562064   -0.561086 0.000843924
          10   -0.560272   -0.561005 0.000759207
          11   -0.560584   -0.560967 0.000687793
          12   -0.560304   -0.560911  0.00063029
          13   -0.563424   -0.561105 0.000611151
          14   -0.563472   -0.561274 0.000590544
          15   -0.561624   -0.561297 0.000550262
          16   -0.559864   -0.561207 0.000522458
          17    -0.55968   -0.561118 0.000498921
          18   -0.559144   -0.561008 0.000482998
          19   -0.561672   -0.561043 0.000458205
          20   -0.559448   -0.560963 0.000441946
           1   -0.565692   -0.565692           0
           2   -0.563214   -0.564453  0.00123884
           3    -0.55877   -0.562559  0.00202479
           4   -0.556206   -0.560971  0.00213817
           5   -0.562646   -0.561306  0.00168979
           6   -0.565373   -0.561984  0.00153724
           7   -0.564339    -0.56232  0.00134208
           8   -0.563663   -0.562488  0.00117433
           9   -0.563583    -0.56261  0.00104279
          10   -0.562768   -0.562625 0.000932831
          11   -0.562241   -0.562591 0.000844501
          12   -0.560483   -0.562415 0.000790679
          13   -0.566047   -0.562694 0.000779131
          14   -0.563803   -0.562773 0.000725668
          15   -0.561117   -0.562663  0.00068453
          16     -0.5608   -0.562547 0.000650817
          17   -0.563051   -0.562576 0.000612055
          18   -0.562116   -0.562551 0.000577617
          19   -0.562041   -0.562524 0.000547028
          20   -0.560354   -0.562415 0.000530172
           1   -0.550448   -0.550448           0
           2   -0.553408   -0.551928     0.00148
           3   -0.550032   -0.551296  0.00106281
           4   -0.545432    -0.54983   0.0016474
           5   -0.550064   -0.549877  0.00127693
           6   -0.553224   -0.550435  0.00118248
           7   -0.551976   -0.550655  0.00102334
           8    -0.55244   -0.550878 0.000913902
           9   -0.552216   -0.551027 0.000819583
          10   -0.548056    -0.55073 0.000790962
          11     -0.5482     -0.5505 0.000751502
          12    -0.54828   -0.550315 0.000710523
          13   -0.553544   -0.550563 0.000699201
          14   -0.552896    -0.55073 0.000668439
          15   -0.550544   -0.550717 0.000622406
          16   -0.548336   -0.550569  0.00060093
          17   -0.550848   -0.550585 0.000564715
          18   -0.547144   -0.550394 0.000565696
          19   -0.550256   -0.550387 0.000535144
          20   -0.548136   -0.550274 0.000520004
           1   -0.552872   -0.552872           0
           2   -0.553702   -0.553287  0.00041488
           3   -0.549797   -0.552124  0.00118782
           4   -0.547667    -0.55101  0.00139524
           5    -0.55018   -0.550844  0.00109342
           6   -0.555539   -0.551626  0.00118722
           7   -0.556074   -0.552262  0.00118765
           8   -0.553245   -0.552385  0.00103586
           9   -0.556501   -0.552842  0.00102164
          10   -0.550316    -0.55259 0.000948055
          11   -0.549685   -0.552326 0.000897269
          12   -0.550196   -0.552148 0.000838101
          13    -0.55533   -0.552393 0.000808868
          14   -0.555018    -0.55258 0.000771989
          15   -0.551978    -0.55254 0.000719804
          16   -0.547669   -0.552236 0.000738937
          17   -0.553048   -0.552284 0.000695753
          18   -0.551329    -0.55223 0.000658102
          19   -0.550997   -0.552166 0.000625878
          20   -0.548838   -0.551999 0.000616623
           1   -0.540272   -0.540272           0
           2    -0.54348   -0.541876    0.001604
           3   -0.539792   -0.541181  0.00115766
           4   -0.537032   -0.540144  0.00132142
           5   -0.539136   -0.539942  0.00104323
           6   -0.542736   -0.540408  0.00097074
           7   -0.543456   -0.540843 0.000928814
           8      -0.541   -0.540863 0.000804614
           9   -0.543848   -0.541195 0.000783288
          10   -0.540064   -0.541082 0.000709659
          11   -0.537328    -0.54074 0.000726974
          12   -0.539624   -0.540647 0.000670123
          13   -0.539992   -0.540597 0.000618481
          14   -0.543104   -0.540776 0.000599951
          15    -0.54032   -0.540746 0.000559351
          16   -0.538072   -0.540578  0.00054926
          17   -0.540624   -0.540581 0.000515947
          18    -0.53784   -0.540429  0.00050972
          19   -0.539352   -0.540372 0.000485467
          20   -0.537824   -0.540245 0.000477854
           1   -0.541582   -0.541582           0
           2   -0.545298    -0.54344   0.0018582
           3    -0.53938   -0.542086  0.00172702
           4   -0.537541    -0.54095  0.00166807
           5   -0.539999    -0.54076  0.00130601
           6   -0.544662    -0.54141  0.00124904
           7   -0.544092   -0.541793    0.001123
           8   -0.542586   -0.541892 0.000977584
           9   -0.545692   -0.542315 0.000959942
          10   -0.540484   -0.542131 0.000877893
          11   -0.541777   -0.542099 0.000794739
          12   -0.539262   -0.541863 0.000763053
          13   -0.544014   -0.542028 0.000721149
          14   -0.543572   -0.542138 0.000676693
          15   -0.541606   -0.542103 0.000630967
          16    -0.53902    -0.54191 0.000620866
          17     -0.5405   -0.541827 0.000589076
          18   -0.541838   -0.541828 0.000555387
          19   -0.542103   -0.541842 0.000525542
          20   -0.540712   -0.541786 0.000501769
           1    -0.53076    -0.53076           0
           2   -0.533368   -0.532064    0.001304
           3   -0.530504   -0.531544 0.000914989
           4   -0.527144   -0.530444  0.00127617
           5   -0.528736   -0.530102  0.00104587
           6   -0.530888   -0.530233 0.000863932
           7   -0.534152   -0.530793 0.000920062
           8   -0.530376   -0.530741 0.000798501
           9   -0.532648   -0.530953 0.000735399
          10   -0.528376   -0.530695 0.000706437
          11   -0.528496   -0.530495 0.000669542
          12    -0.52908   -0.530377 0.000622481
          13     -0.5308    -0.53041 0.000573521
          14   -0.532528   -0.530561 0.000552112
          15   -0.530576   -0.530562 0.000513989
          16   -0.529168   -0.530475 0.000488625
          17   -0.526888   -0.530264  0.00050516
          18     -0.5284    -0.53016 0.000487397
          19   -0.530624   -0.530185 0.000461677
          20   -0.527824   -0.530067 0.000453613
           1   -0.530829   -0.530829           0
           2   -0.535033   -0.532931    0.002102
           3   -0.530554   -0.532139  0.00144935
           4   -0.528996   -0.531353  0.00129142
           5   -0.530169   -0.531116  0.00102799
           6    -0.53519   -0.531795  0.00107955
           7   -0.534566   -0.532191 0.000994536
           8    -0.53237   -0.532213 0.000861582
           9   -0.534711   -0.532491 0.000808946
          10   -0.529083    -0.53215 0.000799786
          11   -0.529987   -0.531954 0.000749678
          12   -0.529304   -0.531733 0.000719098
          13   -0.532838   -0.531818 0.000666914
          14   -0.533621   -0.531946 0.000630729
          15   -0.532933   -0.532012 0.000590847
          16   -0.531375   -0.531972 0.000554122
          17   -0.529927   -0.531852  0.00053423
          18   -0.530286   -0.531765 0.000511141
          19   -0.531707   -0.531762 0.000483501
          20   -0.530877   -0.531718  0.00046082
           1   -0.520328   -0.520328           0
           2    -0.52344   -0.521884    0.001556
           3    -0.52176   -0.521843 0.000899307
           4   -0.517472    -0.52075  0.00126424
           5   -0.520488   -0.520698 0.000980675
           6   -0.523312   -0.521133 0.000911599
           7   -0.525504   -0.521758 0.000991682
           8   -0.521176   -0.521685 0.000861894
           9   -0.523016   -0.521833 0.000774372
          10   -0.521408    -0.52179 0.000693922
          11    -0.51932   -0.521566 0.000666644
          12    -0.51812   -0.521279 0.000672905
          13   -0.521904   -0.521327 0.000620849
          14   -0.524216   -0.521533  0.00061072
          15   -0.525272   -0.521782 0.000620787
          16   -0.518888   -0.521602 0.000608218
          17   -0.520504   -0.521537 0.000574958
          18   -0.519656   -0.521432 0.000552055
          19   -0.520648   -0.521391 0.000523822
          20   -0.517112   -0.521177 0.000541044
           1   -0.521373   -0.521373           0
           2   -0.525689   -0.523531  0.00215792
           3   -0.520978    -0.52268  0.00150871
           4   -0.517399    -0.52136  0.00169748
           5    -0.52075   -0.521238  0.00132052
           6    -0.52589   -0.522013    0.001328
           7   -0.525958   -0.522577  0.00125593
           8   -0.523558   -0.522699  0.00109456
           9   -0.522137   -0.522637 0.000967329
          10   -0.520597   -0.522433 0.000888928
          11   -0.522419   -0.522432 0.000804067
          12   -0.521864   -0.522384 0.000735531
          13   -0.523162   -0.522444 0.000679229
          14   -0.523907   -0.522549 0.000637464
          15   -0.522957   -0.522576 0.000594072
          16   -0.521027   -0.522479 0.000564071
          17   -0.521122   -0.522399 0.000535834
          18    -0.52198   -0.522376 0.000505724
          19   -0.519342   -0.522216 0.000504322
          20   -0.520071   -0.522109 0.000490316
           1   -0.510152   -0.510152           0
           2   -0.513184   -0.511668    0.001516
           3   -0.511608   -0.511648 0.000875491
           4     -0.5076   -0.510636  0.00118633
           5    -0.50908   -0.510325 0.000970195
           6    -0.51396   -0.510931 0.000997293
           7    -0.51572   -0.511615  0.00108561
           8    -0.51016   -0.511433 0.000957589
           9   -0.513032   -0.511611    0.000863
          10   -0.512104    -0.51166 0.000773466
          11   -0.510952   -0.511596 0.000702581
          12   -0.509224   -0.511398 0.000671126
          13    -0.51356   -0.511564 0.000639355
          14   -0.514232   -0.511755 0.000621842
          15   -0.512408   -0.511798 0.000580538
          16     -0.5098   -0.511673 0.000557222
          17    -0.51116   -0.511643  0.00052429
          18   -0.510952   -0.511605 0.000495795
          19   -0.512856   -0.511671 0.000473575
          20   -0.509864    -0.51158 0.000458265
           1   -0.511165   -0.511165           0
           2   -0.515355    -0.51326  0.00209508
           3   -0.511937   -0.512819  0.00128742
           4   -0.510649   -0.512277  0.00105969
           5   -0.511881   -0.512197 0.000824634
           6   -0.515646   -0.512772 0.000885289
           7    -0.51565   -0.513183 0.000853742
           8    -0.51378   -0.513258 0.000743109
           9   -0.513366    -0.51327 0.000655471
          10   -0.512163   -0.513159 0.000596631
          11    -0.51353   -0.513193 0.000540725
          12   -0.510334   -0.512955  0.00054812
          13   -0.514443   -0.513069 0.000517037
          14   -0.515471   -0.513241 0.000508504
          15   -0.514693   -0.513338 0.000483184
          16   -0.512928   -0.513312 0.000452702
          17   -0.512133   -0.513243 0.000430862
          18   -0.511853   -0.513165 0.000413495
          19   -0.511662   -0.513086 0.000399046
          20   -0.511336   -0.512999 0.000388552
           1   -0.501664   -0.501664           0
           2   -0.502768   -0.502216    0.000552
           3   -0.502416   -0.502283 0.000325596
           4   -0.499392    -0.50156 0.000758455
           5   -0.500448   -0.501338 0.000628183
           6    -0.50404   -0.501788 0.000682595
           7   -0.505376   -0.502301 0.000771713
           8   -0.503888   -0.502499 0.000697158
           9   -0.503832   -0.502647 0.000632424
          10   -0.502464   -0.502629 0.000565953
          11   -0.502104   -0.502581 0.000514142
          12   -0.500664   -0.502421  0.00049579
          13   -0.505152   -0.502631 0.000502108
          14   -0.505536   -0.502839 0.000509059
          15      -0.504   -0.502916 0.000480189
          16   -0.502032   -0.502861 0.000452563
          17   -0.503696    -0.50291 0.000427937
          18   -0.503464   -0.502941 0.000404635
          19   -0.504624   -0.503029 0.000392864
          20   -0.498576   -0.502807 0.000434156
           1   -0.501323   -0.501323           0
           2   -0.504986   -0.503154  0.00183104
           3   -0.502544   -0.502951  0.00107658
           4   -0.501844   -0.502674 0.000809998
           5   -0.502535   -0.502646 0.000628042
           6    -0.50565   -0.503147  0.00071666
           7   -0.507535   -0.503774 0.000871671
           8   -0.505092   -0.503938 0.000772663
           9    -0.50249   -0.503778 0.000700186
          10   -0.503453   -0.503745 0.000627108
          11    -0.50392   -0.503761 0.000567463
          12   -0.502756   -0.503677 0.000524742
          13   -0.506299   -0.503879 0.000523136
          14   -0.507009   -0.504102 0.000533436
          15    -0.50489   -0.504155 0.000499369
          16   -0.504369   -0.504168 0.000467309
          17   -0.503196   -0.504111 0.000442673
          18   -0.505384   -0.504182 0.000423306
          19   -0.505094    -0.50423 0.000403273
          20   -0.500394   -0.504038  0.00042795
           1    -0.49308    -0.49308           0
           2   -0.496656   -0.494868    0.001788
           3   -0.496952   -0.495563  0.00124427
           4   -0.491304   -0.494498  0.00138117
           5   -0.491336   -0.493866  0.00124278
           6   -0.495768   -0.494183  0.00106311
           7   -0.496472    -0.49451 0.000956162
           8   -0.495872    -0.49468 0.000845388
           9   -0.496256   -0.494855 0.000765851
          10   -0.494552   -0.494825 0.000685668
          11   -0.493248   -0.494681  0.00063656
          12    -0.49188   -0.494448 0.000626238
          13   -0.494448   -0.494448 0.000576056
          14   -0.496792   -0.494615 0.000558987
          15   -0.495824   -0.494696 0.000526589
          16   -0.492592   -0.494565  0.00050983
          17    -0.49476   -0.494576  0.00047904
          18    -0.49424   -0.494557 0.000452029
          19   -0.493488   -0.494501 0.000431264
          20   -0.491896   -0.494371 0.000429367
           1   -0.494289   -0.494289           0
           2    -0.49745   -0.495869   0.0015808
           3   -0.495153   -0.495631 0.000943365
           4   -0.490849   -0.494435  0.00136899
           5   -0.493024   -0.494153  0.00109731
           6   -0.496089   -0.494476 0.000952272
           7   -0.497714   -0.494938 0.000928279
           8   -0.495422   -0.494999 0.000806184
           9   -0.496546   -0.495171 0.000731467
          10   -0.494951   -0.495149 0.000654612
          11   -0.494218   -0.495064 0.000598133
          12   -0.492514   -0.494852 0.000585916
          13   -0.498408   -0.495125 0.000604429
          14   -0.495827   -0.495175 0.000561834
          15   -0.497609   -0.495338 0.000547619
          16   -0.493598   -0.495229 0.000523659
          17   -0.495242    -0.49523 0.000491892
          18   -0.498968   -0.495437 0.000508146
          19   -0.495144   -0.495422 0.000480906
          20   -0.492602   -0.495281 0.000477517
           1      -0.485      -0.485           0
           2   -0.488544   -0.486772    0.001772
           3   -0.487912   -0.487152  0.00109136
           4   -0.483496   -0.486238  0.00119621
           5    -0.48376   -0.485742   0.0010508
           6   -0.485016   -0.485621 0.000866472
           7    -0.48856   -0.486041 0.000844101
           8   -0.486568   -0.486107 0.000733974
           9   -0.488448   -0.486367  0.00069761
          10   -0.485696     -0.4863  0.00062756
          11   -0.483936   -0.486085  0.00060697
          12   -0.484264   -0.485933 0.000574492
          13    -0.48904   -0.486172 0.000579977
          14   -0.487136   -0.486241 0.000541349
          15   -0.488832   -0.486414 0.000532745
          16   -0.485424   -0.486352 0.000502163
          17     -0.4864   -0.486355 0.000471709
          18   -0.485632   -0.486315 0.000446541
          19   -0.485936   -0.486295 0.000422855
          20   -0.483576   -0.486159 0.000423562
           1   -0.484555   -0.484555           0
           2   -0.488888   -0.486722  0.00216664
           3    -0.48753   -0.486991  0.00127963
           4   -0.483626    -0.48615  0.00123547
           5   -0.485821   -0.486084  0.00095925
           6   -0.488558   -0.486496 0.000885089
           7   -0.489743    -0.48696 0.000880132
           8   -0.485454   -0.486772 0.000785112
           9   -0.488122   -0.486922 0.000708455
          10    -0.48721   -0.486951 0.000634316
          11   -0.486528   -0.486912 0.000575045
          12   -0.484931   -0.486747 0.000550283
          13   -0.490136   -0.487008 0.000569352
          14   -0.488033   -0.487081 0.000532177
          15   -0.488277   -0.487161 0.000501801
          16   -0.486674    -0.48713 0.000470377
          17   -0.485163   -0.487015 0.000456743
          18   -0.488685   -0.487107 0.000440508
          19   -0.484623   -0.486977 0.000436716
          20    -0.48432   -0.486844 0.000435074
           1   -0.477912   -0.477912           0
           2   -0.479696   -0.478804    0.000892
           3   -0.479304   -0.478971 0.000541294
           4   -0.473968    -0.47772  0.00130792
           5   -0.473232   -0.476822  0.00135355
           6    -0.47872   -0.477139  0.00114953
           7    -0.47904    -0.47741  0.00100878
           8   -0.477488    -0.47742 0.000873686
           9    -0.48092   -0.477809 0.000863096
          10    -0.47852    -0.47788 0.000775245
          11    -0.47652   -0.477756 0.000712051
          12   -0.475688   -0.477584 0.000672475
          13   -0.480728   -0.477826 0.000664184
          14    -0.48028   -0.478001 0.000639413
          15   -0.478792   -0.478054 0.000597591
          16   -0.477408   -0.478013 0.000560451
          17   -0.477432   -0.477979 0.000527562
          18   -0.478064   -0.477984 0.000497413
          19   -0.476312   -0.477896 0.000478664
          20   -0.475312   -0.477767 0.000472123
           1   -0.477586   -0.477586           0
           2   -0.479582   -0.478584  0.00099792
           3   -0.477822    -0.47833 0.000629622
           4   -0.475625   -0.477654 0.000809654
           5   -0.477277   -0.477578  0.00063167
           6   -0.481324   -0.478202 0.000809747
           7   -0.480838   -0.478579 0.000781062
           8     -0.4774   -0.478432 0.000692285
           9   -0.481317   -0.478752 0.000689621
          10   -0.479218   -0.478799 0.000618572
          11   -0.479348   -0.478849  0.00056174
          12   -0.477423    -0.47873 0.000526374
          13   -0.480865   -0.478894 0.000511282
          14   -0.479648   -0.478948 0.000476406
          15    -0.47858   -0.478923 0.000444187
          16   -0.477398   -0.478828 0.000426295
          17   -0.478991   -0.478838 0.000400549
          18   -0.479466   -0.478873 0.000379253
          19   -0.478562   -0.478856 0.000359109
          20   -0.475506   -0.478689  0.00037964
           1   -0.469392   -0.469392           0
           2    -0.47216   -0.470776    0.001384
           3   -0.469448   -0.470333 0.000913476
           4   -0.467616   -0.469654 0.000937397
           5   -0.467696   -0.469262 0.000824972
           6   -0.471928   -0.469707 0.000806903
           7   -0.471456   -0.469957 0.000726304
           8   -0.468056   -0.469719 0.000672368
           9   -0.473632   -0.470154 0.000735288
          10   -0.471168   -0.470255 0.000665436
          11   -0.469256   -0.470164 0.000608725
          12   -0.468632   -0.470037 0.000570171
          13   -0.468832   -0.469944 0.000532605
          14    -0.47156   -0.470059 0.000506426
          15   -0.471792   -0.470175   0.0004854
          16    -0.47024   -0.470179 0.000454068
          17   -0.469872   -0.470161 0.000426905
          18   -0.470216   -0.470164 0.000402502
          19   -0.468848   -0.470095 0.000386977
          20   -0.467592    -0.46997  0.00038786
           1   -0.468697   -0.468697           0
           2   -0.472564   -0.470631  0.00193316
           3   -0.469165   -0.470142   0.0012183
           4   -0.468183   -0.469652 0.000990947
           5   -0.467726   -0.469267  0.00085882
           6   -0.471717   -0.469676 0.000811427
           7   -0.469932   -0.469712 0.000686758
           8    -0.46952   -0.469688 0.000595235
           9   -0.473417   -0.470102 0.000668724
          10   -0.469624   -0.470055 0.000600037
          11   -0.470595   -0.470104 0.000544973
          12   -0.471352   -0.470208 0.000508252
          13   -0.473137   -0.470433 0.000518978
          14   -0.473442   -0.470648 0.000526361
          15   -0.471842   -0.470728 0.000496441
          16   -0.468968   -0.470618 0.000477223
          17   -0.471467   -0.470668 0.000451052
          18   -0.472217   -0.470754 0.000433876
          19   -0.470148   -0.470722  0.00041164
          20   -0.467365   -0.470554 0.000425048
           1   -0.461072   -0.461072           0
           2   -0.464176   -0.462624    0.001552
           3   -0.461696   -0.462315 0.000947939
           4    -0.45804   -0.461246  0.00126148
           5   -0.459968    -0.46099  0.00101002
           6   -0.462968    -0.46132 0.000888103
           7   -0.462848   -0.461538 0.000781681
           8    -0.46156   -0.461541 0.000676961
           9   -0.465184   -0.461946 0.000721306
          10   -0.461416   -0.461893 0.000647327
          11   -0.461584   -0.461865 0.000586202
          12   -0.461976   -0.461874 0.000535207
          13   -0.463024   -0.461962 0.000500203
          14   -0.464712   -0.462159 0.000503022
          15    -0.46508   -0.462354 0.000507167
          16   -0.463104   -0.462401 0.000476724
          17    -0.46172    -0.46236  0.00044959
          18   -0.463656   -0.462432 0.000429945
          19   -0.460896   -0.462352 0.000414648
          20    -0.46016   -0.462242 0.000408347
           1   -0.460594   -0.460594           0
           2   -0.464778   -0.462686  0.00209232
           3   -0.461722   -0.462364  0.00125002
           4   -0.459936   -0.461757  0.00107239
           5   -0.461326   -0.461671 0.000835135
           6   -0.465526   -0.462314 0.000936937
           7    -0.46245   -0.462333 0.000792095
           8   -0.463125   -0.462432 0.000693085
           9   -0.464889   -0.462705 0.000669422
          10   -0.462448   -0.462679 0.000599299
          11   -0.464701   -0.462863 0.000572391
          12   -0.462766   -0.462855 0.000522582
          13    -0.46285   -0.462855 0.000480706
          14    -0.46517    -0.46302 0.000474781
          15   -0.464651   -0.463129 0.000455173
          16   -0.463089   -0.463126 0.000425782
          17     -0.4645   -0.463207 0.000408035
          18   -0.465073   -0.463311 0.000398416
          19    -0.46122   -0.463201 0.000392604
          20    -0.45975   -0.463028 0.000410471
