           1     70.4999     70.4999           0
           2     86.2668     78.3834     7.88347
           3     81.6693     79.4787     4.68146
           4     76.7657     78.8004     3.37906
           5     75.2859     78.0975     2.71015
           6     75.0034     77.5818     2.27212
           7     72.0379     76.7898     2.07721
           8     79.6407     77.1462     1.83387
           9     82.8254     77.7772     1.73606
          10     77.4174     77.7412      1.5532
          11     76.3777     77.6173     1.41038
          12     77.7076     77.6248     1.28752
          13     77.4595     77.6121     1.18441
          14      69.051     77.0006     1.25553
          15     81.7539     77.3175     1.21103
          16      80.384     77.5091     1.14892
          17      76.822     77.4687     1.07998
          18     85.0286     77.8887     1.10143
          19     81.3276     78.0697     1.05745
          20     85.0987     78.4212     1.06297
           1     93.3753     93.3753           0
           2     89.0063     91.1908      2.1845
           3     90.0192     90.8003      1.3203
           4     89.3141     90.4287     1.00481
           5     84.6023     89.2635     1.40131
           6     89.6526     89.3283       1.146
           7     88.4919     89.2088    0.975892
           8     91.7213     89.5229    0.901612
           9     88.1804     89.3737    0.809017
          10     86.8944     89.1258    0.764904
          11     93.7027     89.5419    0.807357
          12     87.4924     89.3711    0.756543
          13     88.7045     89.3198    0.697805
          14     87.3445     89.1787    0.661269
          15     80.2981     88.5867    0.854098
          16     93.5354      88.896    0.856716
          17     93.7521     89.1816    0.853939
          18     91.1711     89.2922    0.812653
          19     90.9255     89.3781    0.773485
          20     86.4279     89.2306    0.748472
           1     62.4215     62.4215           0
           2     71.2734     66.8474     4.42598
           3      69.288      67.661     2.68171
           4     67.1964     67.5448      1.8998
           5     57.3363     65.5031     2.51676
           6     64.1995     65.2858     2.06638
           7      53.704     63.6313     2.40572
           8      61.852     63.4089     2.09525
           9     65.4533      63.636     1.86175
          10     61.6913     63.4416     1.67652
          11     65.8403     63.6596     1.53207
          12     63.8004     63.6714     1.39863
          13     55.2956     63.0271     1.43886
          14     57.3472     62.6214     1.39254
          15     64.9804     62.7786     1.30588
          16     61.7778     62.7161     1.22314
          17     56.4274     62.3462     1.20703
          18     65.4738     62.5199     1.15119
          19     66.7281     62.7414     1.11121
          20     66.1211     62.9104     1.06764
           1     72.7141     72.7141           0
           2     79.5427     76.1284     3.41429
           3     81.0055     77.7541     2.55513
           4     74.3045     76.8917     2.00202
           5     77.3338     76.9801     1.55328
           6     76.4797     76.8967     1.27098
           7     75.9367     76.7596      1.0829
           8     77.4246     76.8427    0.941493
           9      75.829     76.7301    0.837923
          10     67.0414     75.7612     1.22491
          11     83.5452     76.4689     1.31467
          12     79.3025      76.705     1.22313
          13     70.2586     76.2091     1.22955
          14      75.276     76.1425     1.14029
          15     73.7614     75.9837     1.07335
          16     76.3517     76.0067     1.00429
          17      76.215      76.019    0.943449
          18     80.0775     76.2444    0.917625
          19     76.9898     76.2837    0.868872
          20     76.5622     76.2976    0.824402
           1     46.1231     46.1231           0
           2     53.7173     49.9202     3.79713
           3     57.3097     52.3834     3.29745
           4     49.7411     51.7228     2.42341
           5      50.911     51.5604     1.88418
           6     45.1583     50.4934     1.87224
           7     44.4188     49.6256     1.80468
           8     47.9764     49.4195     1.57643
           9     47.8165     49.2414     1.40165
          10     47.9243     49.1097     1.26057
          11     52.5545     49.4228     1.18245
          12     53.8115     49.7885      1.1397
          13     49.9548     49.8013     1.04845
          14     44.9603     49.4555     1.03043
          15     57.6457     50.0016     1.10378
          16      51.109     50.0708     1.03481
          17     50.8444     50.1163    0.973102
          18     54.1187     50.3386     0.94401
          19     57.3455     50.7074      0.9661
          20     49.8006     50.6621    0.917644
           1     64.3782     64.3782           0
           2     60.5036     62.4409     1.93728
           3     68.3317     64.4045      2.2598
           4     63.3427     64.1391     1.61982
           5     63.5098     64.0132       1.261
           6     59.3045     63.2284     1.29459
           7     62.1133     63.0691     1.10567
           8     59.3134     62.5996     1.06643
           9     64.1302     62.7697    0.955756
          10     60.5359     62.5463    0.883558
          11     72.7261     63.4718     1.22277
          12     63.4103     63.4666     1.11624
          13     62.1627     63.3663     1.03168
          14     64.6318     63.4567    0.959417
          15     60.4187     63.2542    0.915845
          16     69.9532     63.6729    0.953532
          17     63.7252     63.6759    0.895693
          18     69.5089          64    0.904508
          19     59.3539     63.7555    0.889837
          20     66.8662      63.911    0.858382
           1     43.1967     43.1967           0
           2     40.3097     41.7532     1.44348
           3     45.7356     43.0807     1.56738
           4     40.1183     42.3401     1.33298
           5     34.9796      40.868      1.7981
           6     36.2591     40.0998     1.65695
           7     34.8819     39.3544     1.58642
           8     34.2572     38.7173     1.51443
           9     40.5546     38.9214     1.35112
          10     39.0029     38.9296      1.2085
          11     36.8246     38.7382     1.10976
          12     40.5191     38.8866     1.02388
          13     42.1272     39.1359    0.974259
          14     34.8761     38.8316    0.951928
          15     44.2005     39.1895    0.955748
          16     37.3151     39.0724    0.901664
          17     42.5795     39.2787    0.871729
          18     43.4163     39.5086    0.853415
          19     45.2356       39.81    0.861689
          20     44.2879     40.0339    0.847578
           1     47.8634     47.8634           0
           2     49.6114     48.7374     0.87401
           3     51.6829     49.7192     1.10391
           4     48.7097     49.4669    0.820366
           5     46.0387     48.7812    0.934816
           6     50.0923     48.9997    0.793934
           7     52.3883     49.4838    0.827384
           8      52.549      49.867    0.812541
           9     49.1791     49.7905    0.720658
          10     50.4987     49.8613    0.648455
          11     56.1807     50.4358     0.82102
          12     55.5787     50.8644    0.863368
          13     45.4797     50.4502     0.89571
          14     53.2181     50.6479    0.852509
          15     46.6302     50.3801    0.837622
          16     54.9457     50.6654    0.833867
          17      53.349     50.8233     0.79903
          18     56.3683     51.1313    0.813885
          19     50.1466     51.0795    0.771601
          20     59.8411     51.5176    0.853079
           1     33.4179     33.4179           0
           2     30.7927     32.1053     1.31264
           3     35.3395     33.1834      1.3178
           4     29.9533     32.3759     1.23305
           5     30.9654     32.0938      0.9959
           6     32.8301     32.2165    0.822357
           7     29.7922     31.8702    0.776524
           8     28.0732     31.3955    0.823106
           9     29.7342     31.2109    0.749015
          10     37.1978     31.8096     0.89847
          11      26.669     31.3423    0.937483
          12     37.7538     31.8766     1.00889
          13     29.5939      31.701    0.944512
          14     31.9109      31.716    0.874576
          15      31.835     31.7239    0.814225
          16     32.0109     31.7419    0.761849
          17     32.0507       31.76    0.715863
          18       38.35     32.1261    0.767826
          19     31.3688     32.0863    0.727384
          20     30.7839     32.0212    0.693123
           1     39.6014     39.6014           0
           2     41.5018     40.5516    0.950199
           3     46.7404     42.6145     2.13464
           4     41.2159     42.2649     1.54938
           5     40.5351     41.9189     1.24902
           6     36.6754      41.045     1.34305
           7     37.4016     40.5245     1.24873
           8     40.9427     40.5768     1.08269
           9     41.7889     40.7115    0.964295
          10     40.9298     40.7333    0.862768
          11     45.2163     41.1408     0.88041
          12     42.8497     41.2832    0.816219
          13     39.8592     41.1737    0.758761
          14     41.3142     41.1837    0.702548
          15     39.1632      41.049    0.667765
          16      39.877     40.9758    0.628917
          17     39.0106     40.8602    0.601968
          18     43.9974     41.0345      0.5937
          19     41.7374     41.0715    0.562802
          20     41.9069     41.1132    0.535552
           1     28.6987     28.6987           0
           2     26.7398     27.7192    0.979462
           3     28.6346     28.0243     0.64255
           4     25.3377     27.3527    0.810894
           5     24.1538     26.7129    0.896573
           6     24.1697      26.289    0.845913
           7      22.072     25.6866    0.934903
           8     24.6873     25.5617    0.819229
           9     25.8944     25.5987    0.723437
          10     29.0381     25.9426    0.732792
          11      23.375     25.7092    0.702735
          12     31.1289     26.1608    0.784548
          13     23.1762     25.9312    0.757318
          14     26.6563      25.983    0.703051
          15     23.3534     25.8077    0.677575
          16     25.6079     25.7952    0.633937
          17     24.7018     25.7309    0.598943
          18     29.5207     25.9415    0.602662
          19     26.3359     25.9622    0.570439
          20     26.0784      25.968    0.541198
           1     34.7994     34.7994           0
           2     36.5406       35.67    0.870561
           3     35.5382     35.6261    0.504534
           4     31.8555     34.6834      1.0079
           5     33.2668     34.4001    0.830538
           6     29.1474     33.5246     1.10737
           7     33.1152     33.4662    0.937725
           8     32.0482     33.2889    0.831211
           9     35.2819     33.5104    0.765777
          10     35.1005     33.6694    0.703148
          11     33.1025     33.6178    0.638106
          12     35.7259     33.7935    0.608421
          13     31.2626     33.5988    0.592562
          14     32.4813      33.519    0.554382
          15     32.1779     33.4296    0.523788
          16     34.4117      33.491    0.493789
          17     32.5162     33.4336    0.467365
          18     36.0692     33.5801    0.464327
          19     29.9767     33.3904    0.478406
          20     37.5882     33.6003    0.500038
           1     20.0722     20.0722           0
           2     22.9354     21.5038     1.43157
           3     23.2086     22.0721     1.00303
           4     21.6167     21.9582    0.718329
           5     21.1169     21.7899    0.581303
           6     19.2559     21.3676     0.63533
           7     21.0099     21.3165    0.539378
           8     18.9022     21.0147    0.556121
           9     22.9511     21.2299    0.535571
          10     21.3181     21.2387    0.479111
          11     19.0551     21.0402    0.476673
          12     23.6389     21.2568    0.486052
          13     19.1194     21.0923    0.476374
          14     22.6403     21.2029    0.454685
          15     20.4136     21.1503    0.426547
          16     22.8129     21.2542    0.412308
          17     20.5199      21.211    0.389697
          18     21.1878     21.2097    0.367412
          19     21.1747     21.2079    0.347542
          20     20.7115     21.1831     0.33064
           1     28.0975     28.0975           0
           2     27.1909     27.6442     0.45326
           3     26.0269     27.1051     0.59925
           4     25.2563     26.6429     0.62704
           5     25.9564     26.5056    0.504739
           6     27.2973     26.6376    0.432728
           7     27.8772     26.8146    0.406339
           8     29.0143     27.0896    0.446579
           9     32.5208     27.6931    0.720616
          10     28.0669     27.7304    0.645622
          11     27.9889     27.7539    0.584459
          12     30.2198     27.9594     0.57174
          13     30.2852     28.1383    0.555521
          14     24.6897      27.892    0.570261
          15      26.112     27.7733    0.543985
          16     26.6348     27.7022    0.513802
          17      24.494     27.5135    0.518217
          18     28.1781     27.5504    0.489973
          19     23.8249     27.3543    0.503239
          20     29.8224     27.4777    0.493106
           1     18.0121     18.0121           0
           2     18.5701     18.2911     0.27898
           3     18.5774     18.3865    0.187227
           4     18.6566     18.4541    0.148616
           5     19.1251     18.5883    0.176816
           6     16.9818     18.3205    0.304183
           7     18.8489      18.396    0.267935
           8     17.6745     18.3058     0.24895
           9     17.8098     18.2507    0.226365
          10     18.8361     18.3093     0.21076
          11     18.3483     18.3128    0.190672
          12     18.5943     18.3363    0.175633
          13     17.0755     18.2393    0.188432
          14     18.7647     18.2768    0.178445
          15     16.1406     18.1344    0.218813
          16     18.5422     18.1599    0.206261
          17     17.1364     18.0997    0.202887
          18     17.5325     18.0682    0.193862
          19     16.8631     18.0047    0.194035
          20     18.5707      18.033     0.18624
           1     23.6791     23.6791           0
           2     23.2496     23.4643    0.214731
           3       21.99     22.9729    0.506846
           4     19.6713     22.1475    0.899837
           5     21.2798      21.974    0.718287
           6     21.4606     21.8884    0.592687
           7     22.9073      22.034    0.521632
           8      23.117     22.1694    0.471597
           9     21.7541     22.1232     0.41846
          10     21.5282     22.0637    0.378982
          11     20.0274     21.8786    0.389592
          12     25.4471      22.176    0.463589
          13     23.6063      22.286    0.440405
          14      21.309     22.2162    0.413665
          15     19.6028      22.042    0.422679
          16     23.0324     22.1039    0.400196
          17     22.1081     22.1041    0.375919
          18     21.0009     22.0428     0.35968
          19     21.3661     22.0072    0.342083
          20     22.5802     22.0359     0.32579
           1     15.2202     15.2202           0
           2     14.6743     14.9472    0.272967
           3     14.7477     14.8807    0.171052
           4     14.2088     14.7127    0.206998
           5     16.2042      15.011    0.338651
           6     14.7958     14.9752    0.278824
           7      16.211     15.1517    0.294451
           8     14.8401     15.1128    0.257959
           9     14.3939     15.0329    0.241114
          10     14.5937      14.989    0.220086
          11      16.454     15.1222    0.239521
          12     15.2065     15.1292    0.218764
          13     14.0531     15.0464    0.217594
          14     14.9078     15.0365    0.201696
          15     14.4881     14.9999    0.191295
          16      16.654     15.1033    0.206655
          17     14.5185     15.0689    0.197143
          18     13.9165     15.0049    0.196586
          19     14.8375     14.9961    0.186161
          20     14.0892     14.9507    0.182336
           1     18.6597     18.6597           0
           2     17.7627     18.2112    0.448491
           3     16.7162     17.7129    0.561577
           4     16.7833     17.4805    0.460103
           5     18.9434     17.7731    0.461114
           6     18.7669     17.9387    0.411327
           7     17.2544      17.841    0.361117
           8     17.4269     17.7892    0.316991
           9     18.2306     17.8382    0.283828
          10     19.1788     17.9723    0.287087
          11     18.4458     18.0153    0.263223
          12      18.029     18.0165    0.240291
          13     18.4109     18.0468    0.223108
          14     17.0914     17.9786     0.21754
          15     15.3431     17.8029    0.268113
          16     18.1341     17.8236     0.25165
          17     17.5179     17.8056    0.237067
          18     18.3007     17.8331    0.225195
          19     17.6639     17.8242    0.213199
          20       17.96      17.831    0.202372
           1     12.6132     12.6132           0
           2      12.452     12.5326   0.0806052
           3     12.0387      12.368    0.171082
           4     12.1094     12.3033    0.137155
           5     13.1677     12.4762    0.202918
           6     13.1154     12.5827    0.196979
           7     12.6773     12.5963    0.167025
           8     13.4546     12.7035    0.180096
           9      13.294     12.7692    0.171847
          10     12.7186     12.7641    0.153788
          11     12.9085     12.7772    0.139724
          12     12.3166     12.7388      0.1332
          13     12.4318     12.7152    0.124782
          14     12.3314     12.6878    0.118734
          15     11.7655     12.6263    0.126487
          16       12.21     12.6003    0.121145
          17     12.9944     12.6235    0.116133
          18     11.5587     12.5643    0.124449
          19     13.3998     12.6083    0.125661
          20     13.0878     12.6323    0.121599
           1      14.279      14.279           0
           2     13.9185     14.0987    0.180274
           3     15.0651     14.4209    0.338522
           4     15.0792     14.5854    0.290491
           5     15.8621     14.8408    0.340333
           6      15.286      14.915     0.28762
           7     15.6753     15.0236    0.266246
           8     14.4987      14.958    0.239729
           9     14.7839     14.9386    0.212304
          10     15.8765     15.0324    0.211789
          11     14.5641     14.9899    0.196245
          12     15.7835      15.056    0.190964
          13     14.3436     15.0012    0.184011
          14     13.8741     14.9207    0.188427
          15     13.2435     14.8089    0.208022
          16     15.9733     14.8816    0.207752
          17     15.6745     14.9283    0.200645
          18     15.6376     14.9677     0.19323
          19     15.1369     14.9766    0.182994
          20     14.9223     14.9739    0.173625
           1     10.9362     10.9362           0
           2     10.9757     10.9559   0.0197783
           3     10.9943     10.9687   0.0171427
           4     10.1871     10.7733    0.195775
           5     9.95703     10.6101    0.222822
           6     10.6061     10.6094    0.181935
           7     10.9126     10.6527    0.159747
           8     10.7738     10.6678     0.13917
           9     11.5885     10.7701    0.159777
          10     11.0689        10.8    0.145999
          11     11.1238     10.8295    0.135301
          12     12.2993     10.9519    0.173949
          13     9.26728     10.8223    0.205904
          14      11.169     10.8471    0.192231
          15     10.9134     10.8515    0.179012
          16     10.2059     10.8112    0.172243
          17     11.2075     10.8345    0.163466
          18     10.2461     10.8018    0.157546
          19     11.5619     10.8418      0.1543
          20     10.1436     10.8069    0.150487
           1     13.0037     13.0037           0
           2     11.0203      12.012     0.99171
           3     12.6309     12.2183    0.608597
           4     13.0421     12.4242    0.477091
           5     13.7965     12.6987    0.460323
           6      12.702     12.6992    0.375853
           7     12.5449     12.6772    0.318418
           8     14.1416     12.8603    0.330983
           9      12.918     12.8667     0.29197
          10     13.3267     12.9127    0.265167
          11     11.1494     12.7524    0.288486
          12      13.752     12.8357     0.27621
          13     12.7632     12.8301    0.254138
          14      12.823     12.8296    0.235286
          15      10.574     12.6792    0.265687
          16     12.0685      12.641    0.251442
          17     12.2688     12.6192    0.237202
          18     13.4751     12.6667    0.228635
          19     13.1803     12.6937     0.21795
          20      13.118     12.7149    0.207851
           1     9.53852     9.53852           0
           2     8.76657     9.15255    0.385976
           3     9.95328     9.41946    0.347709
           4     9.40835     9.41668    0.245883
           5     9.74009     9.48136    0.201144
           6     9.11349     9.42005    0.175305
           7     8.36081     9.26873    0.211776
           8     9.42969     9.28885    0.184504
           9     9.37762     9.29871    0.163016
          10     9.42811     9.31165    0.146379
          11     9.65934     9.34326    0.136125
          12     10.0108     9.39888    0.136146
          13     8.56586     9.33481    0.140678
          14     10.0515       9.386    0.139941
          15     9.45051      9.3903    0.130349
          16     10.2108     9.44158    0.132274
          17     9.60158     9.45099    0.124606
          18     9.49544     9.45346    0.117506
          19     9.43771     9.45263    0.111152
          20     8.97803      9.4289    0.108085
           1     10.1611     10.1611           0
           2     9.40005     9.78057     0.38052
           3     11.0883     10.2165    0.488135
           4      10.927     10.3941    0.388194
           5     11.0761     10.5305    0.330186
           6     11.2341     10.6478    0.293993
           7     10.6144      10.643    0.248515
           8      10.407     10.6135    0.217233
           9     10.9019     10.6456    0.194243
          10      10.958     10.6768    0.176523
          11     9.85266     10.6019    0.176375
          12     11.2289     10.6541    0.169274
          13     10.4087     10.6352     0.15685
          14     11.1152     10.6695    0.149207
          15     9.12885     10.5668    0.172755
          16     11.0645     10.5979    0.164564
          17     10.2576     10.5779    0.155872
          18      10.906     10.5961    0.148083
          19     11.0955     10.6224    0.142518
          20     10.9884     10.6407    0.136437
           1     8.16047     8.16047           0
           2     8.54869     8.35458     0.19411
           3     8.37602     8.36172    0.112297
           4      8.3279     8.35327   0.0798551
           5     8.54935     8.39248   0.0732399
           6     8.65894     8.43689   0.0744863
           7     7.92359     8.36356   0.0966447
           8     7.82881     8.29672    0.107113
           9     7.97613      8.2611    0.100958
          10     7.63498     8.19849    0.109883
          11     8.96433     8.26811    0.121351
          12     8.62407     8.29777    0.114681
          13     7.79014     8.25872    0.112486
          14     8.69986     8.29023    0.108805
          15     7.91838     8.26544    0.104281
          16      8.7417     8.29521    0.101987
          17     7.99357     8.27747   0.0974291
          18     8.51896     8.29088   0.0928317
          19      8.9239      8.3242   0.0939181
          20     9.06649     8.36131   0.0965196
           1     9.22055     9.22055           0
           2     8.37806      8.7993    0.421249
           3     10.0588     9.21914    0.485189
           4     9.65148     9.32722    0.359703
           5     9.44232     9.35024    0.279574
           6     9.70834     9.40992    0.235945
           7     9.93096     9.48436    0.212849
           8      10.088     9.55981    0.199176
           9     8.38001     9.42872    0.219179
          10     9.23245     9.40909     0.19702
          11     8.79332     9.35311    0.186797
          12     10.2104     9.42456    0.184882
          13     9.59844     9.43793    0.170592
          14     9.19906     9.42087    0.158857
          15     8.56966     9.36412    0.158401
          16       9.416     9.36737    0.148206
          17     9.91688     9.39969    0.142919
          18     9.58642     9.41006    0.135144
          19     9.55881     9.41789    0.128073
          20     9.20901     9.40745    0.121949
           1      7.2393      7.2393           0
           2     7.42408     7.33169    0.092392
           3     7.56952     7.41097   0.0955527
           4      7.1164     7.33732    0.099941
           5      7.4688     7.36362   0.0817579
           6     7.59073     7.40147   0.0767397
           7     8.03341     7.49175    0.111159
           8     7.89641     7.54233    0.108747
           9     7.46248     7.53346    0.096315
          10      7.5713     7.53724   0.0862298
          11     7.49389      7.5333   0.0780973
          12     7.60606     7.53936   0.0715501
          13     7.35014     7.52481   0.0674069
          14     7.13985     7.49731   0.0681959
          15     6.85297     7.45435   0.0766539
          16     7.48786     7.45645   0.0717337
          17     7.61988     7.46606   0.0680645
          18     7.35562     7.45993   0.0644645
          19     7.47042     7.46048   0.0609798
          20     7.75915     7.47541   0.0597469
           1     8.14222     8.14222           0
           2     8.28614     8.21418    0.071956
           3     7.78991     8.07276    0.147398
           4      8.2696     8.12197     0.11526
           5     7.29312      7.9562    0.188283
           6     8.50047     8.04691      0.1785
           7     9.14937      8.2044     0.21809
           8      8.8632     8.28675    0.206043
           9     8.27005      8.2849    0.181722
          10     8.43026     8.29943    0.163186
          11     7.68869     8.24391    0.157704
          12     8.63192     8.27625     0.14755
          13     7.86701     8.24477    0.139329
          14     8.20202     8.24171     0.12903
          15     7.99603     8.22533    0.121232
          16     7.90987     8.20562    0.115103
          17     8.29464     8.21085    0.108247
          18     8.63909     8.23464    0.104793
          19     7.20305     8.18035     0.11302
          20     8.21811     8.18224    0.107237
           1     6.67598     6.67598           0
           2     6.68842      6.6822  0.00621965
           3     6.18399     6.51613    0.166107
           4     6.96936     6.62944      0.1632
           5     6.70479     6.64451    0.127309
           6     6.68017     6.65045    0.104118
           7     6.65609     6.65126    0.087999
           8     6.60982     6.64608   0.0763852
           9     6.48372     6.62804    0.069739
          10     6.48173     6.61341   0.0640692
          11     6.50254     6.60333   0.0588228
          12     6.76563     6.61685   0.0553747
          13     6.61339     6.61659    0.050938
          14     6.42488     6.60289   0.0491072
          15     6.44892     6.59263   0.0468546
          16     6.58909     6.59241    0.043829
          17     6.01524     6.55846   0.0533633
          18     6.59328     6.56039   0.0503486
          19     6.68703     6.56706   0.0480891
          20     7.01203     6.58931   0.0507574
           1     6.96278     6.96278           0
           2     7.28871     7.12575    0.162963
           3     6.38603     6.87918    0.263912
           4     7.27961     6.97929     0.21177
           5     6.86913     6.95725    0.165509
           6     7.07631      6.9771    0.136587
           7     6.92562     6.96974    0.115671
           8     6.72186     6.93876    0.104857
           9     6.78284     6.92143   0.0940835
          10     7.02523     6.93181   0.0847886
          11     7.37758     6.97234   0.0867422
          12      7.9008     7.04971     0.11071
          13     7.89568     7.11478    0.120854
          14     7.58983     7.14872    0.116921
          15      6.4821     7.10427     0.11757
          16     7.34591     7.11938    0.111009
          17     7.42249     7.13721    0.105788
          18     7.20482     7.14096   0.0998088
          19     7.76033     7.17356   0.0998791
          20      6.9829     7.16403    0.095232
           1     5.71189     5.71189           0
           2     6.15941     5.93565    0.223758
           3      5.9636     5.94496    0.129523
           4     6.10542     5.98508   0.0999859
           5     6.01088     5.99024   0.0776204
           6     6.02675     5.99632   0.0636683
           7     5.96998     5.99256    0.053941
           8      6.0999     6.00598   0.0486029
           9     5.66861     5.96849   0.0569424
          10     5.96172     5.96781   0.0509354
          11     5.58943     5.93342   0.0574976
          12     6.33042      5.9665   0.0620446
          13     5.77935      5.9521   0.0588605
          14     5.88001     5.94695    0.054737
          15     5.99339     5.95005   0.0510513
          16     6.02801     5.95492   0.0480021
          17     6.15581     5.96674   0.0466129
          18      6.4612     5.99421   0.0518263
          19     5.97694      5.9933   0.0490312
          20     6.23261     6.00527   0.0480294
           1     6.75839     6.75839           0
           2     5.89668     6.32754    0.430855
           3     6.14995     6.26834    0.255701
           4     6.97835     6.44584    0.253374
           5     6.48044     6.45276    0.196385
           6     6.98465     6.54141     0.18322
           7     6.45703     6.52936    0.155318
           8     6.08865     6.47427    0.145353
           9     6.60091     6.48834    0.128959
          10     6.70395      6.5099    0.117342
          11     6.28633     6.48958    0.108069
          12     6.44952     6.48624    0.098709
          13       6.937     6.52091   0.0971944
          14      6.6225     6.52817   0.0902766
          15     6.44984     6.52295    0.084205
          16     6.57583     6.52625   0.0788359
          17     6.39657     6.51862   0.0744453
          18     6.48454     6.51673   0.0702132
          19     6.99488      6.5419   0.0710231
          20     6.42046     6.53582   0.0676514
           1     5.25392     5.25392           0
           2     5.66729      5.4606    0.206683
           3     5.45368     5.45829    0.119351
           4     5.21203     5.39673    0.104465
           5     5.43357      5.4041   0.0812528
           6     5.64943     5.44499   0.0779315
           7     5.33523     5.42931   0.0677047
           8     5.74252     5.46846    0.070504
           9     5.25603     5.44486   0.0665079
          10     5.36978     5.43735   0.0599584
          11     5.22173     5.41775   0.0576679
          12      5.6596      5.4379   0.0563696
          13     5.24598     5.42314   0.0539132
          14     5.70984     5.44362   0.0539517
          15      5.1299      5.4227   0.0544067
          16     5.34347     5.41775   0.0511331
          17     5.21518     5.40583   0.0494872
          18     5.22569     5.39583   0.0477182
          19     5.37602     5.39478    0.045149
          20     5.26587     5.38834   0.0433143
           1     5.91808     5.91808           0
           2     5.13252      5.5253    0.392778
           3     5.86439     5.63833     0.25338
           4     6.27193     5.79673    0.239146
           5     5.84934     5.80725    0.185541
           6     5.75681     5.79885    0.151726
           7     6.10664     5.84282    0.135561
           8     6.20444     5.88802    0.125801
           9     5.81019     5.87937    0.111283
          10     5.77093     5.86853    0.100123
          11     5.21033     5.80869    0.108547
          12     6.01801     5.82614    0.100613
          13     5.88436     5.83061   0.0926585
          14     6.07945     5.84839    0.087607
          15     5.68268     5.83734   0.0823025
          16       6.341     5.86882   0.0831739
          17     5.88323     5.86967   0.0781329
          18     6.24213     5.89036   0.0765155
          19     5.41423      5.8653    0.076592
          20     5.84293     5.86418   0.0726701
           1     4.87428     4.87428           0
           2     5.26027     5.06727    0.192992
           3     4.97916      5.0379     0.11523
           4      4.9761     5.02245   0.0829321
           5     5.08513     5.03499   0.0654505
           6     5.00137     5.02939   0.0537329
           7     4.68785     4.98059    0.066655
           8     4.79703     4.95765   0.0621181
           9     4.95437     4.95728   0.0547842
          10     4.42406     4.90396   0.0724181
          11     4.77436     4.89218   0.0665559
          12     5.26374     4.92314    0.068192
          13     4.88735     4.92039   0.0627879
          14     4.86356     4.91633   0.0582719
          15     4.76571     4.90629   0.0551697
          16     4.92837     4.90767   0.0516249
          17     4.75125     4.89847   0.0493584
          18     4.95872     4.90182   0.0466558
          19     5.16743      4.9158   0.0462932
          20     4.98451     4.91923   0.0440518
           1     5.20663     5.20663           0
           2     5.11718      5.1619   0.0447251
           3     5.03711      5.1203    0.048961
           4     5.35485     5.17894   0.0680949
           5       4.957     5.13455   0.0689376
           6     5.38363     5.17607   0.0699401
           7      5.4281     5.21207   0.0692125
           8      5.1703     5.20685   0.0601668
           9     5.01988     5.18607   0.0569839
          10     5.21414     5.18888   0.0510452
          11     5.34408     5.20299   0.0482798
          12     5.13662     5.19746   0.0444189
          13     5.11577     5.19118   0.0413399
          14     5.27719     5.19732   0.0387633
          15     5.06752     5.18867   0.0371096
          16     5.49891     5.20806   0.0397612
          17     4.70043      5.1782   0.0478183
          18     5.01189     5.16896   0.0460205
          19     5.34137     5.17803   0.0444668
          20     5.31328     5.18479   0.0427235
           1     4.49403     4.49403           0
           2     4.72417      4.6091    0.115067
           3      4.3424      4.5202    0.110982
           4     4.28632     4.46173   0.0978628
           5     4.18674     4.40673   0.0936533
           6     4.75809     4.46529   0.0963151
           7     4.88399     4.52511    0.101014
           8      4.5387     4.52681   0.0874975
           9     4.49204     4.52294   0.0772621
          10     4.36779     4.50743   0.0708258
          11     4.42821     4.50023   0.0644678
          12      4.7039      4.5172   0.0612494
          13      4.5436     4.51923   0.0563778
          14     4.64397     4.52814   0.0529507
          15     4.42613     4.52134   0.0497613
          16      4.7455     4.53535   0.0486102
          17     4.71933     4.54617   0.0469264
          18     4.51586     4.54449   0.0442746
          19     4.61277     4.54808   0.0420335
          20     4.76052      4.5587    0.041267
           1     4.65015     4.65015           0
           2     4.65368     4.65192  0.00176174
           3     4.59862     4.63415   0.0177931
           4     4.85634      4.6897    0.056953
           5     4.71467     4.69469   0.0443974
           6     4.96022     4.73895   0.0572064
           7     4.62217     4.72226   0.0511456
           8     4.86196     4.73973   0.0476111
           9     4.61915     4.72633   0.0440745
          10     4.47545     4.70124   0.0467275
          11     4.78636     4.70898    0.042969
          12     4.98195     4.73173   0.0453437
          13     4.84899     4.74075   0.0426743
          14     4.56138     4.72793   0.0415342
          15     4.59292     4.71893   0.0397001
          16      4.9852     4.73558   0.0406944
          17     4.61569     4.72852   0.0388708
          18      4.9032     4.73823   0.0379108
          19     4.42698     4.72185   0.0394245
          20     4.84256     4.72788   0.0378852
           1     4.11291     4.11291           0
           2     4.36831     4.24061    0.127701
           3     4.55329     4.34484    0.127667
           4      4.3042     4.33468   0.0908438
           5     4.30616     4.32897   0.0705981
           6     4.25136     4.31604   0.0590769
           7     4.19294     4.29845   0.0529356
           8     4.30507     4.29928    0.045851
           9     3.92738     4.25796   0.0578156
          10     4.17143     4.24931   0.0524307
          11     4.42455     4.26524   0.0500298
          12     4.13273     4.25419   0.0469867
          13      4.1116     4.24323   0.0445915
          14     4.24546     4.24339    0.041284
          15     3.92381     4.22208   0.0439434
          16     4.43672      4.2355   0.0432389
          17     4.07007     4.22576   0.0417652
          18     4.28715     4.22918    0.039524
          19      3.9708     4.21558   0.0397823
          20     4.20644     4.21512   0.0377436
           1     4.46551     4.46551           0
           2     4.52962     4.49756   0.0320553
           3     4.44111     4.47875   0.0263933
           4     4.31896      4.4388   0.0440915
           5     4.22967     4.39697   0.0539994
           6     4.10893     4.34897   0.0651816
           7     4.54571     4.37707   0.0618443
           8     4.36927      4.3761   0.0535676
           9     4.23634     4.36057   0.0497287
          10     4.27446     4.35196   0.0453046
          11     4.47283     4.36295   0.0424271
          12     4.38704     4.36495   0.0387825
          13     4.45839     4.37214   0.0363915
          14     4.34138     4.36994   0.0337635
          15      4.1039     4.35221   0.0360911
          16     4.17203     4.34095   0.0355887
          17     4.21385     4.33347   0.0342556
          18     4.08408     4.31962   0.0351429
          19     4.18109     4.31232   0.0340321
          20      4.3748     4.31545   0.0324364
           1     3.73908     3.73908           0
           2     3.85481     3.79695   0.0578692
           3     3.93862     3.84417   0.0578493
           4     3.78242     3.82873    0.043722
           5     4.04659     3.87231   0.0551861
           6     3.83665     3.86636   0.0454496
           7     3.65871      3.8367    0.048533
           8     3.60376     3.80758   0.0511314
           9     3.70039     3.79567   0.0466398
          10     3.72762     3.78886   0.0422674
          11     3.53782     3.76604   0.0445262
          12     3.98989      3.7847   0.0447227
          13     3.77367     3.78385   0.0411476
          14     3.91642     3.79332   0.0392546
          15     3.91501     3.80143   0.0374338
          16      3.9915     3.81331   0.0369763
          17     3.76792     3.81064   0.0348356
          18     3.88403     3.81472   0.0330955
          19      3.7451     3.81105   0.0315189
          20     3.90856     3.81593   0.0302963
           1     4.31097     4.31097           0
           2     4.07528     4.19313    0.117847
           3     3.88707     4.09111    0.122625
           4     3.83209     4.02635     0.10822
           5     3.94053     4.00919   0.0855665
           6      3.9235     3.99491   0.0713095
           7     3.95713     3.98951   0.0605087
           8     3.97902      3.9882   0.0524185
           9     3.83017     3.97064   0.0494512
          10     3.79275     3.95285   0.0476737
          11     3.93988     3.95167   0.0431386
          12      4.1096     3.96483    0.041521
          13     3.83027     3.95448   0.0395716
          14     3.96228     3.95504   0.0366404
          15     3.82551      3.9464   0.0351864
          16     4.08956     3.95535   0.0341083
          17     4.13406     3.96586   0.0337197
          18     4.00691     3.96814    0.031873
          19     4.14397      3.9774   0.0315372
          20     4.12699     3.98488   0.0308395
           1     3.41244     3.41244           0
           2     3.44843     3.43043   0.0179954
           3     3.67299     3.51129   0.0815176
           4     3.39839     3.48306   0.0641806
           5     3.54089     3.49463   0.0510417
           6     3.56288       3.506   0.0432001
           7     3.50718     3.50617   0.0365111
           8     3.42296     3.49577   0.0332865
           9     3.51105     3.49747   0.0294049
          10     3.27458     3.47518   0.0344746
          11      3.5875     3.48539   0.0328127
          12     3.68586      3.5021   0.0342973
          13     3.40654     3.49475   0.0323938
          14     3.61834     3.50357   0.0312632
          15     3.45045     3.50003   0.0293191
          16     3.73331     3.51461   0.0310602
          17     3.53596     3.51587    0.029203
          18     3.36741     3.50762   0.0287416
          19     3.81772     3.52394   0.0317096
          20      3.4366     3.51957   0.0303977
           1      3.6331      3.6331           0
           2     4.00045     3.81677    0.183676
           3     3.81505      3.8162    0.106047
           4     3.65495     3.77589   0.0851348
           5     3.39919     3.70055    0.100124
           6     3.63318     3.68932   0.0825188
           7     3.73292     3.69555   0.0700187
           8     3.56594     3.67935    0.062765
           9     3.73705     3.68576   0.0557236
          10     3.48424     3.66561   0.0537604
          11     3.65193     3.66436    0.048644
          12     3.85192     3.67999   0.0470762
          13     3.76487     3.68652   0.0437932
          14     3.75732     3.69158   0.0408587
          15     3.53891      3.6814   0.0393756
          16      3.8754     3.69352   0.0387768
          17     3.68538     3.69305   0.0364277
          18     3.48546     3.68151   0.0362289
          19     3.78898     3.68717   0.0347327
          20     3.67487     3.68655   0.0329561
           1     3.24834     3.24834           0
           2     3.29577     3.27206   0.0237177
           3     3.21394     3.25268   0.0237238
           4     3.23015     3.24705   0.0176958
           5     3.50149     3.29794    0.052702
           6      3.2797      3.2949   0.0431383
           7     3.14748     3.27384   0.0421041
           8     3.10551      3.2528   0.0420986
           9     3.47758     3.27777   0.0447461
          10     3.17073     3.26707   0.0414288
          11     3.43399     3.28224   0.0404294
          12     3.33125     3.28633   0.0371321
          13      3.3501     3.29123   0.0345071
          14     3.33583     3.29442   0.0321057
          15     3.14331     3.28434   0.0315408
          16     3.27152     3.28354   0.0295146
          17     3.31314     3.28528   0.0277787
          18     3.21977     3.28164   0.0264418
          19     3.21062     3.27791   0.0252892
          20     3.37275     3.28265   0.0244557
           1     3.44784     3.44784           0
           2      3.3507     3.39927   0.0485676
           3      3.5651     3.45455   0.0619814
           4     3.55769     3.48033   0.0508499
           5     3.57527     3.49932   0.0437263
           6     3.48368     3.49671   0.0357974
           7      3.3975     3.48254   0.0334099
           8     3.52369     3.48768   0.0293875
           9     3.55703     3.49539   0.0270384
          10     3.37048      3.4829   0.0272189
          11     3.29577     3.46589   0.0299261
          12     3.41595     3.46173   0.0276338
          13      3.4729     3.46258   0.0254339
          14     3.41237       3.459   0.0238188
          15     3.29387     3.44799   0.0247565
          16     3.59369      3.4571   0.0248838
          17     3.19797     3.44185   0.0279052
          18     3.27189     3.43241   0.0279523
          19     3.39116     3.43024   0.0265293
          20     3.44701     3.43108   0.0251818
           1     3.00987     3.00987           0
           2     3.05358     3.03172   0.0218555
           3     3.03775     3.03373    0.012777
           4     3.03327     3.03361  0.00903545
           5      3.2829     3.08347   0.0503452
           6     3.11203     3.08823   0.0413813
           7     3.23231     3.10881   0.0405806
           8     2.95718     3.08986    0.039929
           9     3.09057     3.08994   0.0352141
          10     3.02012     3.08296   0.0322611
          11     3.10297     3.08477   0.0292379
          12     3.10537     3.08649   0.0267456
          13     3.06251     3.08465   0.0246714
          14     2.96882     3.07637   0.0242934
          15     2.99907     3.07122   0.0231957
          16     3.11508     3.07396   0.0218701
          17     3.07968      3.0743   0.0205461
          18     3.03372     3.07204   0.0195018
          19     2.96495     3.06641   0.0192887
          20      2.8451     3.05534   0.0213844
           1     3.18169     3.18169           0
           2      3.1796     3.18065  0.00104624
           3     3.11985     3.16038   0.0202749
           4     3.15353     3.15867   0.0144384
           5     3.25956     3.17885   0.0230704
           6     3.26876     3.19383   0.0240703
           7     3.30001       3.209   0.0253752
           8     3.28202     3.21813   0.0237959
           9     3.21625     3.21792    0.020987
          10     3.23261     3.21939   0.0188287
          11     3.17816     3.21564   0.0174387
          12     3.22627     3.21653   0.0159439
          13     3.23761     3.21815   0.0147557
          14     3.21303     3.21778    0.013666
          15     2.94851     3.19983   0.0220024
          16     3.41391     3.21321   0.0245481
          17     3.04275     3.20318   0.0251447
          18     3.11363     3.19821   0.0242231
          19     3.12288     3.19424   0.0232532
          20     3.17068     3.19307   0.0220914
           1     2.92911     2.92911           0
           2     2.89692     2.91302   0.0160956
           3     2.82574     2.88392   0.0305415
           4     2.76763     2.85485   0.0362171
           5         2.9     2.86388   0.0294713
           6     2.91096     2.87173   0.0253102
           7     2.93644     2.88097   0.0233034
           8     2.80372     2.87132   0.0223729
           9     2.89572     2.87403   0.0199166
          10     2.81859     2.86848   0.0186567
          11     2.84323     2.86619   0.0170311
          12      2.7988     2.86057   0.0165304
          13     2.81718     2.85723   0.0155677
          14     2.88863     2.85948   0.0145863
          15     2.75789      2.8527   0.0151742
          16     2.83595     2.85166   0.0142328
          17     2.79872     2.84854   0.0137273
          18      2.7942     2.84552   0.0132897
          19      2.7609     2.84107   0.0133365
          20     2.87618     2.84283   0.0127733
           1     2.92918     2.92918           0
           2     2.94081     2.93499  0.00581307
           3     3.01439     2.96146   0.0266762
           4     2.78467     2.91726   0.0480529
           5     3.01379     2.93657   0.0419304
           6     2.83746     2.92005   0.0380126
           7     3.02899     2.93561   0.0356977
           8     2.92278     2.93401   0.0309567
           9     2.99767     2.94108   0.0282027
          10     2.98592     2.94557   0.0256206
          11     2.99405     2.94997   0.0235902
          12     2.89635     2.94551   0.0219936
          13     2.82138     2.93596   0.0223711
          14     2.90457     2.93372   0.0208326
          15     2.83883     2.92739   0.0203996
          16     2.95916     2.92938   0.0191851
          17     2.85161      2.9248   0.0185928
          18     2.99122     2.92849   0.0179136
          19     2.93673     2.92892   0.0169501
          20     3.10437      2.9377   0.0183173
           1     2.68164     2.68164           0
           2     2.67236       2.677  0.00464066
           3     2.68731     2.68044  0.00435714
           4      2.7471      2.6971    0.016949
           5     2.62465     2.68261   0.0195535
           6     2.56361     2.66278   0.0254616
           7     2.78757     2.68061   0.0279441
           8      2.7359     2.68752    0.025168
           9     2.68546     2.68729   0.0221973
          10     2.69898     2.68846   0.0198882
          11     2.70703     2.69015   0.0180687
          12     2.64136     2.68608   0.0169881
          13     2.58272     2.67813   0.0175333
          14     2.86625     2.69157   0.0210723
          15     2.77085     2.69685   0.0203169
          16     2.78926     2.70263   0.0198628
          17     2.67285     2.70088   0.0187399
          18     2.60157     2.69536   0.0185095
          19     2.96209      2.7094   0.0224412
          20     2.91445     2.71965   0.0236296
           1     2.81224     2.81224           0
           2     2.70528     2.75876   0.0534812
           3        2.76     2.75917   0.0308801
           4     2.79705     2.76864      0.0238
           5     2.66229     2.74737   0.0281477
           6      2.7009     2.73963   0.0242528
           7     2.89658     2.76205   0.0303791
           8     2.95448      2.7861   0.0356472
           9     2.62391     2.76808   0.0362367
          10     2.91131      2.7824   0.0354348
          11     2.79412     2.78347   0.0320697
          12      2.8948     2.79275   0.0307103
          13     2.80457     2.79366    0.028264
          14     2.65359     2.78365   0.0280148
          15     2.80004     2.78474   0.0261033
          16     2.92285     2.79337   0.0258982
          17     2.72935     2.78961   0.0246169
          18     2.80589     2.79051   0.0232267
          19     2.78887     2.79043   0.0219704
          20     2.69472     2.78564   0.0213852
           1     2.61595     2.61595           0
           2     2.49911     2.55753   0.0584187
           3     2.52537     2.54681   0.0353915
           4     2.33915     2.49489   0.0576329
           5     2.49915     2.49575   0.0446504
           6     2.54535     2.50401   0.0373827
           7     2.61315     2.51961   0.0352317
           8      2.4646     2.51273   0.0312767
           9     2.60529     2.52301   0.0294382
          10     2.41922     2.51263   0.0283022
          11     2.58916     2.51959   0.0265288
          12     2.61341     2.52741   0.0254482
          13      2.4465     2.52119   0.0242223
          14     2.65289     2.53059   0.0243186
          15     2.47709     2.52703   0.0229187
          16     2.58094      2.5304   0.0217017
          17     2.49476      2.5283   0.0204927
          18     2.40148     2.52125   0.0205653
          19     2.50652     2.52048   0.0194683
          20      2.6746     2.52818   0.0200123
           1      2.5337      2.5337           0
           2     2.72115     2.62742   0.0937227
           3     2.63471     2.62985   0.0541654
           4     2.50429     2.59846   0.0495214
           5     2.66667      2.6121   0.0407123
           6     2.76349     2.63734   0.0417329
           7     2.70422     2.64689    0.036542
           8     2.59984     2.64101   0.0321881
           9     2.57268     2.63342   0.0293851
          10     2.60013     2.63009   0.0264928
          11     2.66721     2.63346   0.0242001
          12     2.72954     2.64147   0.0234977
          13     2.59347     2.63778   0.0219279
          14     2.57099     2.63301   0.0208542
          15      2.6853     2.63649   0.0197247
          16     2.64406     2.63697   0.0184569
          17     2.58058     2.63365   0.0176517
          18     2.66445     2.63536   0.0167299
          19     2.64597     2.63592   0.0158347
          20     2.57429     2.63284   0.0153349
           1     2.33549     2.33549           0
           2     2.46326     2.39937   0.0638856
           3      2.4263     2.40835   0.0379609
           4     2.37183     2.39922   0.0283521
           5     2.42796     2.40497   0.0227012
           6      2.4186     2.40724   0.0186742
           7     2.44765     2.41301   0.0168051
           8      2.3687     2.40747   0.0155722
           9     2.25498     2.39053   0.0218107
          10     2.33051     2.38453   0.0204104
          11     2.29057     2.37599   0.0203419
          12     2.43185     2.38064   0.0191442
          13     2.35548     2.37871   0.0177162
          14     2.44412     2.38338   0.0170546
          15     2.36333     2.38204   0.0159331
          16     2.35397     2.38029    0.015007
          17     2.32647     2.37712   0.0144478
          18     2.48073     2.38288   0.0147878
          19      2.5683     2.39264   0.0170558
          20     2.40023     2.39302    0.016185
           1     2.48193     2.48193           0
           2     2.48694     2.48443  0.00250455
           3     2.37884     2.44924   0.0352278
           4     2.36492     2.42816   0.0326324
           5     2.47391     2.43731   0.0268823
           6     2.58578     2.46205   0.0330779
           7     2.53104     2.47191   0.0296421
           8     2.39325     2.46208   0.0274894
           9     2.48941     2.46511   0.0244329
          10     2.42439     2.46104   0.0222296
          11     2.31948     2.44817   0.0238731
          12     2.44375      2.4478   0.0217962
          13     2.38313     2.44283   0.0206575
          14     2.46991     2.44476   0.0192227
          15     2.51321     2.44933    0.018468
          16     2.38034     2.44501   0.0178052
          17     2.41932      2.4435   0.0167932
          18     2.35676     2.43868   0.0165499
          19     2.42676     2.43806   0.0156673
          20     2.48953     2.44063   0.0150844
           1     2.39504     2.39504           0
           2     2.37933     2.38718  0.00785279
           3      2.2436     2.33932   0.0480738
           4     2.25264     2.31765   0.0403134
           5     2.31262     2.31665   0.0312429
           6     2.25239     2.30594   0.0276667
           7     2.21026     2.29227   0.0270841
           8     2.30038     2.29328   0.0234774
           9     2.31348     2.29553   0.0208264
          10     2.28885     2.29486   0.0186396
          11     2.22324     2.28835   0.0180737
          12      2.3039     2.28964   0.0165497
          13     2.16297      2.2799    0.018075
          14     2.23861     2.27695    0.016992
          15     2.28872     2.27774   0.0158382
          16     2.21743     2.27397   0.0152872
          17     2.19156     2.26912    0.015156
          18     2.25113     2.26812   0.0143241
          19     2.23968     2.26662   0.0136317
          20     2.23256     2.26492   0.0130438
           1      2.3282      2.3282           0
           2     2.28185     2.30503   0.0231751
           3     2.29192     2.30066   0.0140756
           4     2.23337     2.28384   0.0195458
           5     2.30945     2.28896   0.0159834
           6     2.45666     2.31691   0.0308475
           7     2.30706      2.3155   0.0261089
           8     2.30282     2.31392   0.0226664
           9     2.33431     2.31618    0.020118
          10      2.3305     2.31762   0.0180509
          11     2.21914     2.30866   0.0186208
          12     2.31928     2.30955   0.0170214
          13     2.38076     2.31503   0.0165879
          14     2.25219     2.31054   0.0159998
          15     2.36622     2.31425   0.0153506
          16     2.23298     2.30917   0.0152311
          17      2.3261     2.31017   0.0143418
          18      2.3885     2.31452   0.0142047
          19     2.39445     2.31873   0.0140794
          20     2.33634     2.31961   0.0133859
           1     2.10551     2.10551           0
           2     2.16109      2.1333   0.0277895
           3     2.12881      2.1318    0.016114
           4      2.0304     2.10645   0.0277948
           5     2.24715     2.13459   0.0354318
           6     2.16641     2.13989    0.029412
           7     2.13118     2.13865   0.0248888
           8     2.15307     2.14045   0.0216295
           9     2.14018     2.14042   0.0190755
          10      2.1387     2.14025   0.0170625
          11     2.18482      2.1443   0.0159567
          12     2.13107      2.1432   0.0146081
          13     2.14295     2.14318   0.0134375
          14      2.1106     2.14085   0.0126565
          15     2.15732     2.14195   0.0118336
          16     2.16429     2.14335   0.0111571
          17     2.24547     2.14935   0.0120798
          18     2.16205     2.15006   0.0114108
          19     2.09725     2.14728   0.0111457
          20      2.0639     2.14311   0.0113659
           1     2.06245     2.06245           0
           2     2.16886     2.11566   0.0532062
           3     2.18094     2.13742   0.0376454
           4     2.05749     2.11743    0.033285
           5     2.11402     2.11675   0.0257915
           6     2.22381     2.13459   0.0276018
           7     2.23541       2.149   0.0274158
           8     2.23904     2.16025   0.0262757
           9     2.28743     2.17438   0.0271414
          10      2.1779     2.17473   0.0242785
          11      2.0971     2.16768   0.0230669
          12     2.19316      2.1698   0.0211639
          13     2.25099     2.17605   0.0204452
          14     2.32029     2.18635   0.0215511
          15     2.20101     2.18733   0.0200867
          16      2.0872     2.18107   0.0198042
          17      2.1664     2.18021   0.0186228
          18     2.13349     2.17761   0.0177485
          19     2.15693     2.17652   0.0168236
          20     2.12218     2.17381   0.0161899
           1     2.05882     2.05882           0
           2     2.08151     2.07016   0.0113418
           3      1.9427     2.02768   0.0429884
           4     2.07903     2.04052   0.0329976
           5     1.98605     2.02962   0.0277844
           6     2.04924     2.03289   0.0229204
           7     2.02494     2.03176   0.0194046
           8     2.07581     2.03726   0.0176841
           9      2.0403      2.0376   0.0155995
          10     1.99999     2.03384   0.0144506
          11     1.98724      2.0296   0.0137403
          12      2.0509     2.03138   0.0126681
          13     1.90904     2.02197   0.0149782
          14      2.0166     2.02158   0.0138724
          15      2.0236     2.02172   0.0129152
          16     2.06121     2.02419   0.0123307
          17     2.02825     2.02443   0.0115851
          18     1.95769     2.02072   0.0115346
          19     1.98843     2.01902   0.0110422
          20     2.04444     2.02029   0.0105524
           1     2.12272     2.12272           0
           2     2.10611     2.11442  0.00830248
           3     1.99325     2.07403    0.040673
           4     2.05256     2.06866   0.0292565
           5     2.14903     2.08474   0.0277834
           6     2.14838     2.09534   0.0250422
           7     2.10016     2.09603   0.0211757
           8     2.15354     2.10322   0.0196975
           9     2.10023     2.10289   0.0173748
          10     2.07069     2.09967   0.0158704
          11     2.10698     2.10033   0.0143707
          12     2.07539     2.09825   0.0132823
          13     2.05778     2.09514   0.0126084
          14     2.16055     2.09981   0.0125734
          15     2.14636     2.10292   0.0121096
          16     2.01574     2.09747   0.0125698
          17     2.04662     2.09448   0.0121802
          18     2.00831     2.08969   0.0124413
          19     2.12865     2.09174   0.0119456
          20     2.03005     2.08866   0.0117448
           1     1.87961     1.87961           0
           2     1.89762     1.88861  0.00900709
           3     1.96956     1.91559   0.0274769
           4     1.85383     1.90015   0.0248185
           5     1.93444     1.90701   0.0204111
           6     1.86694     1.90033   0.0179539
           7     1.87304     1.89643   0.0156667
           8     1.93556     1.90132   0.0144224
           9     2.02197     1.91473   0.0184792
          10     1.86711     1.90997   0.0172006
          11     1.91418     1.91035   0.0155633
          12     1.96979      1.9153    0.015046
          13      1.8624     1.91124   0.0144262
          14       1.931     1.91265   0.0134304
          15      1.9103     1.91249    0.012504
          16     1.94586     1.91458    0.011881
          17     1.84205     1.91031   0.0119478
          18      1.8948     1.90945   0.0112974
          19      1.9042     1.90917   0.0106898
          20     1.91102     1.90926   0.0101417
           1      1.9599      1.9599           0
           2     2.05063     2.00527   0.0453664
           3     1.98207     1.99753   0.0273102
           4     1.96612     1.98968   0.0208472
           5     1.98484     1.98871   0.0161772
           6     2.00889     1.99207     0.01363
           7     1.95373      1.9866   0.0127558
           8     2.09119     1.99967   0.0171165
           9     2.01398     2.00126   0.0151788
          10     1.92629     1.99376   0.0155087
          11     1.93637     1.98855   0.0149669
          12     1.95068     1.98539   0.0140226
          13     1.92028     1.98038   0.0138372
          14     2.02804     1.98379   0.0132554
          15     1.94696     1.98133    0.012582
          16      2.0042     1.98276   0.0118558
          17      1.9599     1.98142   0.0112175
          18     1.96303     1.98039   0.0106252
          19     1.96816     1.97975    0.010071
          20     1.94488     1.97801  0.00971199
           1     1.82992     1.82992           0
           2     1.76935     1.79964   0.0302821
           3     1.88759     1.82896   0.0341358
           4     1.77618     1.81576   0.0275077
           5     1.80278     1.81317    0.021465
           6     1.77062     1.80607   0.0189065
           7     1.77188     1.80119   0.0167091
           8     1.80872     1.80213   0.0145011
           9     1.83987     1.80632   0.0134587
          10        1.88     1.81369   0.0141138
          11     1.84179     1.81625   0.0130195
          12     1.81336     1.81601   0.0118875
          13      1.7965     1.81451   0.0110374
          14     1.88204     1.81933   0.0113002
          15     1.94354     1.82761   0.0133881
          16     1.78849     1.82517   0.0127598
          17     1.90168     1.82967    0.012803
          18     1.85237     1.83093   0.0121365
          19     1.86249     1.83259   0.0115996
          20     1.85384     1.83365   0.0110555
           1     1.86266     1.86266           0
           2     1.97553      1.9191   0.0564347
           3      1.9064     1.91487   0.0328564
           4     1.82787     1.89312   0.0318242
           5     1.82688     1.87987   0.0279849
           6     1.93623     1.88926   0.0247051
           7     1.88703     1.88894   0.0208821
           8     2.00062      1.9029    0.022845
           9     1.86289     1.89846   0.0206321
          10     1.84065     1.89268   0.0193382
          11     1.91518     1.89472   0.0176113
          12     1.79742     1.88661   0.0180058
          13     1.80757     1.88053   0.0176438
          14     1.90999     1.88264     0.01647
          15     1.82046     1.87849   0.0158832
          16     1.80974      1.8742   0.0154662
          17      1.8658      1.8737   0.0145364
          18     1.88667     1.87442    0.013724
          19     1.80151     1.87058   0.0135369
          20       1.817     1.86791   0.0131188
           1      1.7503      1.7503           0
           2     1.76712     1.75871  0.00841379
           3     1.78662     1.76801   0.0104951
           4      1.6962     1.75006   0.0194256
           5     1.69425      1.7389    0.018735
           6       1.831     1.75425   0.0216711
           7     1.76533     1.75583   0.0183837
           8     1.69203     1.74786   0.0178066
           9     1.75286     1.74841   0.0157138
          10     1.71987     1.74556   0.0143416
          11     1.78944     1.74955   0.0135719
          12     1.66076     1.74215   0.0144307
          13     1.77387     1.74459   0.0134968
          14     1.79987     1.74854   0.0131047
          15      1.7543     1.74892   0.0122059
          16     1.71973      1.7471   0.0115624
          17     1.75816     1.74775   0.0108805
          18     1.75389     1.74809   0.0102639
          19     1.75698     1.74856  0.00971994
          20     1.77669     1.74996  0.00932783
           1      1.7782      1.7782           0
           2       1.772      1.7751  0.00310006
           3     1.83267     1.79429   0.0192738
           4     1.71159     1.77362   0.0247627
           5     1.67163     1.75322   0.0279997
           6      1.8369     1.76717   0.0267797
           7     1.73898     1.76314   0.0229883
           8     1.83286     1.77186   0.0217326
           9     1.76491     1.77108   0.0191819
          10     1.71558     1.76553   0.0180323
          11     1.79255     1.76799   0.0164947
          12     1.71484     1.76356   0.0156953
          13      1.7589      1.7632    0.014442
          14     1.84389     1.76897   0.0145601
          15     1.76011     1.76838   0.0135676
          16     1.74991     1.76722   0.0127437
          17     1.77926     1.76793   0.0119915
          18     1.74109     1.76644   0.0114037
          19     1.70529     1.76322   0.0112567
          20      1.7506     1.76259   0.0106976
           1      1.6368      1.6368           0
           2     1.67461     1.65571   0.0189065
           3     1.67307     1.66149   0.0123549
           4     1.63186     1.65409   0.0114539
           5     1.65487     1.65424  0.00887355
           6     1.73703     1.66804   0.0155847
           7     1.65433     1.66608   0.0133164
           8     1.63394     1.66206   0.0122122
           9     1.75409     1.67229   0.0148505
          10     1.64708     1.66977   0.0135198
          11     1.69767      1.6723   0.0124895
          12     1.58212     1.66479   0.0136553
          13     1.66071     1.66448    0.012565
          14     1.69803     1.66687   0.0118773
          15     1.65689     1.66621   0.0110772
          16     1.66598     1.66619   0.0103618
          17      1.7272     1.66978   0.0103737
          18     1.61782     1.66689   0.0101977
          19     1.69328     1.66828  0.00974545
          20     1.60815     1.66528  0.00972201
           1     1.69893     1.69893           0
           2     1.70036     1.69964 0.000717211
           3      1.7007         1.7 0.000543933
           4     1.66559     1.69139  0.00861033
           5     1.67502     1.68812  0.00742986
           6     1.75463     1.69921    0.012637
           7     1.74518     1.70577   0.0125378
           8     1.73669     1.70964   0.0115253
           9     1.69747     1.70829   0.0102538
          10     1.67747     1.70521  0.00967514
          11     1.76723     1.71084   0.0104109
          12     1.66775     1.70725   0.0101598
          13     1.76559     1.71174   0.0103671
          14     1.70219     1.71106  0.00962228
          15     1.71836     1.71154  0.00897108
          16     1.70431     1.71109  0.00840386
          17     1.69078      1.7099  0.00798393
          18     1.68924     1.70875  0.00761435
          19     1.69622     1.70809  0.00723257
          20     1.62512     1.70394  0.00801795
           1     1.65424     1.65424           0
           2     1.63684     1.64554  0.00870206
           3     1.63714     1.64274  0.00575218
           4     1.53869     1.61673   0.0263276
           5     1.59759      1.6129   0.0207495
           6     1.58878     1.60888   0.0174122
           7     1.65069     1.61485   0.0158818
           8     1.57652     1.61006   0.0145646
           9     1.57521     1.60619   0.0134158
          10     1.58896     1.60447   0.0121225
          11     1.59865     1.60394   0.0109779
          12     1.53979     1.59859   0.0113579
          13     1.59374     1.59822   0.0104544
          14     1.61978     1.59976  0.00980073
          15     1.60026     1.59979  0.00912404
          16     1.57663     1.59834  0.00865667
          17     1.61083     1.59908   0.0081646
          18     1.58537     1.59832  0.00773522
          19     1.57533     1.59711  0.00741611
          20     1.60026     1.59726  0.00703731
           1     1.55174     1.55174           0
           2     1.65389     1.60281   0.0510769
           3     1.56364     1.58975   0.0322514
           4     1.64777     1.60426   0.0270262
           5     1.56143     1.59569   0.0226192
           6     1.66488     1.60722    0.021773
           7     1.67917      1.6175   0.0210776
           8     1.65119     1.62171   0.0187332
           9     1.59761     1.61903   0.0167368
          10     1.60834     1.61796    0.015008
          11     1.65184     1.62104   0.0139203
          12     1.59958     1.61926   0.0128326
          13     1.66938     1.62311    0.012418
          14     1.64917     1.62497   0.0116466
          15     1.62433     1.62493   0.0108425
          16     1.63231     1.62539   0.0101527
          17     1.63773     1.62612  0.00956438
          18     1.66445     1.62825  0.00926545
          19     1.60179     1.62685   0.0088742
          20      1.5969     1.62536  0.00855098
           1     1.61558     1.61558           0
           2     1.56055     1.58807    0.027518
           3     1.53983     1.57199   0.0226028
           4     1.48652     1.55062   0.0266837
           5     1.51979     1.54445   0.0215694
           6     1.51414      1.5394    0.018322
           7     1.56582     1.54318   0.0159381
           8     1.51628     1.53981   0.0142063
           9     1.51778     1.53736   0.0127657
          10     1.54456     1.53808   0.0114407
          11     1.50245     1.53484   0.0108438
          12     1.50219     1.53212   0.0102663
          13     1.56829     1.53491  0.00984493
          14      1.6282     1.54157   0.0112907
          15     1.58904     1.54473   0.0109771
          16     1.53896     1.54437   0.0102745
          17     1.59393     1.54729   0.0100819
          18     1.54558     1.54719  0.00950575
          19     1.52918     1.54624   0.0090414
          20     1.53964     1.54591  0.00858377
           1     1.58645     1.58645           0
           2     1.56044     1.57344   0.0130064
           3     1.53355     1.56015   0.0152704
           4     1.51358     1.54851   0.0158777
           5     1.57197      1.5532   0.0131637
           6     1.60677     1.56213   0.0139727
           7     1.58978     1.56608   0.0124524
           8     1.54626      1.5636    0.011065
           9     1.54152     1.56115    0.010062
          10     1.55262      1.5603  0.00904002
          11     1.58023     1.56211  0.00837532
          12      1.5404      1.5603   0.0078566
          13     1.61965     1.56486   0.0085482
          14     1.58033     1.56597   0.0079908
          15     1.48838      1.5608  0.00906069
          16     1.60385     1.56349  0.00889243
          17     1.54678      1.5625  0.00841062
          18     1.58059     1.56351  0.00799305
          19      1.4983     1.56008  0.00830313
          20     1.52592     1.55837  0.00806007
           1     1.53302     1.53302           0
           2      1.5147     1.52386  0.00915653
           3     1.48961     1.51244   0.0125827
           4     1.46426      1.5004   0.0149748
           5     1.45304     1.49093   0.0149749
           6     1.48003     1.48911   0.0123611
           7     1.42935     1.48057   0.0134912
           8     1.50586     1.48373   0.0121039
           9     1.45561     1.48061   0.0111225
          10     1.51626     1.48418   0.0105678
          11     1.44831     1.48091   0.0100997
          12     1.44952      1.4783   0.0095837
          13     1.50976     1.48072  0.00914191
          14     1.50612     1.48253  0.00865608
          15     1.50093     1.48376  0.00815121
          16     1.50585     1.48514  0.00774871
          17     1.50434     1.48627  0.00736572
          18     1.45734     1.48466  0.00712798
          19     1.49152     1.48502  0.00675206
          20     1.52514     1.48703  0.00671223
           1     1.50796     1.50796           0
           2     1.50342     1.50569  0.00226729
           3     1.44825     1.48654   0.0191912
           4     1.48111     1.48518    0.013638
           5     1.47396     1.48294      0.0108
           6     1.50872     1.48724  0.00980919
           7      1.5319     1.49362   0.0104616
           8     1.44563     1.48762   0.0108655
           9     1.46608     1.48522  0.00987691
          10      1.5408     1.49078   0.0104369
          11     1.53835     1.49511    0.010384
          12     1.51031     1.49637  0.00956357
          13     1.50908     1.49735  0.00885129
          14     1.50226      1.4977  0.00820219
          15     1.47275     1.49604  0.00781487
          16     1.46868     1.49433  0.00750739
          17     1.51784     1.49571  0.00718627
          18     1.52794      1.4975  0.00700783
          19     1.49355     1.49729  0.00663202
          20     1.49399     1.49713  0.00629386
           1     1.47891     1.47891           0
           2     1.46842     1.47367   0.0052463
           3     1.42001     1.45578   0.0181421
           4     1.38968     1.43926   0.0209204
           5     1.40103     1.43161   0.0179179
           6     1.41059     1.42811   0.0150437
           7     1.41311     1.42596   0.0128934
           8     1.36688     1.41858   0.0133874
           9     1.44032     1.42099   0.0120511
          10     1.47406      1.4263   0.0120145
          11     1.39836     1.42376   0.0111603
          12      1.3497     1.41759   0.0119118
          13     1.39625     1.41595   0.0110795
          14      1.4413     1.41776   0.0104162
          15     1.43761     1.41908  0.00978685
          16     1.42254      1.4193   0.0091573
          17     1.41269     1.41891  0.00861056
          18     1.41072     1.41845  0.00813086
          19     1.42494      1.4188   0.0076986
          20     1.36083      1.4159  0.00785762
           1     1.46531     1.46531           0
           2     1.41226     1.43879   0.0265232
           3     1.45336     1.44364   0.0160653
           4     1.42974     1.44017   0.0118801
           5     1.40389     1.43291   0.0117188
           6     1.47444     1.43983   0.0118093
           7     1.40465     1.43481   0.0111745
           8     1.40606     1.43121   0.0103229
           9     1.39998     1.42774  0.00974283
          10     1.42192     1.42716   0.0087337
          11     1.48983     1.43286   0.0097398
          12     1.46229     1.43531  0.00922336
          13     1.46145     1.43732  0.00871933
          14     1.44868     1.43813  0.00811317
          15     1.38629     1.43468  0.00830622
          16     1.41307     1.43333  0.00788619
          17     1.45738     1.43474  0.00754173
          18     1.42781     1.43436  0.00712084
          19     1.44731     1.43504  0.00677004
          20     1.42593     1.43458  0.00643875
           1     1.36506     1.36506           0
           2     1.37368     1.36937     0.00431
           3      1.3846     1.37444  0.00565372
           4     1.30201     1.35633   0.0185447
           5     1.34577     1.35422   0.0145193
           6     1.34116     1.35204   0.0120533
           7      1.3455     1.35111   0.0102297
           8     1.37984      1.3547  0.00955962
           9     1.34068     1.35314  0.00857359
          10     1.36978     1.35481  0.00784687
          11     1.32683     1.35226   0.0075396
          12     1.29967     1.34788  0.00815973
          13     1.33386      1.3468  0.00758294
          14     1.37403     1.34875   0.0072849
          15     1.44287     1.35502  0.00923939
          16     1.33573     1.35382  0.00872634
          17     1.37082     1.35482  0.00825777
          18     1.34914      1.3545  0.00779189
          19     1.33722     1.35359  0.00742632
          20     1.30607     1.35122  0.00743507
           1     1.36557     1.36557           0
           2     1.34414     1.35486    0.010716
           3     1.36456     1.35809  0.00698145
           4     1.36726     1.36038  0.00544332
           5     1.38292     1.36489  0.00617251
           6     1.36436      1.3648   0.0050406
           7     1.35704      1.3637  0.00440196
           8     1.38876     1.36683   0.0049348
           9     1.37858     1.36814  0.00454385
          10     1.39184     1.37051  0.00470494
          11     1.38569     1.37189  0.00447411
          12     1.38468     1.37295  0.00422123
          13     1.37924     1.37344  0.00391293
          14     1.40962     1.37602  0.00445031
          15     1.34723      1.3741  0.00456597
          16     1.36437     1.37349  0.00431415
          17     1.40907     1.37559  0.00456095
          18     1.42355     1.37825  0.00505884
          19     1.34268     1.37638  0.00513838
          20      1.3536     1.37524  0.00500603
