0.5  -0.9806  0.00110123  0.153695  0.00857068  85.0987  1.06297
0.538  -0.961328  0.00127299  0.262049  0.0084222  66.1211  1.06764
0.576  -0.942728  0.00118994  0.335359  0.00677152  49.8006  0.917644
0.615  -0.934008  0.0011595  0.337442  0.00568471  44.2879  0.847578
0.653  -0.909912  0.00118249  0.40351  0.00506109  30.7839  0.693123
0.692  -0.89784  0.00119311  0.404882  0.00447131  26.0784  0.541198
0.73  -0.879352  0.000790361  0.425483  0.00261178  20.7115  0.33064
0.769  -0.863872  0.00069443  0.429053  0.00202503  18.5707  0.18624
0.807  -0.843368  0.000668417  0.443349  0.00173401  14.0892  0.182336
0.846  -0.827264  0.000635501  0.441005  0.00147172  13.0878  0.121599
0.884  -0.811336  0.000812291  0.437304  0.0016884  10.1436  0.150487
0.923  -0.79316  0.00075882  0.435362  0.00141794  8.97803  0.108085
0.961  -0.778912  0.000694413  0.425866  0.0011691  9.06649  0.0965196
1  -0.763608  0.00058042  0.416903  0.000884382  7.75915  0.0597469
1.038  -0.749056  0.000499975  0.407367  0.00069226  7.01203  0.0507574
1.076  -0.729752  0.000495248  0.403759  0.000625108  6.23261  0.0480294
1.115  -0.715392  0.000560281  0.3927  0.000644258  5.26587  0.0433143
1.153  -0.699944  0.000512354  0.383688  0.000541238  4.98451  0.0440518
1.192  -0.687488  0.000523092  0.371155  0.000504703  4.76052  0.041267
1.23  -0.67084  0.000423957  0.363523  0.00037722  4.20644  0.0377436
1.269  -0.656784  0.000427982  0.35311  0.00034963  3.90856  0.0302963
1.307  -0.640952  0.0003904  0.344903  0.000294433  3.4366  0.0303977
1.346  -0.628552  0.000454468  0.333895  0.000316615  3.37275  0.0244557
1.384  -0.616584  0.000443211  0.323591  0.000286155  2.8451  0.0213844
1.423  -0.6028  0.000543253  0.314397  0.000325103  2.87618  0.0127733
1.461  -0.5924  0.000452423  0.304079  0.000252036  2.91445  0.0236296
1.5  -0.582664  0.000391483  0.293557  0.000202809  2.6746  0.0200123
1.538  -0.570256  0.000427263  0.285278  0.000206508  2.40023  0.016185
1.576  -0.559448  0.000441946  0.276602  0.000199477  2.23256  0.0130438
1.615  -0.548136  0.000520004  0.268208  0.000219307  2.0639  0.0113659
1.653  -0.537824  0.000477854  0.260117  0.00018907  2.04444  0.0105524
1.692  -0.527824  0.000453613  0.251986  0.000168081  1.91102  0.0101417
1.73  -0.517112  0.000541044  0.244778  0.000188491  1.85384  0.0110555
1.769  -0.509864  0.000458265  0.236482  0.000149855  1.77669  0.00932783
1.807  -0.498576  0.000434156  0.230127  0.000133565  1.60815  0.00972201
1.846  -0.491896  0.000429367  0.222448  0.000124528  1.60026  0.00703731
1.884  -0.483576  0.000423562  0.215851  0.000116059  1.53964  0.00858377
1.923  -0.475312  0.000472123  0.209328  0.000121862  1.52514  0.00671223
1.961  -0.467592  0.00038786  0.203186  9.48574e-05  1.36083  0.00785762
2  -0.46016  0.000408347  0.197063  9.43371e-05  1.30607  0.00743507
