1.06226  0  1.01733  0
0.980392  0.0818726  1.01766  0.000326863
1.0326  0.0704295  1.01952  0.0018723
0.998894  0.0601367  1.00818  0.0114233
1.00267  0.0467346  0.999455  0.012425
1.00866  0.0386261  0.998733  0.0101706
1.00589  0.0327625  0.999385  0.00862047
1.00585  0.0283732  1.00144  0.00774381
0.995994  0.0268932  0.997778  0.0077502
0.988977  0.0250564  1.00172  0.00797501
0.990506  0.0227159  1.00243  0.0072486
0.986138  0.0211918  1.00458  0.00695568
0.985987  0.0194942  1.00353  0.00648384
0.986175  0.0180491  1.00107  0.00648425
0.989088  0.0170535  1.00009  0.00611701
0.983378  0.0169433  1.00042  0.00573145
0.983918  0.0159246  1.0014  0.00547304
0.985737  0.0151236  1.00168  0.00516736
0.985782  0.0143056  1.00216  0.00491196
0.988592  0.0138594  1.00269  0.00469021
0.990628  0.0133392  1.00412  0.00468372
0.992136  0.0128075  1.00203  0.00492879
0.993606  0.012326  1.00168  0.00472329
0.992936  0.0118203  1.00197  0.0045317
0.99106  0.0114918  1.00161  0.00436149
0.990955  0.0110414  1.00281  0.00436007
0.989079  0.010789  1.00167  0.00434728
0.988656  0.0104052  1.00315  0.00444248
0.98799  0.010062  1.00201  0.00443629
0.987856  0.00972177  1.00177  0.0042929
0.989081  0.00948235  1.00255  0.00422474
0.990118  0.00923962  1.00346  0.00419194
0.98775  0.00926299  1.00306  0.0040831
0.98994  0.00924954  1.00269  0.00397824
0.991172  0.00906539  1.00091  0.00425281
0.991558  0.00881846  1.00056  0.00414783
0.990083  0.00870275  0.999014  0.00431971
0.990577  0.00848502  0.997524  0.0044607
0.990878  0.00827008  0.997156  0.00436041
0.992105  0.0081535  0.997217  0.00425044
0.992278  0.00795403  0.996484  0.00420982
0.992282  0.00776234  0.996406  0.00410909
0.992522  0.00758349  0.997721  0.00422213
0.993491  0.00747223  0.996985  0.00419005
0.993865  0.00731383  0.997088  0.00409716
0.994179  0.00715995  0.996689  0.00402691
0.994736  0.00702808  0.996451  0.00394746
0.994885  0.00688173  0.996922  0.00389288
0.994263  0.00676853  0.998415  0.00409474
0.994708  0.00664672  0.998523  0.00401345
0.994475  0.00651926  0.997898  0.00398325
0.995301  0.00644585  0.997632  0.00391497
0.994671  0.00635436  0.997992  0.00385725
0.995537  0.00629545  0.998757  0.00386176
0.996206  0.00621604  0.998837  0.00379173
0.996387  0.00610669  0.998388  0.00375028
0.995295  0.00609723  0.999192  0.00377057
0.996398  0.00609185  0.998885  0.00371771
0.997141  0.00603369  0.998787  0.00365548
0.996606  0.00595637  0.99829  0.00362826
0.998228  0.00607824  0.998376  0.00356933
0.996842  0.00613784  0.998618  0.00351963
0.996764  0.00604014  0.999589  0.00359687
0.996815  0.00594523  0.999953  0.0035588
0.996217  0.00588347  0.999759  0.00350897
0.996227  0.00579365  0.999647  0.00345722
0.994381  0.00599767  0.999638  0.00340524
0.994588  0.00591246  0.999636  0.00335479
0.993951  0.00586083  0.999661  0.00330591
0.992195  0.00603754  0.99991  0.00326781
0.99197  0.00595615  1.00022  0.0032361
0.991883  0.00587349  1.00013  0.00319192
0.991575  0.00580065  1.00044  0.00316259
0.9931  0.0059215  0.99968  0.00321047
0.99325  0.00584393  0.999342  0.00318534
0.992574  0.00580597  0.999523  0.00314834
0.993754  0.00585032  1.0001  0.0031601
0.993042  0.00581865  0.999935  0.00312362
0.992269  0.00579623  0.999788  0.00308731
0.992013  0.00572903  0.999771  0.00304852
0.990844  0.00577744  1.00026  0.00304949
0.990379  0.00572547  0.999864  0.00303738
0.990755  0.00566859  0.999816  0.00300095
0.990917  0.00560302  0.999944  0.00296776
0.992088  0.00565927  0.999567  0.00295673
0.99209  0.00559308  0.999472  0.00292369
0.99242  0.00553824  0.99974  0.00290227
0.993416  0.00556479  1.00012  0.00289405
0.994062  0.00553975  0.999912  0.00286881
0.993776  0.00548529  1.00012  0.00284423
0.995212  0.00561135  0.999864  0.0028243
0.995992  0.00560464  1.00019  0.00281201
0.996467  0.00556435  1  0.0027876
0.996517  0.00550507  1.00023  0.00276684
0.997253  0.00549627  1.0003  0.00273862
0.997581  0.0054486  0.999579  0.00280533
0.997496  0.00539279  0.999854  0.0027899
0.997946  0.00535636  1.00014  0.00277589
0.998376  0.00531938  1.00046  0.00276696
0.997939  0.00528403  0.999859  0.0028052
