1  0  1  0
1.26158  0.0070563  1.24851  0.00490377
1.61991  0.00572623  1.44502  0.00568911
1.83032  0.007512  1.60886  0.0074477
2.07706  0.00812556  1.75245  0.00891898
2.25571  0.00959309  1.89732  0.00909115
2.44415  0.00956693  2.03374  0.0113455
2.60375  0.0107906  2.15304  0.0134265
2.77726  0.0115491  2.26094  0.0137955
2.91837  0.0120303  2.35662  0.0135914
3.0648  0.0130913  2.47316  0.0157547
3.20171  0.0130732  2.57881  0.0159775
3.34181  0.012978  2.65767  0.0168805
3.45824  0.0127717  2.75028  0.0180834
3.58657  0.0132309  2.84267  0.0180929
3.7056  0.013971  2.91958  0.0188083
3.81843  0.0146766  3.01114  0.0195489
3.92958  0.0141566  3.09043  0.0201271
4.04803  0.014537  3.16957  0.0195729
4.13655  0.0146093  3.24912  0.0210234
4.23614  0.0143523  3.32319  0.0218683
4.32881  0.0153547  3.40523  0.0231879
4.42742  0.0158461  3.46869  0.0239985
4.52471  0.0169074  3.54702  0.0256876
4.62279  0.0164602  3.61383  0.0256642
4.70726  0.0159015  3.67776  0.0260629
4.80137  0.0170682  3.73494  0.0249628
4.88172  0.0180563  3.79355  0.0252358
4.966  0.0188468  3.85947  0.0262544
5.04797  0.0196917  3.9236  0.0250102
5.13494  0.0198743  3.97325  0.0268148
5.22286  0.0201016  4.03561  0.028023
5.30619  0.0211069  4.10742  0.0273766
5.37891  0.0211121  4.16715  0.0282075
5.44582  0.0205286  4.21076  0.0280454
5.52297  0.0214065  4.2754  0.0284287
5.59667  0.0224447  4.32927  0.0291002
5.66625  0.022551  4.3876  0.0299049
5.75368  0.0229817  4.44367  0.0312826
5.82866  0.0228516  4.49121  0.0314373
5.90126  0.0236276  4.53966  0.0326247
5.9657  0.0244989  4.59397  0.0322934
6.03366  0.0248675  4.66492  0.0340479
6.10084  0.0253372  4.71854  0.0344208
6.17145  0.025396  4.77258  0.0348003
6.2349  0.0252278  4.81875  0.035056
6.30409  0.0252276  4.87612  0.0359847
6.37338  0.026211  4.93918  0.0367559
6.43902  0.0256127  4.99579  0.0375124
6.51261  0.0270967  5.04552  0.0388091
6.57699  0.027201  5.09585  0.038044
6.65736  0.0272231  5.1366  0.0378333
6.71493  0.0276566  5.19542  0.0396198
6.78967  0.0276  5.24124  0.040148
6.85238  0.0282604  5.2885  0.0407857
6.91499  0.02777  5.35518  0.0416035
6.97657  0.027808  5.40398  0.0429384
7.02665  0.0281965  5.45227  0.0429551
7.0943  0.0286382  5.49742  0.0418292
7.16359  0.0293328  5.55191  0.0420756
7.22648  0.0281972  5.59868  0.0434309
7.28269  0.0278665  5.65136  0.0449512
7.33574  0.0288993  5.70219  0.0444768
7.39624  0.0286358  5.75406  0.0433897
7.44459  0.0282283  5.78895  0.0429163
7.50371  0.027988  5.82459  0.0424386
7.54546  0.0287329  5.85598  0.0426728
7.616  0.0286768  5.89364  0.0454651
7.66801  0.0282258  5.94433  0.0450276
7.7332  0.028197  5.97583  0.0465014
7.789  0.0283738  5.99854  0.0471547
7.83437  0.0278975  6.03446  0.0482996
7.88962  0.0288735  6.08381  0.0465506
7.95076  0.0289799  6.12937  0.0472045
8.0067  0.0302519  6.16355  0.0472836
8.05445  0.0307941  6.20996  0.0484193
8.10253  0.0296668  6.25993  0.0492861
8.15784  0.0286606  6.30538  0.0491081
8.21152  0.0287566  6.35304  0.0489954
8.25995  0.0288801  6.3814  0.0498061
8.31579  0.0298075  6.42588  0.0489873
8.35995  0.0305054  6.46701  0.0486158
8.40691  0.0301257  6.50051  0.0487324
8.45113  0.03023  6.54663  0.0499568
8.49892  0.031226  6.57603  0.0487523
8.5446  0.0319122  6.63012  0.0482703
8.59562  0.0326432  6.66934  0.0493866
8.63639  0.0323559  6.69563  0.0500322
8.68199  0.0320906  6.73394  0.0503769
8.72541  0.0331258  6.78239  0.0519497
8.77121  0.0340203  6.8215  0.0534038
8.80994  0.0341705  6.87034  0.0533983
8.85172  0.0344135  6.89301  0.0535568
8.88964  0.0343881  6.92438  0.0534126
8.93311  0.0343089  6.95415  0.0521056
8.98114  0.0346389  6.97794  0.0537913
9.02367  0.0346443  7.00889  0.0546913
9.07952  0.0350475  7.04738  0.0545285
9.1265  0.0367842  7.06932  0.054447
9.17161  0.0372123  7.09768  0.0551336
9.21736  0.0364449  7.13043  0.0562367
9.2663  0.0377479  7.15733  0.0565605
9.31955  0.0369799  7.1862  0.0571186
9.36432  0.0369233  7.20244  0.0574025
9.40827  0.0377265  7.23316  0.0582738
9.46078  0.0376263  7.26973  0.0590795
9.51103  0.037811  7.31093  0.0587852
9.55905  0.0381941  7.34505  0.0575637
9.59206  0.0385615  7.37149  0.0567232
9.63158  0.038993  7.39495  0.0565513
9.67474  0.0391251  7.41542  0.0584609
9.71448  0.0389528  7.45237  0.0587527
9.75994  0.0391973  7.47138  0.0584195
9.80934  0.0392495  7.50733  0.0593598
9.84999  0.0389401  7.54971  0.0597659
9.8916  0.040094  7.58681  0.0604432
9.92206  0.0417921  7.62519  0.0614002
9.96955  0.0411468  7.65667  0.0616575
10.0056  0.0404196  7.68323  0.0619715
10.0472  0.0409867  7.7187  0.0612771
10.0968  0.041044  7.75187  0.0615837
10.1321  0.0416284  7.7946  0.0614513
10.1634  0.043361  7.83348  0.0607292
10.2073  0.0440712  7.85245  0.0594433
10.2482  0.0440346  7.87984  0.0602456
10.2956  0.0437912  7.91735  0.059364
10.3372  0.0442709  7.93654  0.059952
10.3778  0.0440261  7.96498  0.060719
10.4184  0.0446364  7.99337  0.0622434
10.4594  0.0439305  8.02528  0.0623924
10.4912  0.0448247  8.06361  0.0630329
10.5304  0.0451313  8.09693  0.0653193
10.5784  0.0450298  8.12049  0.0649479
10.6191  0.0453941  8.13463  0.0643734
10.6636  0.0458561  8.16587  0.0645981
10.6958  0.0459697  8.1956  0.064807
10.7256  0.0460861  8.22267  0.0651796
10.7829  0.0465537  8.25641  0.0665184
10.8226  0.047495  8.27581  0.0665587
10.8653  0.0472976  8.28924  0.0653691
10.904  0.0478958  8.32475  0.0647032
10.944  0.0483218  8.35854  0.0657024
10.9959  0.0475364  8.39291  0.0656215
11.0322  0.0482869  8.43185  0.0638206
11.0592  0.0491116  8.45695  0.0642248
11.0966  0.0482844  8.47931  0.0650851
11.1351  0.04884  8.51335  0.0650791
11.176  0.048181  8.53844  0.0641382
11.2083  0.0480823  8.56739  0.0647692
11.2518  0.0469277  8.58462  0.065254
11.2863  0.04696  8.61618  0.0659114
11.3224  0.0463253  8.62408  0.0667118
11.3597  0.0449886  8.66172  0.0653914
11.397  0.0449507  8.70479  0.0665851
11.4358  0.044746  8.74027  0.0668548
11.4681  0.0446809  8.77083  0.065972
11.5096  0.0450035  8.78598  0.0677386
11.5408  0.0448758  8.81969  0.0673137
11.5721  0.0453175  8.84807  0.0679499
11.6043  0.0447692  8.86872  0.0685968
11.6589  0.046033  8.89108  0.0691985
11.6989  0.046678  8.91791  0.0704881
11.7437  0.0470371  8.93541  0.0710954
11.7792  0.0468194  8.96047  0.0701013
11.8296  0.0470973  8.99717  0.0699072
11.8714  0.0476493  9.02893  0.0687032
11.9125  0.0481928  9.05503  0.069254
11.9431  0.0492667  9.10251  0.0713408
11.9684  0.0499228  9.11884  0.0704346
12.0066  0.0491278  9.16069  0.0704316
12.0466  0.0496114  9.18904  0.0703643
12.0854  0.0489181  9.20616  0.0715477
12.1222  0.0484092  9.2544  0.0697538
12.1557  0.0488159  9.27434  0.0707335
12.1908  0.0473628  9.30926  0.0700814
12.2256  0.0489694  9.34375  0.071099
12.2631  0.0493288  9.37467  0.0708666
12.288  0.0493447  9.39143  0.0724329
12.3227  0.0486332  9.40965  0.0725005
12.3488  0.0479178  9.44305  0.0726663
12.3778  0.0488451  9.46923  0.072642
12.419  0.0483836  9.49526  0.0731539
12.4482  0.0481877  9.51961  0.0727258
12.4833  0.0483254  9.55949  0.0726475
12.5174  0.0496686  9.6022  0.0731367
12.5563  0.0495331  9.62189  0.0724785
12.5947  0.0499803  9.65711  0.0738015
12.6361  0.0500607  9.6772  0.0743845
12.6627  0.0492568  9.71561  0.0749279
12.7048  0.0483816  9.73979  0.0733902
12.7403  0.0478636  9.76615  0.0734487
12.7822  0.0473115  9.78899  0.0720306
12.8096  0.0484364  9.81449  0.0713846
12.8468  0.0493977  9.8338  0.0728639
12.8799  0.0495471  9.85258  0.0721934
12.9178  0.0500699  9.88347  0.0717061
12.9567  0.0502462  9.91394  0.0726127
12.9932  0.0506353  9.94114  0.0730066
13.0354  0.0511837  9.95949  0.071802
13.0746  0.0509544  9.96711  0.071242
13.1068  0.0510054  9.99014  0.0715656
13.1477  0.0506863  10.0122  0.0736784
13.1792  0.0511291  10.0149  0.0736731
13.2135  0.0510432  10.0419  0.0731192
13.2447  0.052079  10.0524  0.0730708
13.2625  0.052513  10.0816  0.0731538
13.3057  0.0529854  10.0919  0.0738057
13.3331  0.0532408  10.1287  0.0748927
13.3636  0.053725  10.1449  0.0746071
13.4038  0.0546811  10.1866  0.0745943
13.4355  0.054568  10.2099  0.0735367
13.475  0.0541957  10.2314  0.0748739
13.4985  0.0533371  10.2668  0.0756671
13.5355  0.0530545  10.296  0.0761768
13.5699  0.0528288  10.3121  0.075639
13.5961  0.0531835  10.3319  0.0767627
13.6258  0.0535386  10.3528  0.0766739
13.6553  0.0540087  10.3714  0.0781577
13.6891  0.0533438  10.3799  0.077151
13.7236  0.0536403  10.4038  0.0775242
13.7622  0.0545411  10.4358  0.0774238
13.7915  0.0545281  10.4559  0.0780355
13.8216  0.0552875  10.4694  0.0783247
13.854  0.0554543  10.483  0.0781361
13.8829  0.0560009  10.5095  0.0777604
13.9022  0.0559858  10.5282  0.079177
13.9306  0.0561014  10.5501  0.0769692
13.9635  0.0566064  10.581  0.0786249
13.9902  0.0570786  10.6059  0.0782387
14.01  0.057123  10.6213  0.0794483
14.0429  0.0572052  10.6511  0.0777848
14.0676  0.0563886  10.6735  0.0781179
14.0971  0.0571504  10.6991  0.0789434
14.1382  0.0575588  10.7083  0.0794633
14.1599  0.0567057  10.7377  0.0805927
14.1919  0.0572505  10.765  0.0808477
14.2142  0.0578947  10.7872  0.080766
14.2489  0.0578772  10.8229  0.0803019
14.2703  0.0572726  10.8451  0.0800476
14.311  0.056174  10.8753  0.0803663
14.3355  0.0560796  10.919  0.0811557
14.3659  0.056057  10.9328  0.081322
14.3994  0.0560254  10.9613  0.0811281
14.4359  0.0563927  10.9973  0.0812458
14.4704  0.0563426  11.0211  0.0823275
14.4981  0.0563094  11.0388  0.0819732
14.5224  0.0564232  11.0554  0.0807342
14.5508  0.0567516  11.0713  0.0821346
14.5846  0.0571506  11.087  0.0829016
14.618  0.0574638  11.1037  0.082098
14.6482  0.0583686  11.1303  0.0836232
14.6841  0.0590483  11.1335  0.0856026
14.6972  0.0595973  11.1681  0.0847577
14.7328  0.058725  11.1993  0.0853193
14.7603  0.0591217  11.2175  0.0862162
14.7835  0.0604515  11.2421  0.0866328
14.8184  0.0607623  11.2771  0.0875351
14.8475  0.0606938  11.2891  0.0876164
14.8721  0.0613134  11.3183  0.0870719
14.8995  0.0618788  11.3477  0.0876385
14.9391  0.0615185  11.3799  0.0874681
14.9599  0.0627502  11.4005  0.0874417
14.9911  0.062536  11.419  0.0866274
15.0138  0.0632542  11.4384  0.0863704
15.0451  0.0628376  11.4633  0.0867144
15.0841  0.063822  11.4899  0.0873164
15.1154  0.0649604  11.5166  0.0882306
15.1466  0.0646239  11.5251  0.0904272
15.1639  0.0650001  11.5537  0.092664
15.1839  0.0651443  11.5797  0.0938346
15.2101  0.0656623  11.6092  0.0923191
15.2271  0.0656206  11.6319  0.0926493
15.251  0.0657472  11.657  0.093049
15.2766  0.065493  11.686  0.0932618
15.3057  0.0657034  11.7053  0.0935358
15.3269  0.0658927  11.7285  0.0937355
15.3568  0.0655211  11.7491  0.0937828
15.3791  0.0669733  11.7688  0.0946203
15.4047  0.067743  11.7703  0.0959387
15.428  0.0673767  11.7862  0.0951161
15.4535  0.0678613  11.7858  0.095826
15.4793  0.0676587  11.8002  0.0956827
15.5076  0.0683733  11.8066  0.0950282
15.5369  0.0681742  11.8372  0.0953582
15.5583  0.0670882  11.8403  0.0947804
15.5842  0.0674736  11.8608  0.0944222
15.6132  0.0669597  11.8607  0.0947533
15.6592  0.0668542  11.8768  0.095661
15.6844  0.0663998  11.8981  0.0957866
15.7196  0.0669102  11.9205  0.0946749
15.7442  0.0672901  11.9351  0.0933505
15.7701  0.0673472  11.9498  0.0937555
15.8008  0.0680646  11.9733  0.0935827
15.8227  0.0683185  11.978  0.0931135
15.8378  0.0674223  11.9978  0.094413
15.8632  0.0673422  12.0015  0.0934468
15.8941  0.0669756  12.0347  0.0931514
15.9201  0.0664203  12.0495  0.0931069
15.9451  0.0671439  12.0821  0.093677
15.9752  0.0663015  12.0866  0.0940436
16.0031  0.0668705  12.1147  0.0943524
16.0353  0.0659154  12.1325  0.0954998
16.0643  0.0665273  12.1555  0.0935667
16.0901  0.0671058  12.1784  0.0944256
16.1255  0.066954  12.1948  0.0941794
16.1466  0.0672044  12.2139  0.0940861
16.1788  0.0671305  12.2238  0.0927353
16.208  0.0679583  12.2471  0.093027
16.2248  0.0680752  12.2696  0.0921164
16.2476  0.0682061  12.2815  0.0903041
16.281  0.0690937  12.308  0.0907784
16.2991  0.0690291  12.3439  0.0916666
16.3176  0.0693901  12.3533  0.0913133
16.3466  0.0695872  12.3674  0.0927991
16.3808  0.0692493  12.4068  0.0940328
16.4076  0.0683661  12.4191  0.0937678
16.4392  0.066712  12.4266  0.0927726
16.4606  0.0668447  12.4496  0.0915219
16.4773  0.066975  12.4634  0.0919672
16.5065  0.0663055  12.4733  0.0927015
16.5259  0.0656906  12.4954  0.0927596
16.5511  0.0660212  12.5174  0.0937582
16.5681  0.066719  12.543  0.0961262
16.5857  0.0662899  12.5654  0.0956825
16.6113  0.0660479  12.5797  0.0941305
16.6357  0.0661987  12.5815  0.0943425
16.6688  0.0670891  12.616  0.094973
16.6822  0.0668091  12.6371  0.0963221
16.7132  0.0670685  12.6601  0.0969586
16.7291  0.0663066  12.6639  0.0978354
16.7516  0.0664519  12.6975  0.0996308
16.7749  0.0665405  12.7141  0.0977974
16.7992  0.0666956  12.7349  0.0960281
16.8291  0.0655717  12.7436  0.0980601
16.8477  0.0657214  12.7479  0.0981123
16.8796  0.0647242  12.7622  0.0975562
16.9087  0.0643287  12.7532  0.0968709
16.9318  0.0647374  12.7866  0.0959299
16.9625  0.0647305  12.7993  0.0971882
16.9855  0.0657058  12.8109  0.0975297
17.0128  0.0661651  12.8345  0.0978312
17.0342  0.0660296  12.8491  0.0984298
17.0552  0.0653314  12.8615  0.0980011
17.076  0.0652569  12.8975  0.0976331
17.0974  0.0656275  12.9099  0.0977201
17.1223  0.0661664  12.9249  0.0971037
17.1399  0.0643869  12.9442  0.099528
17.1759  0.0633971  12.9725  0.100022
17.1949  0.0626589  12.981  0.100558
17.2285  0.0624237  13.015  0.101262
17.2432  0.0619515  13.0365  0.100657
17.268  0.0624343  13.0645  0.0995429
17.2988  0.0620117  13.0729  0.098914
17.332  0.061882  13.0888  0.100815
17.3531  0.062075  13.1091  0.0995142
17.3832  0.0619436  13.134  0.100143
17.4147  0.0623149  13.1554  0.100903
17.4334  0.0613515  13.1836  0.102033
17.4511  0.0606099  13.2046  0.102545
17.4744  0.061392  13.2138  0.102098
17.497  0.0611539  13.2388  0.101326
17.5253  0.0618209  13.2608  0.102637
17.5457  0.0621055  13.2678  0.102559
17.5715  0.0620257  13.2624  0.102194
17.5966  0.0609271  13.292  0.101884
17.6184  0.0611024  13.3017  0.103496
17.6384  0.0597665  13.3281  0.103063
17.654  0.0598959  13.3328  0.104145
17.677  0.0594046  13.3251  0.103879
17.7038  0.0593469  13.352  0.103339
17.7233  0.0596582  13.3627  0.103887
17.7518  0.0605399  13.3675  0.104358
17.7779  0.0602621  13.3877  0.10455
17.8097  0.0600009  13.4114  0.105055
17.8238  0.060379  13.437  0.104455
17.8456  0.0603817  13.456  0.104175
17.869  0.0594223  13.4723  0.106101
17.8942  0.0598988  13.4893  0.103344
17.9158  0.0614834  13.5066  0.102499
17.9471  0.0606224  13.5262  0.103942
17.9652  0.0593478  13.5403  0.103944
17.9915  0.0596171  13.5437  0.104342
18.0172  0.0604573  13.5493  0.105048
18.035  0.0598272  13.5661  0.104862
18.059  0.0606374  13.5861  0.104084
18.0811  0.0613789  13.6146  0.105288
18.1082  0.0631022  13.6283  0.103478
18.1283  0.0626356  13.636  0.103645
18.1512  0.062923  13.6588  0.104306
18.1776  0.0626408  13.6785  0.104729
18.2096  0.0623349  13.6876  0.106284
18.2255  0.0637529  13.6945  0.105529
18.2418  0.0640274  13.704  0.104542
18.2535  0.0645243  13.7173  0.105306
18.268  0.0645015  13.7359  0.104605
18.2897  0.0638626  13.7616  0.104191
18.3059  0.0647313  13.7787  0.104521
18.3358  0.0652603  13.8044  0.104605
18.3605  0.0652038  13.8325  0.105287
18.3746  0.0655238  13.848  0.10615
18.3886  0.0662135  13.8711  0.107048
18.4107  0.0668294  13.8776  0.108488
18.4344  0.0677096  13.8981  0.110526
18.453  0.0685643  13.9043  0.111372
18.4713  0.0678613  13.9135  0.11173
18.4912  0.068774  13.9104  0.111755
18.5129  0.068465  13.949  0.110906
18.5414  0.0690484  13.962  0.111741
18.5621  0.069805  13.9845  0.112795
18.5859  0.0697699  13.9949  0.112332
18.6155  0.0704567  13.9921  0.112691
18.6289  0.0705533  14.0307  0.111998
18.6573  0.0704923  14.0419  0.112599
18.6885  0.0702298  14.0639  0.11432
18.7146  0.0699663  14.0849  0.114582
18.742  0.0696076  14.1089  0.113373
18.7726  0.0699745  14.1005  0.112756
18.7926  0.069855  14.1251  0.112353
18.8167  0.0702475  14.1319  0.110613
18.842  0.0723765  14.1584  0.111472
18.8643  0.0723637  14.1834  0.110723
18.8791  0.0728449  14.21  0.110866
18.8999  0.0731451  14.23  0.109437
18.9234  0.0734304  14.2397  0.110729
18.939  0.073986  14.261  0.110915
18.9602  0.0744739  14.2673  0.11136
18.9933  0.0738348  14.2793  0.11029
19.0159  0.072678  14.2979  0.111885
19.0352  0.0741979  14.3238  0.111572
19.0588  0.0745534  14.3491  0.111325
19.0843  0.0756803  14.3563  0.111006
19.1051  0.0750885  14.3669  0.110084
19.138  0.0748268  14.3755  0.10934
19.1651  0.0745764  14.4126  0.111031
19.1945  0.0747434  14.4268  0.110835
19.2188  0.0745183  14.4507  0.111698
19.2306  0.0743939  14.4465  0.110727
19.2451  0.0756664  14.469  0.111175
19.2622  0.0757189  14.4695  0.110595
19.2711  0.075223  14.4752  0.111745
19.2978  0.0751172  14.4831  0.112453
19.3183  0.0755089  14.4975  0.113421
19.3365  0.0752346  14.4966  0.111948
19.3644  0.0752547  14.5318  0.11208
19.3895  0.0754828  14.5488  0.112316
19.4115  0.0754586  14.5648  0.112287
19.4426  0.0754864  14.5907  0.113353
19.4624  0.075691  14.5894  0.11403
19.4801  0.0760953  14.5973  0.11401
19.5077  0.0760302  14.6107  0.114725
19.5301  0.0756499  14.6248  0.115943
19.5552  0.0760137  14.6369  0.115678
19.5817  0.0757476  14.6628  0.115078
19.5895  0.0765218  14.6827  0.116024
19.6061  0.0765344  14.7031  0.115631
19.6353  0.0767339  14.719  0.116925
19.6637  0.0779693  14.7315  0.117247
19.6832  0.077845  14.7488  0.116131
19.7073  0.0780885  14.768  0.116111
19.7354  0.0782416  14.7889  0.116148
19.7664  0.0779116  14.8185  0.11547
19.7883  0.0786485  14.8383  0.117422
19.8046  0.0789269  14.8509  0.118314
19.8231  0.0792174  14.8771  0.118575
19.8446  0.0788283  14.8813  0.117651
19.8748  0.0787894  14.9013  0.118808
19.9066  0.0802486  14.9193  0.1204
19.9229  0.0809306  14.9332  0.120575
19.9506  0.0819077  14.9481  0.118532
19.9674  0.0814594  14.949  0.11766
19.9936  0.0827504  14.961  0.119691
20.0126  0.0823504  14.987  0.120627
20.0355  0.0820878  14.9981  0.120859
20.0629  0.0826643  15.0087  0.119931
20.0938  0.082759  15.0266  0.119567
20.1147  0.0844124  15.0337  0.118497
20.1296  0.0850109  15.0485  0.118512
20.1528  0.0849109  15.0713  0.117848
20.1815  0.084396  15.0861  0.117469
20.2003  0.0832214  15.1101  0.116959
20.2134  0.0835696  15.1186  0.117737
20.236  0.0828978  15.1355  0.1161
20.2713  0.0821121  15.1626  0.116318
20.285  0.0828832  15.1932  0.117535
20.3091  0.0825408  15.2146  0.118533
20.3272  0.0826481  15.2318  0.118654
20.341  0.0819227  15.256  0.118179
20.3533  0.0822557  15.2794  0.116205
20.3725  0.0820981  15.2991  0.116594
20.3909  0.0817637  15.3155  0.116592
20.4121  0.0823301  15.3174  0.117347
20.4366  0.0833855  15.3344  0.117887
20.4575  0.0827946  15.3471  0.117862
20.4708  0.0838266  15.3557  0.117131
20.4926  0.0834384  15.3617  0.118144
20.5162  0.0840219  15.3806  0.118462
20.5307  0.0835251  15.4059  0.118781
20.5545  0.0820012  15.4376  0.118664
20.5818  0.082076  15.4705  0.117961
20.6085  0.0826685  15.464  0.117682
20.6249  0.0838884  15.4946  0.118397
20.6409  0.0842337  15.5088  0.118231
20.6569  0.0834536  15.5185  0.119146
20.6776  0.0824144  15.5245  0.118009
20.6984  0.0821518  15.54  0.118697
20.7119  0.0821257  15.5414  0.117698
20.7343  0.0825888  15.5504  0.117717
20.7521  0.0832982  15.5613  0.117896
20.7697  0.0838882  15.5784  0.115904
20.7777  0.0829061  15.5964  0.115857
20.806  0.0840631  15.617  0.117016
20.8309  0.0850059  15.6321  0.118506
20.8463  0.0840806  15.6438  0.119351
20.8689  0.0839358  15.648  0.120483
20.8935  0.0843697  15.6612  0.12188
20.9097  0.0836569  15.6816  0.121308
20.926  0.0821224  15.7009  0.121215
20.9426  0.0826051  15.7075  0.119966
20.9478  0.0823783  15.7225  0.119611
20.9668  0.0824636  15.7395  0.120977
20.9936  0.0831232  15.7746  0.120182
21.0117  0.0820309  15.7876  0.120578
21.0244  0.0829104  15.7981  0.121763
21.0483  0.0834228  15.8313  0.121755
21.0587  0.0830747  15.8594  0.122148
21.0883  0.082162  15.8726  0.122573
21.1082  0.0822958  15.8977  0.12272
21.1237  0.0825849  15.9052  0.123103
21.1434  0.08262  15.9237  0.122861
21.1643  0.082449  15.9334  0.123118
21.185  0.0825875  15.9367  0.123162
21.2013  0.0826748  15.9445  0.123768
21.2212  0.0826118  15.9699  0.124086
21.2528  0.0822258  15.9957  0.12576
21.2704  0.0814029  16.0092  0.127115
21.2871  0.0813041  16.0179  0.127581
21.3118  0.0810137  16.0279  0.127801
21.3381  0.0829619  16.0454  0.125552
21.3517  0.082576  16.0552  0.127017
21.3669  0.0826593  16.0717  0.127394
21.3965  0.08353  16.078  0.126799
21.419  0.0846426  16.1002  0.126582
21.4377  0.0844881  16.1166  0.12714
21.4586  0.0853744  16.1266  0.129648
21.477  0.085122  16.1445  0.13014
21.4941  0.0848677  16.1569  0.130822
21.5136  0.084218  16.168  0.13129
21.5341  0.0849448  16.1877  0.131919
21.5644  0.0863091  16.2155  0.130981
21.5828  0.0866515  16.2315  0.132644
21.6037  0.0872841  16.2385  0.132778
21.6201  0.0881534  16.2458  0.133505
21.6389  0.0889651  16.2627  0.134126
21.6591  0.0885356  16.2964  0.133799
21.6764  0.0884934  16.2997  0.134972
21.6976  0.0885212  16.3094  0.135806
21.717  0.088641  16.3157  0.137026
21.7308  0.0887527  16.326  0.137341
21.7489  0.0884517  16.3621  0.13788
21.7648  0.0887405  16.3735  0.1376
21.7864  0.0891698  16.3889  0.137321
21.8204  0.0897351  16.3934  0.138551
21.8369  0.0892893  16.4013  0.138189
21.8547  0.0896527  16.4008  0.137759
21.8805  0.0896506  16.4047  0.13743
21.9007  0.0894215  16.4275  0.136479
21.9147  0.0882834  16.4571  0.137239
21.9375  0.0882321  16.4805  0.137443
21.9601  0.0884985  16.4999  0.135851
21.974  0.0887668  16.5269  0.134923
21.9966  0.0889163  16.5549  0.135208
22.0234  0.0888719  16.5695  0.136682
22.0515  0.0883963  16.5855  0.137148
22.0711  0.0894244  16.606  0.136991
22.0943  0.0903903  16.6144  0.136427
22.1178  0.0895503  16.6232  0.136208
22.1386  0.0903471  16.6468  0.137118
22.1621  0.090004  16.6607  0.135332
22.1893  0.0909683  16.6754  0.135197
22.2059  0.0909165  16.682  0.136044
22.2186  0.0905551  16.7043  0.135907
22.2401  0.0909062  16.7061  0.136079
22.2692  0.0913192  16.7334  0.134825
22.2935  0.0910464  16.7586  0.135562
22.3108  0.0906473  16.755  0.137048
22.328  0.0923953  16.7809  0.138002
22.3582  0.0924024  16.799  0.138322
22.3805  0.0916788  16.8211  0.138827
22.4004  0.0918642  16.8264  0.137233
22.4146  0.0910235  16.86  0.136725
22.4329  0.0905462  16.8726  0.137799
22.454  0.0897154  16.894  0.139074
22.4717  0.0890531  16.8914  0.137832
22.4808  0.0886  16.8854  0.13597
22.4966  0.0876761  16.8998  0.135377
22.5097  0.0873713  16.9109  0.135623
22.5204  0.0876756  16.9426  0.134503
22.5309  0.0871287  16.9474  0.133914
22.5485  0.0875015  16.966  0.133649
22.5653  0.088627  16.9662  0.135411
22.5916  0.0889957  16.9717  0.134637
22.602  0.0883666  16.9918  0.134751
22.6123  0.0887116  17.0148  0.134124
22.6385  0.0881513  17.0348  0.134134
22.6604  0.0898714  17.0518  0.134012
22.6749  0.0903973  17.0635  0.134739
22.6986  0.0906255  17.0773  0.135069
22.7187  0.0890453  17.0831  0.135601
22.7478  0.0894657  17.108  0.135876
22.7573  0.0896197  17.1174  0.135701
22.7763  0.0884981  17.1345  0.136178
22.8104  0.0894348  17.1452  0.136407
22.8377  0.0886177  17.1545  0.136466
22.8584  0.0896591  17.1641  0.137322
22.8731  0.0898042  17.1874  0.137052
22.8853  0.0897259  17.18  0.138556
22.9005  0.0899725  17.1947  0.13869
22.9332  0.0902156  17.2199  0.138344
22.9562  0.0909213  17.2372  0.138878
22.9653  0.0911008  17.2581  0.138803
22.9813  0.0910069  17.2818  0.138989
22.9991  0.0914046  17.2863  0.139321
23.0254  0.0912134  17.3007  0.140063
23.0429  0.0913733  17.3275  0.138557
23.0596  0.0910623  17.3214  0.140113
23.0839  0.0905199  17.3377  0.139293
23.102  0.0917572  17.3539  0.138521
23.1151  0.0926439  17.3614  0.139172
23.1258  0.0923886  17.3782  0.140846
23.1426  0.0932669  17.3926  0.140271
23.1579  0.0935794  17.4048  0.14066
23.1723  0.0926041  17.4099  0.141214
23.1906  0.0922487  17.4492  0.140127
23.2043  0.0926732  17.4666  0.139179
23.222  0.0928115  17.4575  0.139671
23.241  0.0921492  17.4717  0.140641
23.2534  0.0918991  17.4682  0.140923
23.2674  0.0917605  17.4798  0.139996
23.2848  0.0926952  17.4826  0.140698
23.3024  0.0919151  17.5022  0.140634
23.318  0.0922457  17.5328  0.139902
23.3323  0.0926256  17.54  0.13914
23.3497  0.0929678  17.5317  0.139838
23.3631  0.0929872  17.5489  0.141404
23.3822  0.0933453  17.5663  0.140629
23.3936  0.0941421  17.5832  0.140105
23.4104  0.0946005  17.5846  0.140844
23.4244  0.0944203  17.6034  0.140681
23.4396  0.0943718  17.626  0.140362
23.4459  0.0944654  17.6242  0.1399
23.4681  0.0946231  17.6515  0.138825
23.4889  0.0957715  17.6528  0.140561
23.5093  0.0947523  17.6537  0.140434
23.5267  0.0953876  17.6671  0.141383
23.5509  0.0951475  17.6917  0.140395
23.5706  0.0952117  17.6974  0.13988
23.5869  0.0959643  17.7238  0.140469
23.6  0.0953731  17.7465  0.141378
23.626  0.0945252  17.7566  0.142291
23.645  0.0947154  17.779  0.143744
23.6682  0.0945061  17.7912  0.142872
23.6983  0.0950527  17.8023  0.141735
23.7081  0.0952852  17.8143  0.141973
23.7264  0.0945274  17.821  0.143166
23.7465  0.0949896  17.8465  0.143986
23.7639  0.0944392  17.8598  0.143654
23.7776  0.0952787  17.8694  0.145586
23.8073  0.0951294  17.867  0.145108
23.8255  0.0955622  17.8785  0.143969
23.8428  0.0964716  17.8944  0.144201
23.8624  0.0979823  17.9036  0.144583
23.8853  0.0980481  17.9223  0.145321
23.9074  0.0986451  17.9437  0.145425
23.9136  0.0993004  17.953  0.145136
23.9348  0.0996935  17.9863  0.144556
23.9455  0.100473  17.9959  0.144664
23.9668  0.0993304  18.019  0.142932
23.9882  0.0997205  18.0494  0.141058
23.9987  0.100723  18.051  0.14121
24.0108  0.100048  18.0683  0.140178
24.0398  0.100119  18.0965  0.139846
24.04  0.100592  18.1146  0.140102
24.0599  0.10125  18.1262  0.140541
24.0811  0.101018  18.1471  0.13931
24.0893  0.100019  18.1646  0.140287
24.1117  0.0995051  18.1679  0.139989
24.123  0.0996353  18.1681  0.139478
24.1385  0.100082  18.1688  0.141432
24.1549  0.100202  18.1783  0.141675
24.1661  0.100312  18.1928  0.142916
24.1807  0.0998718  18.2072  0.142337
24.2007  0.0995491  18.2203  0.143445
24.2233  0.0993263  18.2272  0.142645
24.2412  0.0991888  18.2466  0.143368
24.2529  0.0984385  18.2578  0.144099
24.2658  0.0986233  18.2717  0.144181
24.2814  0.0999189  18.2731  0.142082
24.3012  0.10061  18.282  0.142014
24.3223  0.100815  18.3006  0.142835
24.3312  0.101718  18.3146  0.141398
24.3456  0.101105  18.3401  0.14071
24.3604  0.101421  18.3595  0.140255
24.3811  0.100106  18.3827  0.139965
24.4023  0.0997498  18.4001  0.139094
24.4171  0.100041  18.4155  0.138947
24.4255  0.100516  18.4315  0.139917
24.4491  0.100974  18.4485  0.140308
24.4733  0.100725  18.4729  0.14087
24.4878  0.100388  18.4863  0.141431
24.5037  0.100263  18.4891  0.141868
24.5129  0.0997492  18.5107  0.143871
24.5372  0.0985308  18.5136  0.141875
24.5594  0.098039  18.5348  0.142294
24.5762  0.0988273  18.5377  0.143038
24.5954  0.0988119  18.5661  0.143666
24.6091  0.0994651  18.5582  0.145387
24.6238  0.0997904  18.5741  0.14577
24.6341  0.0997495  18.5996  0.145423
24.6546  0.0999432  18.6242  0.144817
24.6729  0.100241  18.621  0.144967
24.6965  0.100655  18.6375  0.145331
24.7148  0.101154  18.6598  0.146743
24.7318  0.10206  18.6652  0.148336
24.7545  0.101989  18.6864  0.149058
24.7727  0.101606  18.6975  0.148742
24.7911  0.101932  18.7056  0.149211
24.8043  0.101928  18.7335  0.150606
24.8079  0.101555  18.7533  0.151901
24.8083  0.102511  18.765  0.152573
24.8243  0.102621  18.7773  0.15343
24.8432  0.102653  18.787  0.154422
24.8524  0.10205  18.8026  0.155227
24.876  0.102344  18.8178  0.156036
24.8903  0.103129  18.8259  0.156911
24.9089  0.102081  18.8364  0.15584
24.9377  0.102595  18.8519  0.155479
24.9516  0.101578  18.8675  0.154378
24.9734  0.101475  18.8849  0.155416
24.9815  0.10252  18.9012  0.156104
24.9912  0.103321  18.9129  0.155254
25.0131  0.102784  18.9297  0.155727
25.0296  0.102544  18.9481  0.154569
25.0427  0.103367  18.973  0.154236
25.065  0.104079  19.005  0.153832
25.0824  0.104303  19.016  0.154228
25.0924  0.104806  19.0378  0.154297
25.1119  0.104383  19.0495  0.154912
25.1323  0.104004  19.0523  0.155822
25.1395  0.10321  19.054  0.155552
25.1607  0.104275  19.0721  0.155768
25.1738  0.104709  19.0836  0.155399
25.1915  0.105293  19.1018  0.156125
25.2062  0.105281  19.1084  0.156992
25.2146  0.104621  19.1308  0.156648
25.2254  0.104944  19.1432  0.156963
25.241  0.104396  19.1605  0.155027
25.2484  0.103797  19.1802  0.154804
25.2664  0.103728  19.191  0.155156
25.2946  0.104397  19.202  0.154419
25.3045  0.10358  19.2067  0.155695
25.3231  0.102697  19.2197  0.155899
25.3382  0.103589  19.2282  0.155173
25.3554  0.103863  19.255  0.157291
25.3767  0.103463  19.2878  0.156779
25.395  0.10288  19.302  0.157782
25.4077  0.1028  19.3241  0.157356
25.4314  0.102354  19.327  0.156495
25.458  0.101793  19.3343  0.157519
25.473  0.101861  19.3484  0.156481
25.4952  0.101829  19.3475  0.156115
25.5167  0.10173  19.3625  0.155168
25.5209  0.100905  19.3775  0.155545
25.5435  0.101468  19.378  0.155549
25.5685  0.101569  19.4082  0.154752
25.5953  0.101757  19.4197  0.155225
25.6128  0.102212  19.4147  0.155636
25.6271  0.101603  19.423  0.156228
25.6443  0.10111  19.4214  0.156964
25.6672  0.101437  19.4545  0.156647
25.6793  0.100687  19.4641  0.156752
25.6974  0.0995796  19.4678  0.155696
25.7206  0.0995937  19.4894  0.156742
25.7371  0.100598  19.4936  0.154644
25.753  0.100928  19.5051  0.15518
25.7644  0.100877  19.5064  0.15526
25.7773  0.100932  19.5191  0.156805
25.7953  0.100715  19.538  0.156688
25.8031  0.10052  19.5566  0.157931
25.8294  0.101449  19.5683  0.157241
25.8466  0.101858  19.5829  0.15796
25.8676  0.101906  19.596  0.158595
25.8902  0.10177  19.613  0.157034
25.9066  0.10109  19.6256  0.156375
25.9248  0.100599  19.639  0.157204
25.9447  0.101474  19.6463  0.15651
25.9558  0.102169  19.6628  0.157217
25.975  0.102168  19.679  0.157595
25.9874  0.101616  19.6795  0.157
26.0083  0.101349  19.6907  0.15667
26.0198  0.101921  19.7121  0.156567
26.039  0.101537  19.7167  0.156026
26.056  0.101927  19.7229  0.155842
26.0756  0.102509  19.7373  0.156312
26.0934  0.102546  19.7492  0.155637
26.114  0.10221  19.7641  0.156423
26.1342  0.101644  19.7628  0.157512
26.1484  0.101323  19.7627  0.156884
26.1652  0.10128  19.7727  0.155234
26.1794  0.100606  19.7769  0.155379
26.192  0.100108  19.7845  0.156076
26.2188  0.0992412  19.816  0.154742
26.236  0.0986668  19.8298  0.154655
26.2491  0.0980749  19.8391  0.155702
26.2704  0.097773  19.8374  0.155563
26.2858  0.0977068  19.8379  0.155376
26.2965  0.0979491  19.8587  0.154843
26.3144  0.0978942  19.8832  0.154489
26.3317  0.0982113  19.895  0.15288
26.3441  0.0985314  19.9343  0.153299
26.3619  0.09791  19.939  0.152716
26.3839  0.0975258  19.9317  0.153037
26.3963  0.0971722  19.9475  0.153966
26.4076  0.0972745  19.9707  0.153566
26.4223  0.0970917  19.9707  0.153708
26.4407  0.0981144  19.9842  0.153939
26.4548  0.0977935  20.0056  0.152714
26.4776  0.0987624  20.0133  0.153852
26.4928  0.0982477  20.0302  0.152709
26.5095  0.0982828  20.0423  0.152592
26.531  0.0985161  20.0528  0.154235
26.5558  0.0990576  20.0509  0.154163
26.5778  0.0989213  20.0551  0.152939
26.5932  0.0983947  20.0664  0.152254
26.6227  0.0983605  20.0627  0.151308
26.6459  0.0981285  20.0734  0.150769
26.6698  0.0977005  20.0861  0.151866
26.6807  0.0982783  20.0878  0.150669
26.6925  0.0989907  20.1097  0.151889
26.7115  0.0984178  20.1195  0.151464
26.7225  0.0988616  20.1387  0.150491
26.7354  0.0985793  20.1518  0.153517
26.7592  0.0987362  20.1574  0.151999
26.7794  0.0984971  20.1684  0.150966
26.7992  0.099365  20.1928  0.152769
26.8192  0.0995794  20.2094  0.151989
26.8401  0.0998288  20.2277  0.150794
26.8593  0.100912  20.24  0.152439
26.8724  0.1009  20.2711  0.152019
26.8801  0.100509  20.2792  0.151854
26.8876  0.100688  20.285  0.151666
26.907  0.100839  20.2941  0.150219
26.9208  0.100402  20.3082  0.148863
26.9416  0.101503  20.3067  0.14912
26.9554  0.101792  20.3209  0.149372
26.9724  0.100851  20.3215  0.150624
26.9852  0.101495  20.3378  0.149911
26.999  0.100578  20.3553  0.151513
27.0251  0.10098  20.3776  0.152459
27.031  0.101344  20.3937  0.151174
27.0558  0.100609  20.4059  0.151487
27.0652  0.101052  20.4095  0.150951
27.0837  0.100954  20.4248  0.150584
27.107  0.101234  20.4468  0.15002
27.1267  0.101778  20.4599  0.149776
27.1507  0.102021  20.4669  0.15117
27.1656  0.10217  20.4841  0.152452
27.1774  0.102048  20.5077  0.149661
27.1949  0.102765  20.5249  0.150248
27.2144  0.102835  20.5389  0.151391
27.2396  0.103107  20.5481  0.149688
27.2489  0.103639  20.5618  0.150202
27.2659  0.103618  20.5769  0.15096
27.2765  0.103035  20.5842  0.151158
27.2921  0.103363  20.6088  0.151027
27.3211  0.103649  20.6267  0.151919
27.3364  0.103223  20.6409  0.151765
27.3437  0.104233  20.6563  0.152361
27.3711  0.10476  20.6627  0.152793
27.392  0.104997  20.6721  0.153042
27.411  0.104068  20.6835  0.154317
27.4239  0.104334  20.6992  0.153823
27.441  0.103671  20.7265  0.154882
27.4535  0.105188  20.7353  0.154308
27.4838  0.10441  20.7507  0.152599
27.507  0.104215  20.7647  0.153562
27.5243  0.105712  20.7581  0.153654
27.5483  0.105173  20.7489  0.153821
27.5747  0.104852  20.777  0.154078
27.5921  0.105481  20.7921  0.153717
27.6091  0.105152  20.7992  0.154037
27.624  0.105291  20.8135  0.152214
27.6459  0.105862  20.8169  0.151948
27.6621  0.105671  20.8397  0.152734
27.6811  0.106332  20.8422  0.151632
27.7012  0.10704  20.8508  0.152304
27.712  0.106653  20.8586  0.153127
27.7403  0.106939  20.8537  0.153255
27.7575  0.106806  20.8628  0.15348
27.7744  0.106622  20.886  0.152952
27.7895  0.10652  20.9093  0.152615
27.8091  0.105745  20.9226  0.152485
27.8282  0.10623  20.9278  0.152882
27.857  0.105558  20.9556  0.151729
27.8695  0.105742  20.966  0.152193
27.8898  0.105493  20.9848  0.152852
27.9037  0.105631  20.994  0.152364
27.9215  0.105397  21.0024  0.153423
27.9394  0.105295  21.024  0.153828
27.9504  0.105429  21.0315  0.154067
27.9663  0.106433  21.0348  0.15412
27.9808  0.106512  21.0349  0.155388
27.9913  0.10698  21.0496  0.155789
28.0035  0.108046  21.0569  0.155148
28.0099  0.108798  21.0679  0.155289
28.0269  0.109148  21.0813  0.156081
28.0391  0.110097  21.0747  0.156388
28.056  0.110889  21.0906  0.154776
28.0784  0.110462  21.1114  0.155027
28.0999  0.110029  21.1151  0.155133
28.1078  0.110494  21.1231  0.15549
28.1166  0.109812  21.1224  0.153866
28.1373  0.110727  21.1215  0.153562
28.1576  0.11144  21.1316  0.153586
28.1749  0.111972  21.1485  0.151269
28.1894  0.111945  21.1565  0.152746
28.2052  0.111444  21.1683  0.15293
28.2211  0.110916  21.1858  0.152746
28.2364  0.110838  21.2035  0.153607
28.246  0.110105  21.2246  0.154602
28.2632  0.10989  21.2333  0.154416
28.274  0.110032  21.2609  0.155412
28.2971  0.109647  21.2686  0.15357
28.3109  0.109644  21.2873  0.152446
28.331  0.109692  21.2868  0.153809
28.354  0.109848  21.2985  0.153015
28.3575  0.110166  21.3145  0.151883
28.3713  0.10887  21.3514  0.151036
28.3723  0.109103  21.35  0.151878
28.3917  0.108818  21.3627  0.15172
28.4014  0.109085  21.3696  0.149826
28.4238  0.108631  21.3904  0.15046
28.4313  0.108091  21.4146  0.14972
28.456  0.107865  21.4279  0.150256
28.4732  0.108003  21.4443  0.14903
28.4826  0.108641  21.4609  0.14926
28.4968  0.108163  21.4572  0.149872
28.5289  0.108927  21.4736  0.147552
28.5519  0.108519  21.489  0.147857
28.5612  0.108896  21.4891  0.148246
28.5778  0.109048  21.4936  0.149532
28.5802  0.109277  21.5012  0.150744
28.5942  0.109497  21.5165  0.150011
28.6058  0.110556  21.5162  0.14923
28.6194  0.110431  21.5319  0.148542
28.6385  0.111463  21.5407  0.149218
28.6579  0.111195  21.5527  0.149112
28.6701  0.110881  21.5661  0.148197
28.6918  0.110598  21.5868  0.150146
28.7017  0.110384  21.6092  0.149107
28.7146  0.111256  21.6159  0.148777
28.7414  0.111262  21.6333  0.149018
28.7546  0.111419  21.6316  0.15069
28.7587  0.111888  21.6545  0.152351
28.7742  0.112266  21.6608  0.152623
28.7922  0.113383  21.6733  0.150387
28.8049  0.112312  21.6829  0.151791
28.8142  0.112648  21.7053  0.150993
28.8269  0.112854  21.7353  0.149632
28.8424  0.112026  21.7278  0.14934
28.8594  0.112772  21.7436  0.148732
28.8651  0.112834  21.7503  0.149122
28.8842  0.114121  21.7583  0.148911
28.8883  0.114179  21.7682  0.149533
28.8914  0.114593  21.7747  0.150239
28.8988  0.114467  21.7886  0.147849
28.9081  0.11474  21.8005  0.148086
28.9173  0.114882  21.8222  0.149258
28.9226  0.114948  21.8434  0.148415
28.9406  0.114705  21.8579  0.148686
28.9537  0.114396  21.882  0.147984
28.9592  0.113761  21.8867  0.146654
28.9668  0.114133  21.9009  0.146021
28.9783  0.113982  21.9094  0.145834
28.9907  0.113846  21.9269  0.146639
29.005  0.114436  21.932  0.145452
29.0189  0.114156  21.9408  0.14616
29.0386  0.114713  21.9488  0.145108
29.0528  0.114912  21.9488  0.146517
29.0673  0.114748  21.9796  0.145573
29.0831  0.11592  22.0005  0.145643
29.1057  0.116207  22.0126  0.146688
29.1219  0.116108  22.0173  0.148744
29.1362  0.11675  22.0217  0.148417
29.1514  0.116115  22.0284  0.148121
29.1759  0.116439  22.047  0.14847
29.1858  0.116555  22.0507  0.149005
29.2017  0.115645  22.059  0.149306
29.2173  0.114552  22.0634  0.148887
29.2271  0.11354  22.062  0.148217
29.2494  0.114051  22.0837  0.147066
