3.14663  0
3.14044  0.00619477
3.14158  0.00375308
3.14259  0.00284197
3.14133  0.00253863
3.14185  0.00213784
3.14127  0.00189688
3.13951  0.00240711
3.13904  0.00217569
3.14105  0.00280092
3.14037  0.0026233
3.14075  0.0024251
3.14045  0.00225117
3.14144  0.00230584
3.14145  0.00214664
3.14134  0.0020107
3.14018  0.00221954
3.13996  0.00210418
3.14085  0.00218318
3.14144  0.0021526
3.14104  0.00208646
3.1415  0.00204183
3.1406  0.0021476
3.14101  0.00209692
3.14102  0.0020113
3.14093  0.00193461
3.14106  0.0018667
3.14124  0.0018079
3.14119  0.00174531
3.14135  0.00169358
3.1414  0.00163877
3.14131  0.00158934
3.14125  0.00154164
3.14146  0.0015115
3.14094  0.00155973
3.14085  0.00151817
3.14068  0.00148636
3.14081  0.00145245
3.14123  0.00147574
3.14114  0.00144139
3.14139  0.0014282
3.14139  0.00139378
3.14191  0.00145899
3.14197  0.00142657
3.14207  0.00139815
3.1423  0.00138684
3.1421  0.00137189
3.14218  0.00134517
3.1424  0.00133589
3.14241  0.00130892
3.14248  0.00128508
3.14226  0.00127854
3.14235  0.00125689
3.14246  0.00123832
3.14227  0.00122943
3.1427  0.00128169
3.14266  0.00125984
3.14287  0.00125575
3.14273  0.00124231
3.14292  0.00123712
3.143  0.00121931
3.14289  0.00120447
3.14301  0.00119052
3.14324  0.00119401
3.14336  0.00118251
3.14328  0.00116736
3.14351  0.00117256
3.14367  0.00116535
3.14369  0.0011485
3.14368  0.00113199
3.14382  0.00112471
3.14369  0.00111693
3.14355  0.00111053
3.14364  0.00109949
3.14359  0.00108595
3.14358  0.00107157
3.14337  0.00108004
3.14352  0.00107706
3.14357  0.00106442
3.14349  0.00105355
3.1434  0.00104509
3.14337  0.00103249
3.14334  0.00102066
3.14327  0.00101073
3.14315  0.00100603
3.14282  0.00104711
3.14267  0.00104562
3.14279  0.0010401
3.1429  0.00103468
3.14306  0.00103494
3.14318  0.00103113
3.14313  0.00102145
3.14316  0.00101119
3.14317  0.00100039
3.14324  0.000992396
3.14314  0.000987226
3.14305  0.000981531
3.14313  0.000974771
3.14316  0.000965571
3.14298  0.000972743
