1  0  0.0851372  0  111.6
1  0  0.0824533  0.00268387  86.2
1  0  0.081621  0.00175893  116.4
1  0  0.082147  0.0013504  84.2
1  0  0.0823961  0.00107526  93.6
1  0  0.0828372  0.000982542  93.6
1  0  0.0825559  0.00087674  103.2
1  0  0.0825923  0.000760149  97.8
1  0  0.082646  0.00067254  74.8
1  0  0.0825403  0.000610759  90.2
1  0  0.0825668  0.000553088  93.8
1  0  0.0824752  0.000513148  126.8
1  0  0.082476  0.000472029  101.4
1  0  0.082921  0.000623673  119.2
1  0  0.0828104  0.000591057  75.6
1  0  0.0827312  0.000558526  108.6
1  0  0.0826633  0.000529014  105.8
1  0  0.0829222  0.000561953  116.6
1  0  0.0828709  0.00053402  97.8
1  0  0.0828575  0.000506794  89.6
1  0  0.0827783  0.000488523  142.4
1  0  0.0828471  0.000470849  90.8
1  0  0.0829234  0.000456331  106
1  0  0.0829624  0.000438636  128.2
1  0  0.0829768  0.000420973  115.4
1  0  0.0830208  0.000406848  106.4
1  0  0.083088  0.000397201  101.6
1  0  0.0831847  0.00039479  104.2
1  0  0.0832228  0.000382836  86.8
1  0  0.083284  0.000374872  91.6
1  0  0.0830982  0.000407379  99.6
1  0  0.083085  0.000394666  109.8
1  0  0.0831507  0.000388122  89.2
1  0  0.0831164  0.000378094  82.2
1  0  0.0830423  0.000374521  86.8
1  0  0.0829962  0.000366888  115.4
1  0  0.082905  0.000368287  84.8
1  0  0.0828967  0.000358561  125.2
1  0  0.0828595  0.000351221  73.2
1  0  0.082962  0.000357344  106
1  0  0.0830343  0.000355942  102.8
1  0  0.0830562  0.000348053  116.4
1  0  0.0831641  0.000356575  91.8
1  0  0.0832112  0.000351551  89.6
1  0  0.0832832  0.000351102  87.4
1  0  0.0833114  0.000344547  73.4
1  0  0.0833432  0.000338626  99.8
1  0  0.0834466  0.000347245  120.2
1  0  0.0834777  0.000341506  116.2
1  0  0.0834959  0.0003351  99.4
1  0  0.0834718  0.000329342  107.4
1  0  0.0834328  0.000325294  101
1  0  0.0834644  0.000320661  97.4
1  0  0.0834833  0.000315233  103.8
1  0  0.0835081  0.000310439  121.4
1  0  0.083506  0.000304852  116.6
1  0  0.083539  0.000301271  107.4
1  0  0.0834994  0.000298665  98.6
1  0  0.0834668  0.000295367  96.2
1  0  0.08347  0.00029042  107.4
1  0  0.0834718  0.000285625  89
1  0  0.0835055  0.000282995  114.2
1  0  0.0835561  0.000283012  97
1  0  0.0835179  0.000281157  90.2
1  0  0.083487  0.000278512  99.6
1  0  0.0834723  0.000274658  120
1  0  0.0834946  0.000271448  115.4
1  0  0.0834391  0.00027313  100.2
1  0  0.0833945  0.000272802  92
1  0  0.0833885  0.000268943  95
1  0  0.0833613  0.00026652  80.6
1  0  0.0833867  0.000264009  84.8
1  0  0.0833689  0.000260973  103.4
1  0  0.0833666  0.000257432  95.4
1  0  0.0834008  0.000256268  86
1  0  0.083438  0.000255599  104.2
1  0  0.0833928  0.00025628  86.4
1  0  0.0833877  0.000253024  108.4
1  0  0.0833681  0.00025057  98.8
1  0  0.0833626  0.000247479  105.6
1  0  0.0833008  0.000252101  95.6
1  0  0.0832912  0.000249194  93.8
1  0  0.0833379  0.000250561  72.4
1  0  0.0833323  0.000247623  106.2
1  0  0.0833221  0.000244906  81.6
1  0  0.0833252  0.000242062  76.8
1  0  0.0833276  0.000239275  85.8
1  0  0.0833263  0.000236543  82.2
1  0  0.0833344  0.000234009  105.8
1  0  0.0833084  0.000232844  83.2
1  0  0.0833642  0.000236915  101.6
1  0  0.0833934  0.000236142  98
1  0  0.0834357  0.000237389  101.8
1  0  0.0834318  0.000234882  86.2
1  0  0.0834494  0.000233064  109.2
1  0  0.0834361  0.000231005  73.4
1  0  0.0834632  0.000230204  117.8
1  0  0.0834771  0.000228267  114.6
1  0  0.0834729  0.000225987  115.2
1  0  0.0834675  0.000223781  96.2
