47.3451  107.244  17701.6
50.7685  94.3867  -71.7941
52.6928  109.124  -3092.78
49.52  92.2313  -163.266
49.1796  97.8894  -24.7985
45.9359  104.082  710.851
48.5759  87.9641  76.2502
50.9899  92.277  41.2558
46.9399  91.0969  -59.0813
47.9633  93.0021  331.629
48.4946  109.142  -155.611
52.3253  99.5753  -20.6082
43.5752  92.1346  -691.895
52.8293  114.115  32.1156
53.6302  109.848  -160.648
45.0039  104.45  -393.62
52.2741  89.8991  -61.432
49.4819  92.9761  2.33249
46.9062  88.6023  -16.1686
52.3775  88.8034  -15.3085
48.4251  104.305  -6.29474
50.1858  84.6265  -106.836
52.0851  86.6512  -73.4984
49.446  89.318  -48.3119
50.554  110.647  21.3173
48.6751  99.1814  -408.175
53.7504  113.313  -7.94602
49.8425  99.5196  1363.85
45.0521  102.272  -23.184
48.9247  102.563  -478.153
50.9837  91.0013  22.5505
50.843  109.935  -273.553
51.5067  80.8639  8.70687
51.3518  85.382  -175.414
50.5513  95.6636  -968.257
49.2138  104.911  98.7824
51.4459  97.5585  -275.717
45.2609  110.341  13.0322
48.4117  103.368  267.118
51.7069  101.111  50.3138
49.3123  101.917  22.8658
51.3441  103.068  22.4864
50.3569  97.2837  -144.797
53.0187  73.4474  33.9933
50.4758  90.561  -154.527
47.0503  85.5368  -215.287
50.6006  88.1888  -84.4922
48.022  109.956  -244.944
52.0987  89.9139  -1018.95
53.6344  93.8972  23.6887
54.1242  91.9262  -56.8985
50.0857  96.6984  -331114
57.6671  108.576  -34.4351
48.6996  109.837  432.873
53.5949  87.0463  51.0302
46.2938  112.632  -51.1255
48.9982  110.503  92.837
52.0458  98.4705  72.1765
51.667  106.041  -115.349
47.3757  90.2493  -173.651
46.5392  90.2539  -52.4766
52.6362  94.7077  40.806
51.4804  91.3905  472.261
42.1616  97.032  52.8621
50.7676  110.616  -272.583
49.4942  97.381  -265.578
53.1665  108.813  597.354
51.3745  102.151  67.54
48.5068  91.8629  239.856
48.3432  76.1957  52.9797
53.1765  106.97  57.1859
49.5718  97.7085  -274.854
46.97  94.3299  -37.3909
49.8032  92.6154  25.3665
50.2434  104.305  -228.326
51.0487  84.2845  58.4153
48.3429  96.7302  57.3492
47.9544  114.642  -1029.15
51.7896  80.0974  -29.4382
51.5157  86.1779  -34.0284
50.7198  91.4196  -63.5978
48.082  103.883  12.1717
51.5939  103.752  101.05
48.3637  106.873  -38.9194
46.2047  104.896  62.6241
47.4139  95.3262  -51.7918
49.5298  96.4807  -33.1629
45.3279  91.9518  -42.4934
50.9895  108.481  -54.3511
53.6647  90.5293  128.526
45.187  109.09  30.3175
48.3642  102.884  -345.296
51.2225  85.7748  712.663
49.1968  111.736  179.014
45.19  113.461  68.4265
51.5491  92.6182  7.31062
49.4795  99.9693  -150.93
49.6133  98.6367  9.82753
48.0247  101.515  54.4678
48.8174  121.503  50.527
53.6498  102.873  -5.32756
48.5931  108.853  -77.6753
49.1871  113.41  -19.1166
49.3493  93.4206  -105.14
49.05  85.4557  -298.525
47.7823  103.868  -34.1818
55.465  92.3948  517.43
52.4185  87.9196  -20.1748
48.5774  100.371  93.7164
48.5536  91.4472  455.413
52.1665  104.286  -62.401
47.5157  89.6812  -141.236
44.7162  102.497  34.2707
50.4462  114.996  86.3959
57.107  100.6  -160.05
48.5585  78.4082  110.957
46.2087  111.502  -1128.31
49.099  84.1754  12.2428
50.1681  87.9331  2254.62
51.0011  93.6171  -28.0286
52.2045  93.6715  -47.1521
51.4895  78.704  189.965
47.2389  96.5147  103.965
43.6554  71.3979  60.867
51.6986  80.6813  1646.72
46.2909  102.1  42.4252
48.3556  98.7074  398.334
54.0366  109.543  -43.6653
54.0731  88.5887  1.7208
47.1594  98.7957  -50.7422
53.8479  96.5765  -223.633
51.0465  110.974  74.2884
51.5538  107.155  -192.725
56.7654  105.738  342.174
50.308  114.136  49.8545
46.8051  105.301  15.7559
48.3936  103.679  35.6809
52.38  109.289  27.7404
43.193  96.072  -46.5246
54.4447  120.66  -101.896
49.5968  89.0447  18.456
52.8295  88.5022  117.176
48.8734  112.395  -44.6033
45.6785  97.0753  13.2761
45.9956  98.5698  -3.17712
52.6307  87.3843  -12.0404
51.9406  99.3806  218.797
52.9559  92.1714  149.858
45.4913  115.588  943.023
53.1195  112.459  33.7629
49.5856  91.1451  6866.18
48.0171  103.254  -899.009
51.2739  103.201  207.595
55.3852  115.086  -143.933
52.8618  109.918  -17.1936
46.66  94.2912  23.4051
49.8308  89.3425  34.532
51.8225  100.249  -40.5944
47.6434  104.7  -52.7539
46.5313  93.4863  19.9314
49.5584  107.594  -1471.12
52.1147  107.901  1260.33
50.0932  91.1734  -49.4822
56.7541  97.5774  5.21135
48.7894  84.5405  204.05
50.4599  103.472  -68.8633
51.4516  115.881  -16.4116
46.2058  94.3707  -46.3894
45.046  99.2532  -25.9683
40.8525  114.464  -274.998
53.9591  91.6772  62.3339
47.2573  95.8046  -45.3577
52.3352  106.578  -457.761
49.2336  100.038  -243.457
48.7253  106.284  578.338
53.7867  107.244  261.813
47.295  116.311  135.056
46.3214  112.494  100.156
45.3568  94.6549  352.718
52.2798  97.141  138.769
46.0063  99.8936  -177.895
51.9349  104.868  350.526
52.1563  92.7444  16.4839
52.8305  91.8555  19.7294
50.2826  107.576  -3.13146
49.6237  112.641  -66.0549
45.705  94.468  -65.7807
49.8525  102.967  1047.42
49.2489  85.4294  -36.5752
48.4154  103.576  -26.5438
57.6423  107.818  817.503
51.3161  77.3349  22.7866
47.0244  113.558  307.908
49.4938  103.156  -50.992
52.4533  111.519  -74.0733
51.3209  102.495  -61.3859
49.3186  104.245  226.226
46.6208  91.621  13.0439
51.0782  109.676  -1025.1
40.8192  89.89  31.9468
49.7566  113.391  97.9608
45.1129  103.332  -108.604
56.1552  111.751  -183.321
47.3001  101.745  -133.464
53.7432  103.187  20.9058
51.1871  102.049  -24.9301
49.7101  97.1559  -0.251203
48.2488  92.473  -30.9185
47.6804  102.033  33.8112
49.4865  111.483  -1738.52
49.1036  119.156  -118.667
48.1929  112.877  -97820.7
52.3492  98.7656  -159.091
51.5995  102.84  68.4276
50.0518  91.0126  54.1856
52.147  97.3779  130.855
54.2694  117.761  -529.131
51.3845  110.635  -16.9821
53.5283  106.437  76.2681
51.2707  97.5324  -131.163
47.8496  88.5699  215.616
53.9131  102.006  68.2402
49.3641  101.231  1533.65
54.5501  99.4686  50.0811
49.139  97.4991  -44.8463
49.8435  96.3491  -453.373
49.356  86.4328  -149.161
44.3164  94.3336  -114.143
53.9953  103.04  120.019
55.0372  96.5369  397.764
53.6959  87.7473  -144.032
45.4139  98.4068  -337.746
48.4789  87.4772  -188.415
51.2317  78.913  -78.6328
49.5339  97.4164  -445.017
49.8299  107.17  132.277
51.2882  96.845  86.9646
46.5809  76.9719  -15.5903
51.4884  83.1815  136.089
51.5994  90.4793  -92.6857
52.047  95.3168  -20.7046
47.8764  110.851  -1781.08
52.9141  103.693  -17.9956
49.7961  98.129  -119.622
49.257  110.382  58.2292
46.2622  95.8135  83.6559
49.7417  91.7204  7.22961
48.4232  99.7387  90.1674
51.7274  98.2219  -1099.7
52.2541  79.5326  15693.7
46.7015  92.3402  199.423
54.0158  99.5005  16.2807
48.2958  104.615  155.03
49.879  109.614  -229.542
48.7434  97.9385  -123.781
50.7683  90.6996  -61.2814
46.6496  88.3052  31.7972
47.7427  83.6329  68.1797
55.4647  87.0781  489.398
46.9983  94.9933  -544.182
47.0648  113.266  1951.59
47.843  101.631  56.2503
52.3607  87.5511  28.4314
45.7594  83.3827  -7.72417
48.8704  99.9903  -116.236
46.9365  91.7876  945.392
46.7078  84.6229  168.55
46.4173  87.7046  208.063
44.4539  107.499  25.1739
51.2755  97.9409  3.8276
46.8939  99.7904  1284.39
52.9989  98.1241  -43.9427
41.619  86.5569  76.3683
41.5238  98.6087  65.6479
52.0065  91.5947  -385.701
48.1291  98.3637  -596.302
52.1083  102.678  -122.168
48.6666  82.4852  1083.18
52.4932  106.175  237.32
50.3667  100.92  135.476
49.1039  100.833  -83.3562
46.7264  93.5352  -602.043
48.7053  112.206  -41.611
45.7525  90.5691  -55.0337
48.5171  95.6817  4.21541
51.096  97.8448  -172.544
50.1376  90.093  -15.4211
49.3817  104.656  -407.841
49.8823  109.896  -251.674
53.3028  99.6534  356.168
46.1779  83.9929  277.891
48.8128  107.861  -1994.45
53.6641  106.971  -211.953
45.0167  91.0219  -109.293
49.1763  108.68  49.6413
45.1265  113.007  445.834
46.7929  83.2611  231.542
50.1124  104.515  -298.168
50.65  91.5043  -11.661
49.4464  101.138  50.2303
45.241  100.603  17.8077
48.6014  135.81  10.5937
49.4329  97.5804  3.2197
49.7338  100.625  292.224
46.4498  98.9639  -41.5637
51.2434  109.193  -213.353
50.5848  101.994  335.729
53.6697  106.233  484.381
51.4236  101.101  -20.3054
47.6513  89.9988  85.9889
50.8718  84.7275  -1419.8
54.4361  94.6377  -383.141
52.2999  101.587  220.345
51.7024  119.05  -60.9912
49.6302  104.564  -8.63669
54.2092  132.366  110.846
51.21  107.77  167.696
46.0667  111.786  -238.685
46.8272  86.3766  43.1814
48.1772  102.746  13.8194
49.2427  105  246.879
51.6671  103.092  -67.0135
50.1295  86.2253  -126.159
52.8946  97.4278  130.31
45.3217  109.171  -78.3428
51.8815  96.1839  -128.778
48.7945  107.197  -117.056
49.7866  83.7358  -56.8574
51.8122  110.435  -138.194
52.3014  127.527  -17.9544
43.194  96.6358  9.0562
49.6146  101.901  -17.6129
50.6664  108.206  -249.895
52.8586  96.5667  -303.492
49.7847  100.417  -91.4538
49.7166  87.1104  128.857
52.9217  105.484  11.8387
52.1323  104.851  13.508
47.3381  88.8728  -167.924
50.8345  140.101  -519.812
48.3645  110.925  -119.775
51.6493  89.7372  8.29934
54.2404  85.9267  -282.946
49.341  114.599  221.32
54.1708  116.124  297.965
52.9902  97.7607  -99.5374
55.6775  103.157  50.4735
45.6775  82.2199  -947.149
49.3373  89.9302  253.156
50.5138  82.1539  2742.67
47.5152  100.571  -65.5699
52.8177  92.6486  -97.5768
50.7151  97.5503  209.568
48.5114  109.174  101.809
47.689  104.979  51.7713
49.5671  86.3889  -34.7224
50.4578  118.632  41.8917
48.6055  108.39  -13.4768
44.9148  93.7599  88.0257
47.5124  111.175  -470.383
52.6981  102.201  116.325
49.2029  96.4272  -74.2534
47.5334  104.857  49.2005
54.4328  103.231  2.09751
50.2639  102.139  144.395
52.8169  104.57  57.1918
50.3014  101.47  -79.3734
49.9855  100.991  -4.65686
51.2464  99.8951  -46.8482
53.0698  80.1885  74.1932
48.9409  119.703  -170.782
52.4785  98.6654  -6416.77
46.2346  90.5463  -303.733
50.1884  105.826  -111.926
51.2601  92.9964  265.689
53.5419  94.101  -73.8938
49.0261  105.389  -954.072
51.8054  117.716  214.726
51.6585  89.8131  389.071
45.5127  98.265  -83.7206
45.6285  88.2801  -3562.88
50.8792  111.729  121.478
44.8277  95.493  28.9897
45.3422  98.5314  72.7833
45.3631  110.335  261.24
50.5436  115.266  -312.199
49.4609  89.2281  461.781
49.8418  106.128  -6.63927
46.8841  106.353  117.632
50.7014  93.8171  -392.972
50.7845  96.2479  -87.7947
46.0772  88.0953  49.6369
53.9247  97.906  50.9626
43.1735  84.9371  -2.39714
47.7224  118.514  43.8802
51.7254  103.716  161.119
47.5837  113.656  -516.053
48.2159  113.184  59.914
49.5079  110.311  -36.2649
45.2051  100.239  679.109
53.9645  92.0763  327.641
54.2175  101.312  219.156
54.5529  95.7334  -50.3315
52.3949  108.814  468.677
51.979  96.7414  -41.8985
48.3913  111.266  -395.989
49.3896  106.51  47.2741
50.7503  118.173  302.735
45.1294  94.2782  747.385
47.2708  93.5073  58.0508
48.4952  104.968  -61.9066
49.6333  82.6553  -247.248
52.0796  98.0989  7.50321
49.8249  113.508  -1.71418
54.8136  110.805  10.7021
44.6655  100.159  217.675
41.8295  97.232  12.7477
50.0037  103.137  -14.5043
50.7854  93.6895  29.7367
47.9188  121.843  249.173
52.3041  103.546  -53.5907
45.5266  105.554  -222.944
50.6988  124.81  -141.679
49.7557  86.2853  189.634
54.17  126.768  -84.2285
49.727  104.718  105.687
50.1756  117.634  -27.817
55.1305  101.465  16.9382
54.6927  104.433  35.539
49.2648  96.2719  139.158
51.6021  99.0261  301.351
57.1657  85.99  1414.27
49.4456  94.6919  49.0829
49.5191  106.235  111.138
50.3195  107.131  743.66
44.8157  123.109  114.37
54.6842  116.986  28.6434
51.4753  89.5282  129.926
48.3855  97.0077  -175.797
54.4287  113.865  201.799
46.1982  107.916  79.7218
50.9161  93.7349  93.4101
50.7196  105.896  -1361.34
49.0215  117.884  -30.0825
48.4534  125.331  93.2784
46.7326  105.891  -35.8238
54.4447  111.858  397.692
50.0784  106.831  194.902
45.8361  116.179  -40.7031
53.1642  113.698  -87.4433
48.2377  103.595  314.011
57.687  106.852  -46.6772
46.8126  99.6244  285.991
50.7833  78.4089  139.047
51.5009  101.1  47.7914
48.8234  98.9743  16.3591
44.8162  98.1732  -111.581
54.0345  109.389  -66.1808
46.1678  100.382  66.3546
49.5993  90.8217  28.9292
49.6745  98.6859  195.671
53.1425  98.7564  116.903
47.9546  103.66  15.0338
51.2837  99.5717  -17.5602
54.3888  97.6171  -145.334
47.2006  112.839  14.3867
46.8712  118.044  -609.923
50.9114  99.1133  -111.718
48.0786  114.645  29.1838
46.2524  103.14  101.132
45.8024  101.766  75.1
51.2906  101.513  -1707.74
51.9044  108.369  477.786
47.1787  108.57  -531.852
54.9742  124.177  351.009
51.223  108.035  5424.29
49.7792  96.9337  2356.64
51.2035  80.1935  -46.1491
48.1155  93.6175  -236.254
52.7479  92.4518  -14.1048
44.6837  86.8503  -26.192
47.8296  91.9591  30.2631
50.1286  93.6367  -437.498
49.2233  74.8958  -4.19054
52.3963  85.9247  -26.2966
51.0184  112.631  -69.4219
50.0816  114.192  41.851
50.0565  98.035  -91.5175
48.4497  89.206  1.59521
47.4241  89.1865  68.2629
48.3341  80.9057  -17.5167
41.8967  94.4503  -66.7799
48.1291  102.64  -35.4353
48.4978  99.9833  104.05
47.609  83.4183  469.773
50.1014  91.357  56.3
48.3218  102.63  33.0783
47.2702  96.6618  126.181
47.8238  100.415  50.7091
44.2907  107.502  169.416
50.032  105.304  191.575
54.6293  98.9194  90.8718
50.4926  110.062  83.2255
47.8004  98.605  38.2952
52.3737  106.597  11.1255
45.9028  93.2524  -160.047
48.512  98.6851  23.555
46.8468  95.8027  10.5846
50.8527  113.412  -55.4447
52.5587  94.9613  -16.2315
48.1434  105.285  56.7342
52.2167  89.6319  25.0999
50.7524  97.8064  1214.72
43.8368  92.9444  157.483
51.0041  98.955  -47.2904
51.2934  101.343  78.4058
48.4332  93.4608  50.2659
50.1235  99.2019  -41.1437
48.8798  96.7464  43.8738
51.2327  97.5505  184.776
47.3608  102.111  -67.1762
50.8816  112.392  50.4293
47.17  92.973  -9.78036
53.101  91.4174  -86.4357
52.6732  98.4289  395.517
47.9491  86.8767  30.9766
46.7815  94.3916  96.2734
50.787  99.9033  -332.99
52.1018  98.7459  -230.07
50.0182  103.7  202.688
50.2786  109.212  291.254
46.501  95.024  -117.45
46.056  98.4821  69.8687
52.1076  85.9916  -132.063
51.1063  98.9205  22.0173
52.6735  94.3703  259.322
49.6861  98.6994  4.85886
52.8401  93.3819  112.769
51.696  80.6695  -124.007
53.0656  96.196  121.35
49.7366  86.7885  -410.9
50.3391  94.6636  7.70456
51.2687  104.502  -310.953
46.9036  94.6736  -398.113
49.0012  96.6058  -17.1949
48.5549  111.997  342.01
55.1458  85.7775  721.923
52.8512  76.3275  22.909
52.1933  98.0647  -18.7726
53.835  67.8746  162.477
49.382  86.712  -2919.48
48.6303  115.822  7.33169
53.044  100.539  24.875
51.5494  74.0217  -65.7468
43.5316  92.1228  -50.9173
51.1041  104.998  40.448
51.4401  111.576  -130.729
50.5846  97.5857  114.922
53.3614  109.406  -101.96
47.6348  106.602  -210.724
56.4149  96.6364  -34.3024
50.5175  95.244  -112.656
44.3223  84.6364  -83.9433
52.528  91.5759  -38.8401
53.8034  103.402  -166.395
53.2835  106.141  71.9686
54.5915  89.0039  -29.6092
48.3763  97.8712  -361.58
48.3757  111.204  50.2644
53.1495  111.91  62.2051
46.5  89.3208  -96.6009
49.1153  105.348  -196.322
46.26  106.195  121.666
48.8051  93.8528  -37.9016
50.1547  91.0199  34.44
47.6034  101.545  46.2626
47.4684  112.55  495.751
51.385  89.6669  88.0612
52.0704  92.7136  893.376
50.5395  110.913  -909.95
52.3378  93.804  -1429.21
42.2339  84.7441  -8.16049
54.6227  101.486  -25.2835
47.5286  97.374  127.324
46.6979  111.839  63.4299
51.2277  95.2984  64.2154
50.1349  97.9661  16.8081
48.1112  95.9589  -519.958
48.5798  95.6577  0.365282
49.4621  102.05  87.9306
50.4108  93.0727  31.34
46.5652  84.9332  -32.7256
48.2764  94.6293  22.4615
49.1228  97.0539  116.679
48.5267  95.0765  110.719
47.2961  113.133  -52.5772
52.5692  107.224  -163.139
50.3479  102.928  1011.96
47.6943  89.3706  22.2626
46.6262  99.9985  41.7747
44.9306  100.652  -51.5789
49.8969  92.7626  -144.23
48.0078  97.4791  8.72235
47.7954  88.8538  156.259
53.5184  91.7861  279.191
52.437  101.76  -245.874
52.8872  86.4669  -911.057
50.9868  83.529  -105.739
51.7713  104.903  -402.571
57.2607  95.6403  88.4182
45.0299  95.2084  -93.9278
52.1891  94.7995  189.045
52.4198  94.8955  -322.776
56.2461  94.1637  -1071.41
45.6843  106.562  673.851
48.7081  112.015  120.134
45.7253  94.0806  38.2848
50.8735  113.427  -92.9179
48.0567  106.952  -1.29017
49.1411  107.224  -448.649
52.7586  89.3809  11.3707
52.1093  110.49  1013.05
49.6646  119.069  3.05575
46.6243  95.623  -25.0711
48.5307  97.0159  39.0877
52.9712  105.04  -1229.26
53.4492  115.368  -41.9922
47.168  103.04  183.84
49.7894  82.9126  333.812
53.5865  118.679  9.68824
56.4582  83.7788  -54.2345
50.8916  106.853  -91.4469
51.2931  96.1683  43.1096
46.5557  92.8499  60.8412
46.9137  98.2702  92.4598
53.9691  109.927  169.635
53.3743  102.496  27.9224
50.4348  120.595  475.316
48.4752  92.5385  -3.27093
51.1006  101.54  -12.6519
49.6062  85.1088  463.724
57.1476  102.272  -43.9874
50.512  101.292  95.643
52.3195  103.332  40.1914
42.3837  91.9998  -95.2748
51.1421  112.69  187.483
49.197  83.438  196.168
49.9501  94.8814  37.9979
45.2329  85.7744  91.2384
54.1013  128.557  -180.581
48.2338  107.382  -27.2143
51.5261  90.5236  -49.2004
47.6597  89.6096  -132.049
50.0235  107.795  -17.8031
53.0306  110.093  126.326
50.4843  78.3604  -414.002
55.3511  111.475  7.95708
47.4821  104.172  -8.56119
47.1324  99.6157  244.056
46.445  116.116  37.6588
48.542  94.1592  58.0466
48.8796  91.5464  82.5725
50.725  83.9868  -6.44727
50.8917  114.326  260.419
47.3596  116.208  354.179
45.5064  85.9235  -134.059
49.0223  93.1109  149.556
51.0627  88.737  -542.239
47.9565  93.6293  -18.3652
44.2181  105.209  704.693
48.3502  103.612  720.62
50.8673  107.096  232.254
53.2486  104.646  -142.687
55.5439  92.1729  -313.878
48.7393  92.3308  -36.5098
50.6388  97.4007  -34.4797
47.0658  119.361  101.746
52.0372  96.0203  121.957
49.8387  101.707  -483.508
47.5369  109.38  387.781
53.5317  104.398  -202.007
52.6828  89.6365  160.937
47.9636  104.136  -93.106
50.4118  105.799  -17.0589
47.4828  91.2495  107.219
49.1718  92.7013  19.1104
53.0893  90.9642  45.3145
53.9434  92.382  -686.807
46.7402  106.944  73.795
44.8571  107.965  182.272
53.6044  84.7321  147.877
48.8667  93.9322  -12.2924
49.0465  90.8712  959.141
45.2025  107.434  95.1866
57.6341  104.643  -16384.7
50.0969  111.036  515.734
49.4804  106.095  -79.8453
50.5367  80.9177  39.896
54.7486  90.6382  -57.2615
52.5662  86.6825  -166.858
47.1606  91.7703  179.744
51.9265  99.963  -595.719
54.867  109.651  53.4834
50.5858  97.4618  101.644
51.0533  106.884  356.31
46.9795  93.8007  -55.8319
47.1702  99.4171  -50.685
51.5434  110.721  168.572
52.6939  90.7953  -68.127
50.3913  102.109  191.663
49.8354  105.284  63.0298
48.7517  114.807  -347.212
51.6367  107.045  -4.94003
52.0467  86.8527  -15.6097
51.4036  109.542  11.3337
47.2574  95.1656  158.963
45.4442  104.743  -1030.07
44.491  92.2919  85.7138
46.5943  93.8426  -43.0769
48.4258  92.5463  72.4141
55.0297  107.749  -360.858
46.58  100.037  2166.09
48.3785  90.6371  -99.5538
50.1114  90.1728  94.8089
47.164  108.321  422.505
50.1249  104.675  -83.9548
51.1228  93.9783  124.281
54.2284  92.1777  -46.6804
49.9601  93.0661  -42.0573
49.3417  92.0754  -60.5635
51.6179  95.4655  -35.8547
50.5331  132.807  -241.735
56.1485  93.061  698.466
52.919  96.7681  -133.57
51.8028  86.0531  -4.60531
47.4306  91.4708  -19.0576
49.9538  78.2083  -23.3242
50.517  112.573  -30.0153
51.9982  90.4496  28.7361
47.6183  96.4956  -16.549
52.3873  91.363  -45.062
48.5091  105.386  20.1907
47.4608  101.584  53.7767
51.3789  106.144  -99.2799
49.7669  108.216  94.9307
48.7792  128.139  -30.3642
49.072  90.524  417.583
53.3357  97.8869  -110.266
50.2769  99.8448  -4602.86
50.3875  98.4635  611.276
44.9719  117.181  139.661
46.4816  110.393  -66.4169
47.3804  92.3688  -116.722
50.9167  87.7795  226.782
51.9534  106.501  88.9734
48.2956  116.604  -145.976
51.897  93.8482  -84.9814
51.3115  98.9164  92.6882
51.4263  105.759  -20.2588
48.7585  94.6879  53.9306
53.5575  97.5732  -527.472
51.0234  96.0589  21.5019
50.7658  101.894  317.227
48.0802  93.8074  4.72107
51.8492  85.8906  1046.75
49.2746  92.6935  -213.526
46.8579  98.9391  -36.8955
49.9524  92.5035  -66.4981
53.9631  99.3796  -49.0418
56.251  89.9644  102.343
51.652  117.85  -25.1486
50.1367  106.785  -23.9126
56.657  104.201  779.556
44.0401  84.5647  -32.8636
53.5365  84.2765  147.27
47.2037  113.773  -121.735
49.8456  102.66  54.9847
53.1235  105.76  1272.89
53.347  107.264  -87.1217
48.2327  107.23  -8891.08
55.7302  96.6719  -30.9438
50.2377  106.401  154.366
50.8213  84.8553  102.213
46.2869  87.7856  337.471
44.2821  96.6605  266.953
52.4155  106.619  -53.0937
49.3132  96.8174  163.776
54.4746  101.139  45.536
49.89  95.619  -1485.87
54.0215  90.0877  -87.2
54.5775  98.4677  -1461.86
51.4104  97.021  -218.599
48.9853  99.1745  19.2761
52.5914  88.2709  -24.5567
44.4385  87.8027  -161.6
48.888  106.47  -44.0523
53.4577  105.814  3.94387
54.2918  89.8461  38.9801
53.1554  104.649  -5474.49
52.5777  95.7552  415.84
46.6729  104.652  65.4409
50.8082  90.1756  436.965
50.2961  113.324  -100.286
48.5606  107.143  -176.986
49.9056  113.088  65.1423
51.4785  85.4951  -88.6116
45.9319  111.66  -160.009
53.5122  102.316  836.297
47.0001  93.0503  -44.4653
48.4803  96.3498  -335.853
47.9673  97.1999  -3.26525
49.3481  88.0885  -67.0415
48.0704  112.643  193.36
53.8874  109.464  -177.2
48.4144  100.562  -45.2029
56.1439  105.691  -338.113
42.0538  107.085  -621.166
46.4069  89.36  -138.91
52.4273  92.6517  -76.3917
53.142  110.093  -68.8639
43.9287  94.1853  447.009
48.6089  99.7407  4832.13
56.9074  95.4314  87.5154
51.6584  109.312  168.19
47.4103  122.985  133.552
51.4623  99.5238  -52.4461
44.4923  103.304  -251.27
47.7003  96.8777  -216.089
49.9361  103.227  255.513
49.989  102.483  -43.9964
45.7413  115.218  120.327
45.1092  92.7799  424.513
55.7544  100.946  -80.492
49.8479  95.5022  -48.5478
53.3298  89.9514  -263.417
46.0404  104.818  107.404
48.9273  107.221  -25.881
50.6631  93.7978  -27.9864
51.0644  92.4189  162.694
52.5918  94.3377  -169.829
49.0618  116.076  68.3564
45.9072  109.127  9.02211
53.5321  94.4937  -43.2886
54.395  102.904  98.2949
47.5801  104.649  6.25105
48.1525  112.785  -87.135
47.1962  98.1364  114.843
49.9805  103.279  -141.662
49.3435  101.156  -34.4753
53.5036  88.1621  55.0533
47.7505  95.5748  9.89257
51.7298  96.3164  -33.0198
47.4408  83.2763  -27.4141
55.0226  86.4229  -74.475
52.5446  93.5871  105.398
50.2275  103.571  268.95
55.9535  90.673  51.2714
54.96  102.331  -318.6
46.8938  109.641  200.438
48.8244  98.1156  -124.557
50.5129  114.045  -132.898
49.6042  109.544  -110.143
51.0844  95.5845  7.87555
54.2254  103.688  -39.9389
53.4576  87.7299  232.442
46.5612  102.916  83.3674
46.8884  113.747  51.1618
52.9149  100.382  -50.451
54.4079  103.655  -211.561
49.2776  97.0014  -60.5209
50.399  92.1594  -73.9732
55.2306  98.9999  5.6412
49.0662  103.363  -218.469
51.6193  108.441  147.065
55.0007  94.1318  22.5764
53.8999  94.3106  31.0513
50.0586  103.943  -57.5233
50.3183  102.964  72.8032
47.2844  92.9728  -103.913
49.8508  97.9898  -435.902
51.6285  105.509  35.6874
53.1005  98.1066  32.4352
55.7229  100.454  214.684
54.1087  112.367  -212.061
47.9951  74.9659  -113.146
54.3059  94.4148  9.64474
47.9158  107.799  -1164.16
55.5941  88.969  -463.125
50.19  98.8732  365.026
47.8155  103.147  -1345.91
52.2203  101.812  -53.7856
51.6311  98.6179  642.763
47.1831  95.812  27.6108
45.0953  94.9636  2422.06
46.5763  107.488  9.83485
53.9808  89.2201  218.677
45.1118  88.9277  -168.649
56.1718  113.735  1.37535
50.3419  78.77  67.5778
53.2113  95.8024  1089.65
49.4247  86.493  120.494
47.3503  85.6849  12.7951
49.9488  101.712  46.3349
51.2176  109.832  -364.769
50.7529  106.14  3.54713
50.4888  116.318  42.1189
53.1928  92.6947  102.714
51.703  86.56  -67.6615
49.3219  90.5098  2365.41
51.64  101.804  -27.1378
48.9696  93.5362  34.9151
46.4348  102.76  -97.2519
45.7149  81.3852  16.3264
50.8747  112.659  -171.426
49.2699  69.972  14.4626
50.0876  97.136  -83.9183
51.8025  114.231  32.3319
47.0972  109.833  57.249
52.2453  94.9058  -102.338
53.4851  112.919  -997.821
49.6489  107.264  57.4343
51.6672  95.2819  191.676
46.1591  109.418  397.772
48.0548  95.9866  50.5944
54.2085  113.028  -34.7205
48.6397  100.267  -80.5746
50.0316  83.5073  4109.43
51.3059  109.035  103.402
52.6253  90.4732  789.588
49.4354  103.578  205.911
46.796  95.385  656.145
50.1455  106.314  -116.016
46.9467  103.894  132.52
51.7543  103.596  61.3483
48.7746  74.4713  -51.6106
40.8431  96.1732  15.5364
53.0658  94.0198  -350.78
50.545  94.4527  -42.3277
48.2886  92.8916  -90.3478
51.4577  105.273  60.3967
46.7025  102.896  -271.84
50.8424  96.8689  -36.9885
52.2152  79.3614  11.2707
49.5386  94.4102  13.5447
50.2382  71.1539  85.2598
49.2856  105.709  99.4917
46.3024  112.782  -57.9227
49.9141  98.4011  -30.8135
52.2153  103.25  43.7796
47.1293  78.3178  -27.2732
49.0555  86.5423  78.1696
46.3788  92.8482  -80.1394
47.3136  111.701  85.141
50.5607  106.427  -17.6684
50.008  108.84  75.1567
50.0931  98.4519  -2.25826
51.6174  95.4167  -43.9615
51.1348  101.116  -76.5875
46.1875  82.6327  -18.4063
52.5072  95.298  -2758.34
50.9854  93.1133  188.685
53.14  89.6175  -97.6683
50.5918  89.8779  71.8111
56.6217  80.9715  -29.3395
49.3346  90.6289  46.2425
49.7074  113.578  -213.79
51.4851  101.741  47.9216
49.3982  101.864  -41.0538
54.6525  99.8675  -26.9674
46.4748  81.7386  179.624
45.3286  104.87  13.4465
50.131  91.4777  108.428
47.5494  101.264  -58.524
50.6202  89.6373  89.1604
48.1575  92.6049  169.77
51.594  92.2928  47.4685
52.1629  98.3901  -48.9612
47.0749  110.49  -66.82
46.2165  77.4696  -420.55
49.7742  106.974  -9.72059
52.2273  100.017  -27.8839
45.7299  105.294  62.0062
53.6664  119.846  -41.3808
45.0042  88.3489  -74.9099
54.1213  84.4753  81.694
46.4487  100.429  238.046
53.1751  96.799  -133.038
49.3075  108.872  -354.214
52.7048  93.7891  -56.6119
53.6974  98.0117  95.1887
51.2044  106.364  -186.496
41.7672  91.2856  -337.717
52.7588  104.209  341.383
50.6058  115.544  252.436
53.8056  106.679  -207.954
45.7328  107.112  3.03913
45.8405  92.4216  -21.4168
43.2721  101.193  106.601
50.7368  100.24  -22.1831
52.6749  102.25  1980.12
