15.7375
15.0939
15.0128
15.2361
13.9611
14.561
15.5535
16.1325
14.7146
14.814
14.1864
15.2533
15.3275
14.9644
14.0036
15.059
13.4552
16.0386
14.8464
14.4928
14.9732
15.4775
14.2273
14.7799
14.9738
15.4082
15.5938
15.6563
15.1828
14.8745
15.0751
15.9563
14.3968
15.3351
14.8771
13.9896
15.2064
15.532
15.1919
14.9206
14.0134
15.3017
15.8175
15.9323
14.3652
14.131
14.9602
14.4758
13.5959
15.2118
15.1813
14.9599
14.8836
14.5629
15.8269
13.8029
15.2778
14.6167
15.9202
13.943
14.2689
15.0842
14.886
15.8317
15.948
14.5863
15.4821
14.8067
15.1082
14.6262
15.6873
16.7486
15.8487
15.2243
15.0697
14.7757
14.9145
15.3946
14.8161
15.3352
15.2618
14.3799
14.8769
14.7168
14.4505
14.4776
14.1882
14.7379
15.0718
14.8323
14.4199
14.8556
15.046
15.1043
15.3817
15.8571
16.3514
14.9492
14.6798
14.2065
14.9977
15.5017
15.4679
15.3846
15.7822
15.4784
13.7117
14.1993
15.7466
16.1514
15.0415
14.7548
14.7582
16.2315
13.9016
15.673
14.4043
15.3279
14.9431
15.4197
14.9744
14.6953
16.266
15.7237
14.4241
14.3946
15.1438
14.6264
13.69
15.8418
14.8378
15.9595
15.2386
16.0618
14.7696
15.3179
15.9379
16.6068
15.8703
14.2746
14.4736
15.2355
15.5968
15.948
15.6647
15.4669
15.3661
15.7412
15.0873
15.3237
14.519
14.2098
14.9913
14.5228
15.292
14.4571
15.1166
14.1554
15.3142
14.9468
13.2042
13.9837
15.4464
14.6978
15.2421
14.554
15.2354
14.2286
15.4053
14.8749
15.2841
15.196
14.8641
16.2291
14.8713
15.1036
15.1734
15.1991
15.7015
14.235
14.1413
14.417
14.996
14.5197
15.0714
15.5244
14.7748
15.1708
15.4455
13.9424
15.4854
15.0875
15.3719
15.1613
14.7171
14.8849
14.6662
15.1691
16.0223
15.0345
14.8874
15.4945
14.5632
14.9122
14.7592
15.4376
14.2294
15.2424
14.9135
15.1853
15.5162
14.613
14.3208
15.5697
15.3856
14.0939
14.7261
14.6207
14.854
14.4798
15.7975
14.6806
15.0627
15.8074
14.5493
14.6857
15.5991
16.0841
14.0852
15.1511
15.213
15.6799
13.6873
13.8217
14.128
14.6534
15.2658
14.9198
15.0163
15.2882
15.6356
14.8375
15.2967
16.3455
14.373
14.8691
15.2499
15.9781
16.2854
15.0278
14.3163
13.8774
15.1059
14.7038
14.9202
15.2807
14.6333
14.1882
15.7406
15.4561
14.3827
14.4986
14.1472
14.025
15.5055
14.1865
13.9568
15.4456
14.8505
14.2954
15.746
14.8794
16.433
14.5855
14.8858
13.8859
15.1338
14.7971
15.1865
15.49
15.9901
13.8692
15.3394
14.6652
15.2842
15.2636
14.9912
14.1806
15.2746
15.9954
15.2889
15.1669
15.6039
15.1251
14.1777
14.7146
14.5818
14.6135
14.4085
15.4073
14.3061
15.0834
15.6857
16.165
15.0008
14.9582
15.7574
14.3069
14.0077
15.2051
15.2939
14.546
14.987
14.2149
14.1443
15.5418
14.3776
16.16
16.1771
14.7591
14.2386
14.5904
15.4354
15.0981
14.5676
14.8549
14.0938
14.6183
15.3479
14.0202
15.0822
14.7837
15.1786
14.9908
15.138
14.9387
14.1186
16.2161
16.2596
15.2428
15.0453
14.9759
13.8992
15.8725
15.4807
14.8906
15.6867
14.8987
14.0513
14.6731
15.0009
14.4376
14.229
14.9534
14.4534
15.1036
15.3638
15.4079
15.0686
15.2676
14.3123
14.7693
15.2836
14.7396
14.7033
13.9897
14.734
15.2413
15.5177
15.4025
14.8139
15.7689
15.9798
14.979
14.8355
15.4488
16.5878
14.4661
14.9712
14.4955
15.1396
14.4909
15.852
15.3992
14.8411
13.6658
14.8179
14.5703
14.6225
14.7534
14.8366
14.7685
14.0574
14.5469
15.6958
14.3818
14.4738
14.9969
14.5386
14.275
15.0065
15.0453
15.5051
14.9606
14.301
14.1163
13.7345
15.8104
15.8977
14.2863
15.2872
16.7091
13.4864
14.5932
15.7444
15.7557
14.3351
14.7505
14.7006
14.2298
14.7229
15.5571
14.4061
15.5591
14.6408
14.9981
15.8572
14.7119
14.3583
14.9621
14.5451
16.0081
15.119
15.3572
15.0421
15.7947
15.6633
14.6049
15.2663
15.6325
15.9233
15.7439
16.1605
15.2426
14.9351
14.3572
14.9679
14.1011
15.7332
14.1753
14.6734
14.5698
14.7652
14.7422
15.7992
15.1449
14.2387
14.5933
15.9803
15.4792
14.0375
15.327
14.0208
14.003
15.2804
15.2225
16.1347
15.4886
14.9683
15.0775
14.7361
14.861
15.4123
15.7112
14.7695
14.8995
14.3016
16.1867
15.4312
14.2839
15.0627
15.7432
14.5505
15.2611
14.9868
14.6806
15.1919
14.8821
14.1843
15.1488
14.7867
14.8417
15.0445
14.9143
13.9392
15.3903
15.2128
14.4081
13.8278
14.8784
14.6139
14.3364
14.8788
15.4244
15.1589
13.9796
14.4627
15.3927
15.0278
15.0093
15.0505
15.6195
14.7763
15.8991
15.0428
15.4242
14.0142
15.1241
13.9109
15.2934
15.4975
15.0752
15.4303
16.766
14.9766
13.6371
13.9896
14.1925
15.8023
15.0896
14.2728
16.117
15.1982
15.369
14.4856
15.2299
14.7166
14.8622
15.2148
14.6813
14.596
14.2185
14.3474
14.4596
15.8906
13.7221
14.3833
15.4899
14.7023
14.5926
15.2544
14.086
15.7008
16.0963
14.975
14.512
14.9806
14.7814
14.3559
15.2617
14.8576
15.4201
15.7054
15.3652
15.0078
15.7675
14.9001
15.0078
13.6122
14.8356
14.4811
14.7663
15.2969
16.0334
16.2134
14.2963
15.8235
14.7079
14.3052
15.2682
15.0036
15.1779
14.9416
15.5167
14.8768
14.458
14.9279
16.405
16.2209
15.8198
15.2222
15.4586
15.0132
15.4099
13.7217
14.8389
15.3841
14.8381
15.3582
14.7533
14.016
14.4131
15.4632
14.7511
14.8325
15.1273
14.3307
15.0074
15.0982
14.8921
14.9666
14.5572
14.4155
14.9126
15.1716
14.0325
15.6669
15.4085
14.9857
15.3583
14.4891
14.5291
15.3999
15.118
14.6322
14.5333
15.7058
15.4094
16.8391
15.0367
14.8739
14.3353
14.9637
13.8704
14.921
15.559
14.5549
15.1418
14.611
14.6458
15.7487
14.9076
14.7727
14.3499
15.4091
14.1042
14.6589
15.0077
14.9853
14.5993
15.5607
15.9905
14.956
15.5671
14.9991
15.294
15.6833
15.3639
15.0498
15.4398
15.7445
15.5268
13.9652
14.889
15.3273
12.8938
15.6677
15.2029
15.7839
15.6169
14.8327
15.5903
14.6556
15.7687
15.5739
14.7314
15.8288
14.9183
13.8868
14.6042
14.8799
14.596
14.798
14.7152
16.8663
14.7605
15.2914
16.0821
16.0464
15.301
16.0678
14.5905
15.3344
14.6743
15.0491
14.3306
14.2753
15.2702
15.8939
15.1574
14.5394
15.4518
14.4526
15.1915
15.8319
14.7159
14.6323
14.1376
15.3102
15.1892
14.7474
15.9166
13.6145
15.4665
16.3918
14.576
15.0481
15.7054
15.2276
14.8567
15.7087
14.1614
13.7001
14.9086
14.6477
16.0696
14.5167
15.2212
14.2309
14.8657
13.6595
14.3874
14.9939
14.658
13.7356
15.6031
15.482
15.6765
14.0369
14.7695
14.8934
14.9754
14.4668
14.9282
14.6086
15.283
14.7538
14.821
14.0855
14.5363
15.114
15.0566
14.2965
14.8928
15.9684
14.9712
14.8112
14.6167
15.0994
14.8492
14.5009
13.8493
15.2539
15.5744
14.5212
14.7061
14.8497
14.6367
15.0406
15.2247
15.9151
14.8058
14.0677
15.202
15.8402
15.0406
14.4937
15.8445
14.2806
15.1688
14.7628
15.4974
14.7903
14.33
13.7112
14.941
16.0257
15.601
15.6985
15.0668
14.1199
15.1296
15.0127
15.1602
13.7766
15.5082
14.3775
15.0575
15.9502
14.8656
15.1589
14.4835
15.2447
14.9343
14.5864
15.2467
15.7991
14.9795
14.7071
16.5045
16.2267
15.9305
16.0667
13.4255
15.64
14.4708
16.4033
14.8391
15.4507
14.9842
14.1333
15.0799
15.5276
14.9513
14.9642
15.9472
14.5729
15.5106
14.6335
15.1009
14.5362
14.4407
14.9685
14.4511
14.8483
15.4078
15.0418
14.1084
15.9626
14.3858
14.9541
15.5374
14.3087
14.5324
14.872
14.6701
15.1726
14.4191
14.8359
15.5499
15.5683
14.6836
15.7191
15.0136
14.7154
15.1372
14.3705
13.4853
14.9773
15.5716
15.4985
14.7016
14.4343
15.2626
15.0889
16.1549
16.1015
14.0374
15.3479
14.1021
15.2086
15.7344
15.4951
15.6059
14.7297
14.3099
14.1056
14.5555
14.244
15.9423
14.8844
14.488
15.7254
14.8213
15.2758
15.123
15.0385
14.6662
14.3307
13.9411
14.5405
14.6023
15.0648
16.1749
15.0132
15.9485
14.6699
13.6421
15.3444
15.7959
15.4198
15.9135
15.1638
16.7017
14.2361
15.9862
14.6094
15.2811
15.0213
14.4502
14.6375
14.6287
15.2925
15.9565
15.6706
15.9863
14.8279
13.9816
14.3502
15.878
15.7317
15.2683
13.5124
14.6529
14.5581
15.1454
14.69
14.6285
14.7425
14.8994
15.5687
14.2503
15.1277
16.0805
14.3968
14.1946
14.7803
14.541
14.6255
15.7287
13.8823
15.3687
14.7689
14.9315
15.7309
14.1447
15.4792
14.6761
15.6291
15.3361
14.5721
14.5466
14.1507
14.6271
15.655
13.4854
15.3914
14.55
15.8161
14.2815
15.1008
15.4421
14.8862
15.9088
15.4875
14.9254
15.313
15.1586
15.9868
14.4118
15.0606
15.7619
14.6627
16
14.5739
15.2684
13.8049
14.3837
14.3156
15.962
13.7923
14.1219
15.1238
14.5287
14.9801
14.8588
14.3994
14.8181
15.3216
14.4373
13.7968
14.289
14.8218
14.9924
13.9042
14.2073
14.0456
14.8737
15.2503
15.5318
