5.4786  0  5.37847  0
5.40237  0.076231  5.34521  0.0332579
5.39445  0.0447199  5.38689  0.0458891
5.42335  0.0428387  5.39082  0.032686
5.42654  0.0333357  5.39512  0.0256815
5.42453  0.0272924  5.38192  0.0247809
5.43103  0.0239651  5.38342  0.0209974
5.45315  0.0303345  5.38645  0.0184357
5.45623  0.0269281  5.38926  0.0164998
5.45491  0.0241209  5.37944  0.0177302
5.44375  0.0245077  5.37166  0.0178247
5.44598  0.0224831  5.36783  0.0167152
5.44016  0.021484  5.38635  0.0240658
5.45431  0.0244066  5.39397  0.0235505
5.45879  0.0231592  5.39263  0.0219652
5.45749  0.0217022  5.40232  0.0227155
5.45567  0.0204671  5.41159  0.0232618
5.45743  0.0193765  5.42401  0.0252086
5.45597  0.0183866  5.43118  0.0248972
5.45758  0.0175174  5.43433  0.0238298
5.46665  0.0189736  5.43894  0.0231302
5.466  0.0181024  5.44047  0.0221066
5.46848  0.017474  5.44773  0.0223378
5.4695  0.0167614  5.44788  0.0213874
5.46954  0.016077  5.44208  0.0213179
5.46606  0.0158331  5.43839  0.020812
5.46799  0.0153573  5.43836  0.0200264
5.47085  0.015073  5.43619  0.0194193
5.46826  0.0147737  5.44092  0.0193253
5.46949  0.0143261  5.44375  0.0188834
5.47025  0.0138772  5.44249  0.0183077
5.47179  0.0135244  5.44805  0.0185791
5.47127  0.0131186  5.45447  0.0191185
5.46578  0.0138598  5.453  0.0186065
5.46762  0.0135832  5.45299  0.018067
5.46876  0.0132491  5.45303  0.0175581
5.46747  0.0129501  5.45119  0.0171758
5.46484  0.0128762  5.44735  0.0171538
5.46722  0.0127655  5.44795  0.0167191
5.46336  0.0130274  5.44947  0.0163659
5.46107  0.0129099  5.44763  0.0160667
5.46074  0.0126031  5.45061  0.0159597
5.46006  0.0123258  5.45109  0.0155915
5.46083  0.0120673  5.45431  0.0155701
5.45754  0.0122479  5.45556  0.0152713
5.45961  0.0121568  5.45562  0.0149357
5.4604  0.0119214  5.45638  0.0146339
5.45831  0.0118555  5.45506  0.0143868
5.45672  0.0117192  5.45418  0.0141174
5.45704  0.0114869  5.45469  0.0138415
5.45829  0.0113281  5.45371  0.0136025
5.45558  0.0114334  5.45535  0.0134392
5.45375  0.0113631  5.45617  0.0132085
5.45291  0.0111823  5.45803  0.0130939
5.45194  0.0110201  5.45435  0.0133685
5.45201  0.0108217  5.45672  0.0133399
5.45204  0.0106302  5.45729  0.0131159
5.45195  0.0104458  5.45915  0.0130219
5.45103  0.0103082  5.45562  0.013278
5.44901  0.0103345  5.45573  0.0130553
5.44908  0.0101639  5.45831  0.013096
5.44936  0.0100026  5.45811  0.0128845
5.4487  0.00986478  5.45837  0.0126809
5.44492  0.0104198  5.45641  0.0126344
5.44271  0.0104924  5.45656  0.0124394
5.44219  0.0103454  5.45578  0.0122742
5.44129  0.0102294  5.45432  0.012177
5.43934  0.0102639  5.45341  0.0120314
5.4401  0.0101421  5.45283  0.01187
5.44067  0.0100126  5.45451  0.0118202
5.44068  0.00987057  5.4539  0.0116686
5.44021  0.0097442  5.45449  0.0115205
5.43867  0.00973187  5.45494  0.0113704
5.43737  0.00968711  5.45429  0.0112344
5.43735  0.0095571  5.45451  0.0110858
5.43934  0.00963845  5.45509  0.0109541
5.44089  0.0096385  5.45322  0.0109717
5.44107  0.00951586  5.45228  0.0108709
5.4412  0.00939545  5.45162  0.0107527
5.44167  0.00928949  5.45027  0.0107019
5.44189  0.00917664  5.4492  0.010623
5.44242  0.00907969  5.44969  0.0105036
5.4438  0.00907429  5.44762  0.0105805
5.44428  0.00897872  5.44675  0.0104897
5.4451  0.00890961  5.44813  0.0104568
5.4437  0.00891613  5.44824  0.0103352
5.4445  0.00884961  5.44775  0.0102276
5.44541  0.00879575  5.44855  0.0101427
5.44605  0.00872  5.44797  0.0100447
5.4471  0.00868568  5.44618  0.0100932
5.44634  0.00862264  5.44703  0.010018
5.44683  0.00854207  5.44779  0.00993752
5.44604  0.00848645  5.44965  0.010004
5.44746  0.0085155  5.4483  0.00998857
5.44604  0.00854501  5.44668  0.0100149
5.4451  0.00850703  5.44786  0.00998003
5.44652  0.00853692  5.44761  0.00987976
5.44701  0.00846392  5.44717  0.00978841
5.44814  0.00845393  5.44677  0.00969716
5.44897  0.00840974  5.44622  0.00961568
