15.0817  0  15.0654  0
14.9222  0.159498  14.9176  0.147719
14.9864  0.112237  14.9355  0.0871251
15.0018  0.0808492  14.882  0.0815505
14.9575  0.0766924  14.8832  0.0631804
14.9475  0.0634132  14.929  0.068981
14.964  0.0560673  14.9392  0.059188
15.0162  0.0712787  14.9067  0.0607046
14.981  0.0720471  14.8819  0.0590122
14.9914  0.0652775  14.8768  0.0530299
15.0142  0.0632925  14.899  0.0528765
15.0168  0.057837  14.9039  0.0485169
15.0138  0.0532859  14.9347  0.0542368
15.0477  0.0598199  14.9228  0.0516179
15.0705  0.060194  14.9473  0.0539546
15.0506  0.0597112  14.9487  0.050488
15.0293  0.0600244  14.954  0.0477225
15.038  0.0572553  14.946  0.0456911
15.0254  0.0555832  14.9424  0.043375
15.0322  0.0531584  14.9451  0.0412409
15.0289  0.0506725  14.9419  0.0393601
15.0193  0.0492561  14.9391  0.0376292
15.025  0.0474092  14.9334  0.0364065
15.0142  0.046643  14.9457  0.0369414
15.0293  0.0471942  14.9573  0.0372825
15.0213  0.0460365  14.966  0.0368782
15.0031  0.0478989  14.9774  0.0372598
15.0066  0.0462924  14.9797  0.0359767
15.0093  0.04475  14.975  0.0350289
15.006  0.0433622  14.9643  0.035478
15.0073  0.0419616  14.9634  0.0343273
15.0077  0.0406311  14.9573  0.0337857
14.998  0.0405657  14.9624  0.0331295
15.0038  0.0397785  14.9506  0.0342168
15.0022  0.0386588  14.9528  0.0332928
15.0001  0.0376252  14.9569  0.0326202
14.9966  0.0367645  14.9621  0.0321445
15.0029  0.0363282  14.9621  0.0312872
14.998  0.0357099  14.9557  0.031131
14.9895  0.035834  14.9558  0.0303428
14.9865  0.0350779  14.9591  0.0297764
14.9859  0.0342387  14.9631  0.0293432
14.9857  0.0334335  14.9609  0.028743
14.9929  0.0334531  14.9602  0.02809
14.996  0.0328513  14.9647  0.0278317
14.9961  0.0321292  14.9751  0.0291383
14.9952  0.0314497  14.9703  0.0289165
14.9966  0.0308165  14.9742  0.0285726
14.996  0.0301862  14.9662  0.0291083
14.9906  0.0300711  14.9704  0.0288278
14.9874  0.0296465  14.9697  0.0282665
14.9879  0.0290758  14.9691  0.0277238
14.989  0.0285427  14.9675  0.0272395
14.9895  0.0280132  14.9674  0.0267307
14.9832  0.0282229  14.9629  0.0266256
14.9835  0.0277161  14.9679  0.0266234
14.9846  0.027249  14.9633  0.0265477
14.9869  0.0268755  14.9603  0.0262607
14.9928  0.0270662  14.9549  0.0263743
14.9929  0.0266115  14.9594  0.0263141
14.9897  0.0263757  14.9585  0.0258922
14.989  0.0259557  14.9644  0.0261397
14.9918  0.0257002  14.9614  0.0258939
14.988  0.0255815  14.9631  0.0255425
14.986  0.0252687  14.9578  0.0257057
14.9921  0.0256264  14.9609  0.0255046
14.9931  0.0252624  14.9605  0.0251239
14.9938  0.0248973  14.9607  0.0247521
14.9987  0.0250234  14.9604  0.0243925
14.9997  0.0246812  14.9638  0.0242894
14.9989  0.0243431  14.9646  0.0239581
15.0011  0.0241005  14.9689  0.0240027
14.9984  0.0239223  14.9688  0.0236717
14.9943  0.0239382  14.9728  0.0236798
14.9909  0.0238683  14.9722  0.0233685
14.9906  0.0235542  14.9727  0.023064
14.9883  0.0233569  14.9747  0.0228453
14.9893  0.0230769  14.9767  0.0226432
14.99  0.0227929  14.978  0.0223945
14.9888  0.0225369  14.9787  0.0221234
14.991  0.0223624  14.9761  0.0220081
14.9953  0.0225031  14.9773  0.021771
14.9958  0.0222375  14.9768  0.0215129
14.9937  0.0220762  14.9753  0.021307
14.9924  0.0218522  14.9759  0.0210643
14.9916  0.0216112  14.9759  0.0208179
14.9925  0.0213818  14.9745  0.020622
14.9925  0.0211374  14.9768  0.0205053
14.9907  0.0209788  14.9752  0.0203357
14.9917  0.0207679  14.9755  0.0201114
14.9949  0.0207785  14.9779  0.0200322
14.9962  0.0205971  14.9798  0.0199041
14.9939  0.0205031  14.9796  0.0196898
14.9932  0.0202954  14.9789  0.0194901
14.9933  0.0200807  14.9766  0.0194318
14.9903  0.020092  14.9706  0.0201275
14.9931  0.0200802  14.9722  0.0199863
14.9929  0.0198748  14.9733  0.0198081
14.9894  0.0199967  14.9737  0.0196116
14.9852  0.0202323  14.9706  0.0196655
