0.777124  -0.629348
-0.955057  -0.296423
0.758684  -0.651458
0.832892  -0.553435
0.285372  -0.958417
0.263376  -0.964693
0.976555  -0.21527
-0.749261  0.662275
0.740819  -0.671705
-0.987909  0.155033
-0.457434  0.889243
-0.57608  -0.817393
0.774179  -0.632967
0.920777  -0.39009
0.997422  0.0717585
-0.98187  0.189553
0.568666  0.822568
0.988132  -0.153609
0.27798  0.960587
-0.284546  -0.958662
0.489662  -0.871912
-0.999543  0.0302393
-0.99965  0.0264445
0.660479  0.750844
-0.993746  0.111663
-0.854111  0.520091
0.697528  0.716558
0.859443  -0.511231
0.0831777  0.996535
-0.702639  -0.711547
0.188165  -0.982137
-0.996988  -0.077557
-0.822577  -0.568653
0.758651  -0.651497
