0.295433  0.305058
0.438539  0.191641
0.345688  0.337267
0.0161281  0.476558
0.640932  0.773319
0.343404  0.422927
0.174143  0.792468
0.721186  0.252588
0.516652  0.609196
0.750397  0.916231
0.401968  0.545263
0.784003  0.463674
0.486952  0.661707
0.862703  0.538809
0.219884  0.873409
0.889443  0.0543273
0.594714  0.767931
0.895789  0.220357
0.50731  0.739898
0.974085  0.590783
0.267283  0.444296
0.904475  0.704261
0.0912345  0.535085
0.775335  0.692498
0.861836  0.914127
0.528311  0.271707
0.552937  0.650342
0.872527  0.595582
0.183148  0.877507
0.392966  0.207511
0.37742  0.53441
0.880604  0.869982
0.214878  0.122871
0.360457  0.360517
