0.5  0.927072  0.0429651
0.538  0.892696  0.0265468
0.576  0.861852  0.0280976
0.615  0.726912  0.0243466
0.653  0.682872  0.0213956
0.692  0.544292  0.0213995
0.73  0.42916  0.0155294
0.769  0.33738  0.0103773
0.807  0.319896  0.00816473
0.846  0.274884  0.00720118
0.884  0.273576  0.00632753
0.923  0.198996  0.0044406
0.961  0.169988  0.00486565
1  0.15184  0.00475227
1.038  0.159776  0.00502174
1.076  0.144444  0.00521946
1.115  0.12444  0.00434029
1.153  0.116108  0.00378903
1.192  0.10728  0.00440491
1.23  0.094968  0.00372789
1.269  0.085492  0.00341952
1.307  0.080504  0.00259143
1.346  0.073484  0.0026827
1.384  0.065008  0.00239266
1.423  0.056368  0.00260243
1.461  0.053608  0.00233556
1.5  0.054148  0.00229047
1.538  0.051384  0.00206792
1.576  0.04826  0.00193105
1.615  0.04642  0.00192512
1.653  0.042444  0.00186841
1.692  0.040672  0.00188324
1.73  0.04038  0.00181949
1.769  0.039388  0.00173472
1.807  0.037452  0.00173803
1.846  0.035932  0.00166581
1.884  0.037052  0.00181735
1.923  0.038044  0.00183407
1.961  0.037316  0.00190524
2  0.03566  0.00172519
