           1     64.5815     64.5815           0
           2     74.1977     69.3896     4.80812
           3     77.1068      71.962     3.78462
           4     67.6205     70.8766     2.88786
           5      87.611     74.2235      4.0256
           6     75.6728     74.4651     3.29575
           7     82.3405     75.5901     3.00405
           8     73.6534      75.348     2.61282
           9     72.4643     75.0276     2.32646
          10     81.4348     75.6683     2.17726
          11     83.5836     76.3879     2.09674
          12     86.4794     77.2288     2.09065
          13     77.6562     77.2617      1.9234
          14     86.7468     77.9392     1.90525
          15     75.8958      77.803     1.77892
          16     86.5544       78.35     1.75161
          17     77.9166     78.3245     1.64555
          18     81.8117     78.5182     1.56349
          19     85.1247     78.8659     1.51924
          20     73.1018     78.5777     1.46981
           1     77.5677     77.5677           0
           2     91.9837     84.7757     7.20799
           3      93.574     87.7085     5.09112
           4     82.7599     86.4713     3.80661
           5      91.797     87.5365     3.13507
           6      89.321     87.8339     2.57699
           7      94.665     88.8098     2.38659
           8     86.5268     88.5244     2.08646
           9     82.0671     87.8069     1.97501
          10     90.6638     88.0926     1.78946
          11     87.3971     88.0294     1.61986
          12     94.9827     88.6088      1.5882
          13     93.1435     88.9576       1.502
          14      88.104     88.8967     1.39192
          15     95.6929     89.3497     1.37273
          16     93.2014     89.5905     1.30644
          17     93.5269      89.822     1.24884
          18     90.5162     89.8606     1.17805
          19     88.1438     89.7702     1.11798
          20     93.2316     89.9433     1.07464
           1      54.714      54.714           0
           2     61.0988     57.9064     3.19241
           3     62.4025     59.4051     2.37555
           4     68.5898     61.7013     2.84501
           5     69.6238     63.2858     2.71424
           6     66.4371      63.811     2.27756
           7     57.9088     62.9678     2.10146
           8     49.5417     61.2896     2.47562
           9     54.9048     60.5801     2.29565
          10     72.3917     61.7613     2.36879
          11     67.4126     62.2751     2.20338
          12     75.8543     63.4067     2.30787
          13      52.579     62.5738     2.28047
          14     74.9114      63.455     2.28784
          15     66.3817     63.6501     2.13879
          16     75.6797      64.402     2.13726
          17     70.2139     64.7439     2.03651
          18     66.7151     64.8534     1.92316
          19     69.3757     65.0914     1.83463
          20     62.6153     64.9676     1.74488
           1     65.8851     65.8851           0
           2     78.3809      72.133     6.24787
           3     83.7133     75.9931     5.28321
           4      76.063     76.0106     3.73584
           5     81.6725      77.143     3.10744
           6     83.9084     78.2705     2.77649
           7     81.5148      78.734     2.39189
           8     73.4072     78.0681     2.17582
           9     64.6041     76.5721     2.43314
          10     65.7188     75.4868     2.43189
          11     66.5182     74.6715     2.34597
          12     79.4188     75.0671      2.1778
          13     75.2243     75.0792     2.00332
          14     73.4325     74.9616     1.85844
          15     82.5615     75.4682     1.80278
          16     77.9979     75.6263     1.69374
          17     79.2508     75.8395     1.60521
          18     77.5273     75.9333     1.51631
          19     77.9649     76.0402     1.43827
          20     82.8057     76.3785     1.40577
           1     43.2205     43.2205           0
           2     45.0843     44.1524    0.931896
           3     52.1696     46.8248     2.72601
           4     56.4371     49.2279     3.08063
           5     52.4892     49.8801     2.47378
           6     54.0435      50.574      2.1357
           7     51.9657     50.7729     1.81591
           8     36.0832     48.9366      2.4176
           9     44.2402     48.4148     2.19505
          10     57.8532     49.3587      2.1784
          11     49.0284     49.3286     1.97067
          12     53.9738     49.7157     1.84014
          13     50.2714     49.7585     1.69322
          14     54.1549     50.0725     1.59876
          15     54.9943     50.4006     1.52411
          16     52.7599     50.5481     1.43328
          17     60.0488     51.1069     1.45771
          18     56.7045     51.4179     1.40909
          19     59.6833     51.8529     1.40206
          20     46.7537      51.598     1.35433
           1      57.535      57.535           0
           2     57.2762     57.4056    0.129431
           3     67.8819     60.8977     3.49289
           4     65.5259     62.0547     2.72743
           5     65.3762      62.719     2.21464
           6     73.0273     64.4371     2.49428
           7     63.1863     64.2584     2.11561
           8      57.855      63.458     1.99938
           9     54.0896      62.417     2.04761
          10     49.3696     61.1123     2.24868
          11     53.3497     60.4066     2.15295
          12     66.9726     60.9538     2.04011
          13     63.1582     61.1233     1.88427
          14     63.2203     61.2731     1.75092
          15     71.8027     61.9751     1.77474
          16     65.2412     62.1792     1.67262
          17     69.8029     62.6277      1.6339
          18     65.4727     62.7857     1.54855
          19     67.5064     63.0342      1.4857
          20     70.4435     63.4047     1.45733
           1      33.696      33.696           0
           2     40.5929     37.1444     3.44846
           3     42.0457     38.7782     2.57549
           4      41.113     39.3619      1.9124
           5     39.2119     39.3319     1.48164
           6     44.0003       40.11     1.43837
           7     32.3089     38.9955     1.64917
           8     42.1214     39.3863     1.48071
           9      36.281     39.0412     1.35067
          10     41.4579     39.2829     1.23201
          11     42.7006     39.5936      1.1569
          12     39.0167     39.5455     1.05719
          13     39.4676     39.5395    0.972496
          14      45.938     39.9966     1.00971
          15     44.8535     40.3204    0.994196
          16     43.0801     40.4928    0.945845
          17     42.2471      40.596     0.89444
          18     42.0002      40.674    0.846886
          19     40.5667     40.6684    0.801094
          20     38.6536     40.5677    0.766632
           1     48.1598     48.1598           0
           2     47.3311     47.7454    0.414367
           3     57.0663     50.8524     3.11617
           4     50.0952     50.6631     2.21158
           5     56.1431     51.7591     2.03368
           6     48.4162      51.202     1.75147
           7     55.2956     51.7868      1.5916
           8     47.5405      51.256     1.47703
           9       48.21     50.9175     1.34587
          10      44.507     50.2765     1.36383
          11      43.995     49.7054     1.35939
          12     58.4223     50.4318     1.43792
          13     46.8243     50.1543     1.35149
          14     51.0333     50.2171     1.25281
          15     56.2199     50.6173     1.23305
          16      50.252     50.5945     1.15364
          17     56.9259     50.9669     1.14587
          18     51.0235     50.9701     1.08034
          19      51.263     50.9855     1.02202
          20     57.4945     51.3109     1.02273
           1     30.7556     30.7556           0
           2     27.0472     28.9014     1.85421
           3     30.3202     29.3743     1.17034
           4     35.7069     30.9575      1.7864
           5     34.2769     31.6214     1.53475
           6     27.6364     30.9572     1.41825
           7     26.3204     30.2948     1.36949
           8     31.2297     30.4117     1.19176
           9     28.7143     30.2231     1.06782
          10      34.591     30.6599     1.05022
          11       33.64     30.9308    0.987842
          12     25.8258     30.5054    0.997083
          13     30.7448     30.5238    0.917367
          14     30.6205     30.5307    0.849345
          15     38.9117     31.0894    0.968188
          16        31.6     31.1213    0.906219
          17     33.6311      31.269    0.863951
          18     35.6327     31.5114    0.849853
          19     31.2277     31.4965    0.804019
          20     30.0257     31.4229    0.766296
           1     41.7585     41.7585           0
           2     41.4909     41.6247    0.133795
           3     50.6762     44.6419     3.01813
           4     39.1172     43.2607     2.54208
           5     44.1339     43.4353     1.97682
           6     39.8697     42.8411     1.71999
           7     45.2912     43.1911      1.4952
           8     42.6217     43.1199     1.29684
           9     39.5164     42.7195     1.21176
          10      34.853     41.9329     1.33922
          11     39.0929     41.6747     1.23858
          12     45.1423     41.9637     1.16701
          13     35.7847     41.4884     1.17401
          14     36.6596     41.1435     1.14033
          15     48.6526     41.6441     1.17371
          16     45.9165     41.9111     1.12991
          17     45.5956     42.1278     1.08327
          18     40.9952     42.0649     1.02325
          19     45.4903     42.2452    0.984545
          20     49.2523     42.5955     0.99757
           1     23.8265     23.8265           0
           2     22.3825     23.1045    0.721983
           3     23.9888     23.3993    0.510517
           4     27.1284     24.3315    0.999728
           5     27.7252     25.0103     1.02973
           6     21.9249      24.496    0.985563
           7     24.2787      24.465    0.833531
           8     25.0174      24.534    0.725154
           9     21.7239     24.2218    0.711678
          10     26.6027     24.4599    0.679614
          11     23.8839     24.4075     0.61696
          12     19.8961     24.0316    0.677157
          13     24.9521     24.1024    0.626906
          14     25.8994     24.2307    0.594425
          15     29.7499     24.5987    0.664539
          16     26.3164      24.706    0.630822
          17     27.7757     24.8866    0.619456
          18     28.8389     25.1062     0.62394
          19     24.6126     25.0802     0.59076
          20     23.8372     25.0181     0.56388
           1     29.7929     29.7929           0
           2     30.2475     30.0202    0.227318
           3     40.9953     33.6786      3.6607
           4     32.0739     33.2774     2.61941
           5     34.4015     33.5022      2.0414
           6     34.2876     33.6331     1.67193
           7     33.5156     33.6163     1.41314
           8      33.949     33.6579     1.22452
           9     27.7486     33.0013     1.26386
          10     31.1737     32.8186     1.14511
          11     31.0774     32.6603     1.04782
          12      36.463     32.9772     1.00765
          13     29.1153     32.6801    0.973344
          14     30.8915     32.5523    0.910153
          15      34.853     32.7057    0.861076
          16     35.1758     32.8601    0.820124
          17     33.6747      32.908    0.771862
          18     31.2923     32.8183    0.733233
          19     35.6408     32.9668      0.7093
          20     36.9861     33.1678     0.70227
           1     18.8721     18.8721           0
           2      18.986     18.9291   0.0569589
           3     17.2884     18.3822    0.547868
           4     23.6557     19.7006     1.37411
           5     22.1147     20.1834     1.16877
           6     18.4517     19.8948    0.996988
           7      18.959     19.7611    0.853147
           8      19.534     19.7327    0.739392
           9     18.3467     19.5787    0.670023
          10     25.5534     20.1762    0.846237
          11     20.4839     20.2042    0.765961
          12     22.1901     20.3697    0.718541
          13     22.4624     20.5306    0.680283
          14     22.4173     20.6654    0.644076
          15     23.7097     20.8684    0.633019
          16     20.6676     20.8558    0.592268
          17     20.6032      20.841    0.556537
          18     24.1044     21.0223    0.555149
          19     20.3458     20.9867    0.526324
          20     18.4662     20.8606    0.514973
           1     25.8937     25.8937           0
           2     24.6779     25.2858    0.607868
           3      34.291     28.2875     3.02219
           4     26.4384     27.8253     2.18644
           5     25.0971     27.2796     1.77933
           6     28.0261      27.404     1.45814
           7     22.2747     26.6713     1.43374
           8     26.7888      26.686     1.24175
           9     21.5743      26.118     1.23364
          10     25.2467     26.0309     1.10684
          11     26.4489     26.0689     1.00189
          12     25.4719     26.0191    0.915949
          13     24.1059      25.872    0.855308
          14     26.8376     25.9409     0.79486
          15     27.9573     26.0754    0.752085
          16     25.3212     26.0282    0.705088
          17      28.216     26.1569    0.674702
          18     26.7398     26.1893    0.636939
          19     28.8868     26.3313    0.618985
          20     27.3545     26.3824    0.589446
           1     16.6781     16.6781           0
           2     15.2433     15.9607    0.717378
           3     16.2682     16.0632    0.426673
           4      17.445     16.4086    0.458654
           5      18.961     16.9191    0.621939
           6     15.3708     16.6611     0.56962
           7     15.9553     16.5602    0.491862
           8     14.9746      16.362    0.469821
           9     16.2344     16.3478    0.414586
          10     19.3017     16.6432    0.474088
          11     17.2225     16.6959     0.43205
          12     14.7907     16.5371    0.425162
          13     18.8644     16.7161    0.430117
          14     17.4864     16.7712    0.401994
          15     19.7796     16.9717    0.424591
          16     17.4334     17.0006    0.398216
          17     17.6144     17.0367    0.375797
          18     22.5574     17.3434    0.468615
          19     16.6516      17.307    0.444758
          20      15.637     17.2235    0.430117
           1     20.2537     20.2537           0
           2     20.1666     20.2102   0.0435631
           3     25.2636     21.8946     1.68465
           4     23.2925     22.2441     1.24143
           5     20.7135      21.938     1.00916
           6     24.0229     22.2855    0.894253
           7     19.6693     21.9117    0.843139
           8     18.8252     21.5259     0.82584
           9     19.7192     21.3252    0.755481
          10      19.279     21.1206    0.706024
          11     22.0282     21.2031    0.643931
          12     20.0263      21.105     0.59595
          13     19.8583     21.0091    0.556519
          14     22.0235     21.0816    0.520306
          15      22.523     21.1777    0.493818
          16     19.7805     21.0903    0.470106
          17     21.5909     21.1198    0.442568
          18     23.5635     21.2555    0.438789
          19      23.325     21.3645    0.429106
          20     23.0145      21.447    0.415361
           1     14.2314     14.2314           0
           2     13.3302     13.7808    0.450592
           3     15.7039     14.4218    0.691813
           4     16.1049     14.8426    0.645241
           5     15.4625     14.9666     0.51495
           6     14.5669        14.9    0.425699
           7     13.6723     14.7246    0.400254
           8     14.4859     14.6948    0.347912
           9      15.631     14.7988    0.323983
          10      14.333     14.7522      0.2935
          11     14.2786     14.7091    0.268949
          12     13.0452     14.5705    0.281968
          13     14.6689      14.578    0.259483
          14      14.929     14.6031    0.241539
          15      14.954     14.6265    0.226074
          16     14.5609     14.6224    0.211513
          17     16.3357     14.7232     0.22278
          18     15.7307     14.7792    0.217369
          19     14.5688     14.7681    0.205908
          20     15.5918     14.8093    0.199636
           1     17.4932     17.4932           0
           2     15.7514     16.6223     0.87087
           3     20.8497     18.0314     1.49615
           4     18.2001     18.0736     1.05878
           5     18.0411     18.0671     0.82015
           6     21.6809     18.6694    0.900659
           7     16.7205      18.391    0.810515
           8     16.5369     18.1592      0.7392
           9      16.638     17.9902     0.67347
          10     16.8314     17.8743    0.613415
          11     16.8994     17.7857    0.561889
          12     17.3136     17.7463    0.514438
          13     16.2809     17.6336    0.486455
          14     17.3487     17.6133     0.45083
          15     19.9759     17.7708    0.448283
          16     16.1557     17.6698    0.431309
          17     19.0208     17.7493    0.412864
          18     19.9986     17.8743    0.408817
          19     19.4059     17.9549    0.395016
          20     20.2266     18.0685     0.39158
           1     11.8767     11.8767           0
           2     11.8868     11.8818  0.00508747
           3     12.1804     11.9813   0.0995863
           4     12.2046     12.0371   0.0898682
           5     12.8593     12.2016    0.178554
           6     13.1975     12.3676    0.220928
           7      11.655     12.2658    0.212662
           8     12.5233      12.298    0.186962
           9     11.9586     12.2603    0.169141
          10     12.4702     12.2812    0.152735
          11     12.3074     12.2836    0.138174
          12     11.8028     12.2436    0.132347
          13     10.8025     12.1327    0.164647
          14     13.1826     12.2077    0.169882
          15      10.893       12.12    0.180815
          16     11.7455     12.0966    0.170749
          17     13.1337     12.1576    0.171599
          18     13.1548      12.213    0.171007
          19     13.1645     12.2631    0.169332
          20     13.2927     12.3146    0.168689
           1     15.4561     15.4561           0
           2     13.8361     14.6461    0.809986
           3     14.9865     14.7596    0.481212
           4      13.175     14.3634    0.522231
           5     14.7126     14.4333    0.410502
           6     16.1843     14.7251    0.444418
           7     14.8101     14.7372    0.375798
           8     15.2152      14.797    0.330888
           9     14.7116     14.7875     0.29197
          10      13.695     14.6782    0.283078
          11     13.5135     14.5724    0.277082
          12     15.0668     14.6136    0.256274
          13     13.0491     14.4932    0.264678
          14     15.7581     14.5836    0.261169
          15     14.2043     14.5583    0.244446
          16     12.9557     14.4581    0.249634
          17     16.2072      14.561     0.25607
          18     14.5552     14.5607    0.241425
          19     16.0929     14.6413    0.242186
          20     16.5141      14.735    0.248107
           1     10.6394     10.6394           0
           2     11.3401     10.9898    0.350348
           3     10.4384      10.806    0.273301
           4       9.559     10.4942    0.366788
           5     10.7455     10.5445    0.288522
           6     11.3491     10.6786    0.271073
           7     9.90927     10.5687    0.254096
           8     11.3933     10.6718    0.243001
           9     11.1171     10.7212    0.219944
          10     11.5394     10.8031     0.21306
          11     11.4101     10.8582    0.200465
          12     10.4686     10.8258    0.185857
          13     9.70482     10.7395    0.191478
          14     11.4817     10.7926     0.18503
          15     10.6201     10.7811    0.172637
          16     10.2421     10.7474    0.164963
          17     11.0569     10.7656    0.156021
          18     10.3374     10.7418    0.149009
          19      11.568     10.7853    0.147504
          20     11.8743     10.8397    0.150156
           1     12.8235     12.8235           0
           2     13.1576     12.9906     0.16705
           3     12.6233     12.8681     0.15585
           4     10.6916      12.324    0.555193
           5     12.0047     12.2601    0.434765
           6     13.3107     12.4352     0.39582
           7     11.2917     12.2719    0.372286
           8     12.9865     12.3612    0.334554
           9     12.0898      12.331    0.296586
          10     12.6782     12.3658    0.267536
          11      12.585     12.3857    0.242815
          12     13.4898     12.4777    0.239995
          13     11.5106     12.4033     0.23296
          14     13.0507     12.4496    0.220581
          15     12.5865     12.4587    0.205552
          16     10.9476     12.3642    0.214218
          17     13.7334     12.4448    0.216743
          18     12.0437     12.4225    0.205558
          19     13.4041     12.4742    0.201185
          20     14.0029     12.5506    0.205598
           1     9.74409     9.74409           0
           2     9.48375     9.61392    0.130167
           3     8.65096     9.29293    0.329668
           4     8.43151     9.07758    0.317363
           5     9.92463     9.24699    0.298549
           6     8.61165      9.1411     0.26577
           7     9.78106     9.23252    0.242509
           8      9.5494     9.27213    0.213722
           9     9.08605     9.25145    0.189616
          10     9.76693       9.303    0.177258
          11     9.58699     9.32882    0.162401
          12     9.21113     9.31901    0.148575
          13     9.07756     9.30044    0.137926
          14     10.6025     9.39344    0.157973
          15     10.2005     9.44725    0.156598
          16     8.80172      9.4069    0.151939
          17     9.58445     9.41734    0.143103
          18     9.44542      9.4189    0.134928
          19     9.94168     9.44642    0.130561
          20     9.57212      9.4527    0.124021
           1     10.8044     10.8044           0
           2      10.629     10.7167   0.0876533
           3     11.1069     10.8468     0.13958
           4     9.61352     10.5385    0.323727
           5      10.559     10.5426    0.250792
           6     10.7154     10.5714    0.206786
           7     10.5021     10.5615    0.175046
           8     11.4781     10.6761    0.190026
           9     10.5899     10.6665    0.167861
          10     11.2911     10.7289    0.162613
          11     10.7163     10.7278    0.147094
          12     11.3373     10.7786    0.143563
          13     9.92702     10.7131    0.147413
          14      10.879     10.7249    0.136991
          15     11.7802     10.7953     0.14565
          16     9.70527     10.7272    0.152326
          17      11.145     10.7517    0.145182
          18       9.766      10.697    0.147427
          19     10.7563     10.7001    0.139487
          20     10.6003     10.6951    0.132423
           1     8.95687     8.95687           0
           2     8.63676     8.79682    0.160054
           3     7.58544     8.39302    0.414231
           4     7.40379     8.14571    0.383347
           5     8.77819     8.27221     0.32276
           6     7.22902     8.09834    0.315719
           7     8.94412     8.21917    0.292913
           8     8.98052     8.31434    0.270934
           9     8.53654     8.33903    0.240214
          10     8.54522     8.35965    0.215841
          11     8.42661     8.36573     0.19533
          12     8.34941     8.36437    0.178316
          13     7.83809     8.32389    0.168949
          14     9.08076     8.37795    0.165496
          15     8.52166     8.38753    0.154366
          16     7.71213     8.34532     0.15044
          17     8.43511      8.3506    0.141412
          18      8.0591     8.33441    0.134305
          19     8.95019     8.36682    0.131108
          20      8.6112     8.37904    0.124979
           1     10.2961     10.2961           0
           2     9.22433     9.76022    0.535888
           3     9.49185     9.67076    0.322068
           4     8.06066     9.26824    0.462483
           5     8.67677     9.14994    0.377263
           6     8.76154     9.08521    0.314763
           7     9.30445     9.11653     0.26786
           8     10.1559     9.24645    0.265878
           9     9.35589     9.25861    0.234798
          10     9.55396     9.28814    0.212076
          11     9.03184     9.26484     0.19324
          12     10.3081     9.35178    0.196663
          13     8.64179     9.29717    0.188968
          14     9.26698     9.29501    0.174963
          15     9.66051     9.31938    0.164695
          16     8.44748     9.26488    0.163412
          17     9.32266     9.26828    0.153536
          18     8.69748     9.23657    0.148188
          19     9.55923     9.25355    0.141197
          20       8.854     9.23358    0.135432
           1     8.33838     8.33838           0
           2     7.44097     7.88967    0.448704
           3     6.67637     7.48524    0.480291
           4      6.7548     7.30263    0.385598
           5      8.0811     7.45832    0.336827
           6     7.24436     7.42266     0.27732
           7     7.55077     7.44096    0.235092
           8     7.84438     7.49139    0.209747
           9     7.74173     7.51921     0.18706
          10      7.6737     7.53466    0.168023
          11     7.05108     7.49069    0.158213
          12     7.84131     7.51991    0.147354
          13     7.98926     7.55602    0.140272
          14     7.84471     7.57664    0.131493
          15     7.14354     7.54776    0.125772
          16     6.63383     7.49064    0.130783
          17     7.49488     7.49089    0.122849
          18     6.93605     7.46007    0.119855
          19     7.91937     7.48424     0.11592
          20     7.17869     7.46896    0.111028
           1     8.76007     8.76007           0
           2     8.26254      8.5113    0.248768
           3     7.92617     8.31626    0.242221
           4     7.47526     8.10601    0.271184
           5     7.61458     8.00772    0.231915
           6     7.85358     7.98203    0.191093
           7     8.06614     7.99405    0.161949
           8     8.97929      8.1172    0.186649
           9     8.39775     8.14837    0.167535
          10     8.10122     8.14366    0.149922
          11     7.42357      8.0782    0.150583
          12     9.27794     8.17817    0.169976
          13     7.67999     8.13985    0.160983
          14      8.1683     8.14189    0.149055
          15      8.0391     8.13503    0.138932
          16     7.26541     8.08068    0.140867
          17     8.09292      8.0814    0.132323
          18     7.15017     8.02967    0.135057
          19     8.45416     8.05201     0.12969
          20     7.17187       8.008    0.130668
           1     6.89634     6.89634           0
           2     6.31673     6.60654    0.289803
           3     6.04748     6.42018    0.250443
           4     6.18523     6.36145    0.186578
           5     7.07444     6.50404     0.20303
           6     6.68307     6.53388    0.168437
           7     7.27239     6.63938    0.177188
           8     7.43093     6.73833    0.182583
           9     6.62014     6.72519    0.161557
          10     6.82718     6.73539    0.144861
          11     6.66923     6.72938     0.13117
          12     7.13749     6.76339    0.124477
          13     6.37931     6.73384    0.118252
          14     7.15305     6.76379    0.113501
          15     6.12299     6.72107    0.113973
          16     6.19013     6.68788    0.111657
          17      6.6627      6.6864    0.104894
          18     6.31726     6.66589    0.100999
          19     6.67438     6.66634   0.0955362
          20     6.20028     6.64304   0.0935815
           1     7.60595     7.60595           0
           2     6.90681     7.25638    0.349572
           3     6.76214     7.09163    0.260527
           4     6.82771     7.02565     0.19568
           5     6.83959     6.98844    0.156074
           6     7.09373     7.00599    0.128637
           7      7.4046     7.06293    0.122728
           8     7.94814     7.17358    0.153428
           9     7.30644     7.18835    0.136114
          10     7.28782     7.19829     0.12215
          11     7.12947     7.19204    0.110665
          12     7.85985     7.24769    0.115338
          13     6.62091     7.19948    0.116537
          14     7.49497     7.22058    0.109937
          15     7.13302     7.21474    0.102512
          16     6.66539     7.18041    0.101853
          17     7.41185     7.19402   0.0966378
          18     6.70641     7.16693    0.095053
          19     7.47244     7.18301   0.0913375
          20     6.80378     7.16405   0.0887009
           1     6.52276     6.52276           0
           2     5.46686     5.99481    0.527948
           3     5.47571     5.82178      0.3505
           4     5.78223     5.81189    0.248038
           5     6.46379     5.94227    0.232191
           6     6.20291     5.98571    0.194497
           7     6.18706     6.01447    0.166877
           8     6.11894     6.02753    0.145109
           9      5.8823      6.0114    0.128987
          10     6.06926     6.01718    0.115515
          11     6.06538     6.02156    0.104579
          12     6.54175     6.06491    0.104848
          13     5.78915      6.0437   0.0987513
          14     6.39788       6.069   0.0948616
          15     5.62149     6.03917   0.0932144
          16      5.6495     6.01481   0.0905314
          17     6.29763     6.03145   0.0866514
          18     5.84177     6.02091   0.0823726
          19      6.1661     6.02855   0.0782905
          20     5.68108     6.01118   0.0762778
           1     6.87482     6.87482           0
           2      5.8837     6.37926    0.495558
           3     6.16641     6.30831    0.294776
           4     5.91082     6.20894    0.230915
           5     6.30319     6.22779    0.179856
           6     6.00396     6.19048    0.151516
           7     6.88057     6.28907    0.161607
           8     7.04051       6.383    0.168554
           9     6.53895     6.40032    0.149657
          10     6.69593     6.42989    0.137083
          11     6.56103     6.44181    0.124568
          12     6.92526      6.4821     0.12064
          13     6.22733      6.4625     0.11269
          14     6.88922     6.49298    0.108692
          15      6.2597     6.47743    0.102375
          16     5.85474     6.43851    0.103369
          17     6.75685     6.45723   0.0988875
          18     6.24685     6.44555   0.0939618
          19     6.79642     6.46401   0.0907773
          20      6.0035     6.44099   0.0891439
           1     5.66356     5.66356           0
           2     5.16108     5.41232    0.251239
           3     4.90543     5.24336    0.222684
           4      5.2028     5.23322    0.157787
           5     5.94301     5.37517    0.187324
           6     5.57755      5.4089    0.156624
           7     5.58679     5.43432    0.134789
           8     5.27833     5.41482    0.118348
           9     4.98259     5.36679    0.114892
          10     5.64529     5.39464    0.106469
          11     5.29163     5.38528   0.0967594
          12     5.72013     5.41318   0.0926317
          13     5.47343     5.41782   0.0853347
          14     5.88494     5.45118   0.0857613
          15     5.13405     5.43004   0.0825913
          16     5.23347     5.41775   0.0782278
          17     5.25394     5.40812   0.0741114
          18     5.51549     5.41408   0.0701271
          19     5.75407     5.43198   0.0687047
          20      5.0934     5.41505   0.0673416
           1     5.95897     5.95897           0
           2     5.47349     5.71623    0.242741
           3     5.70019     5.71089    0.140248
           4     5.43005     5.64068    0.121508
           5     5.69047     5.65063   0.0946449
           6     5.42573     5.61315   0.0858886
           7     6.02035     5.67132   0.0930218
           8     6.13045     5.72871   0.0989114
           9     5.30503     5.68164   0.0991235
          10     6.00057     5.71353   0.0942209
          11     5.76154      5.7179   0.0853377
          12     5.84144     5.72819   0.0785797
          13     5.74798     5.72971   0.0722989
          14     6.20063     5.76335   0.0749122
          15     5.26342     5.73002   0.0772943
          16     5.28802      5.7024   0.0773999
          17     5.79201     5.70767   0.0728954
          18     5.73946     5.70943   0.0687491
          19      6.0308     5.72635   0.0671938
          20     5.47745      5.7139    0.064949
           1      5.1632      5.1632           0
           2      4.9806      5.0719   0.0912992
           3     4.60192     4.91524    0.165292
           4     4.57943     4.83129    0.143904
           5     5.20378     4.90579    0.134071
           6     5.08717     4.93602    0.113566
           7      5.0527     4.95268   0.0974176
           8     4.92248     4.94891   0.0844506
           9     4.51778     4.90101   0.0885537
          10     5.12307     4.92321   0.0822588
          11     4.71562     4.90434   0.0767619
          12     4.98539     4.91109   0.0703985
          13     4.95149      4.9142   0.0648317
          14     5.30877     4.94239     0.06631
          15     4.60035     4.91958    0.065808
          16     4.74909     4.90893   0.0624732
          17     4.77554     4.90108   0.0592056
          18     5.06163        4.91   0.0565276
          19     5.11572     4.92083    0.054555
          20     4.79217     4.91439   0.0521537
           1     5.27648     5.27648           0
           2     5.24741     5.26194   0.0145325
           3     5.14438     5.22276   0.0400752
           4     4.74894      5.1043    0.121796
           5     5.33246     5.14993    0.104799
           6     5.06061     5.13505   0.0868537
           7     5.57098     5.19732   0.0962635
           8     5.62264     5.25049   0.0988761
           9     4.67111     5.18611    0.108389
          10     5.48753     5.21625    0.101523
          11     5.15682     5.21085     0.09199
          12     5.29584     5.21793   0.0842732
          13     5.32914     5.22649   0.0779906
          14      5.5184     5.24734   0.0751557
          15     4.90741     5.22468   0.0735448
          16     4.85498     5.20157   0.0725715
          17     5.07416     5.19408   0.0685798
          18     5.64178     5.21895   0.0692767
          19     5.42113     5.22959   0.0663876
          20     4.93794     5.21501   0.0646469
           1     4.60021     4.60021           0
           2     4.43927     4.51974   0.0804698
           3     4.22052        4.42     0.11003
           4     4.30109     4.39027   0.0832889
           5     4.73602     4.45942   0.0945725
           6     4.64702     4.49069   0.0833081
           7     4.76303     4.52959   0.0804423
           8     4.59728     4.53805    0.070177
           9     4.27977     4.50936   0.0682201
          10     4.81832     4.54025   0.0683944
          11     4.31592     4.51986   0.0651398
          12     4.42654     4.51208   0.0599705
          13     4.51295     4.51215   0.0551649
          14     4.84212     4.53572    0.056249
          15     4.34637      4.5231    0.053865
          16     4.24448     4.50568   0.0533102
          17     4.37699     4.49811   0.0506451
          18     4.56488     4.50182   0.0478926
          19     4.87219     4.52131   0.0493178
          20     4.38538     4.51452   0.0472781
           1     4.89174     4.89174           0
           2     4.39962     4.64568     0.24606
           3     4.59072     4.62736    0.143239
           4     4.40601     4.57202    0.115417
           5     4.66662     4.59094   0.0913817
           6     4.69716     4.60864   0.0766843
           7     5.18832     4.69146    0.105157
           8     5.09267     4.74161    0.103965
           9     4.18262      4.6795    0.110745
          10     5.12565     4.72411    0.108637
          11     4.69062     4.72107   0.0983134
          12     4.75229     4.72367   0.0897851
          13     4.80583     4.72999   0.0828318
          14     4.98034     4.74787   0.0787445
          15     4.66456     4.74232   0.0735173
          16     4.30498     4.71498   0.0740022
          17       4.654      4.7114   0.0696054
          18     5.02454     4.72879   0.0678914
          19     5.14516     4.75071   0.0678549
          20     4.62404     4.74437   0.0646836
           1      4.0632      4.0632           0
           2     4.27638     4.16979    0.106589
           3     3.98508     4.10822   0.0870509
           4     4.19817     4.13071   0.0655331
           5     4.27276     4.15912   0.0581716
           6     4.34299     4.18976   0.0565255
           7     4.18379     4.18891   0.0477804
           8      4.1582     4.18507   0.0415566
           9     3.89277     4.15259   0.0489695
          10     4.23847     4.16118   0.0446335
          11     4.04714     4.15081   0.0416824
          12     4.23079     4.15748   0.0386299
          13     4.11653     4.15433   0.0356737
          14     4.49078     4.17836   0.0408457
          15     3.82068     4.15451   0.0448836
          16      3.9261     4.14024   0.0443455
          17     3.89464     4.12579   0.0440894
          18     4.28181     4.13446    0.042462
          19     4.58023     4.15792   0.0465155
          20     4.07864     4.15396   0.0443061
           1     4.38933     4.38933           0
           2     4.22446     4.30689   0.0824325
           3     4.31336     4.30905   0.0476412
           4      4.2594     4.29664   0.0359012
           5     4.32097      4.3015   0.0282315
           6     4.38459     4.31535   0.0268908
           7     4.58244     4.35351    0.044411
           8     4.47254     4.36839   0.0412388
           9     3.99617     4.32703   0.0550741
          10     4.58252     4.35258   0.0554912
          11     4.16937     4.33592   0.0528849
          12     4.45677     4.34599   0.0493162
          13     4.37488     4.34821   0.0454187
          14     4.68156     4.37203   0.0483229
          15     4.21636     4.36165   0.0461677
          16      3.9508     4.33597   0.0502433
          17     4.10858     4.32259   0.0490543
          18     4.44926     4.32963   0.0467811
          19     4.58341     4.34299   0.0462225
          20     4.37934     4.34481   0.0438882
           1     3.89708     3.89708           0
           2     3.93121     3.91414   0.0170654
           3     3.74987     3.85939   0.0556374
           4     3.81151     3.84742   0.0411218
           5      3.8266     3.84325   0.0321239
           6     3.93185     3.85802      0.0301
           7     3.94051      3.8698   0.0280363
           8     3.87877     3.87093    0.024306
           9     3.57289     3.83781   0.0394478
          10     3.91298     3.84533   0.0360752
          11      3.7196      3.8339   0.0345752
          12     3.89156      3.8387   0.0319263
          13     3.64507     3.82381    0.032929
          14      4.1001     3.84354   0.0363167
          15     3.57867     3.82588   0.0381428
          16     3.69053     3.81742   0.0366685
          17     3.55046     3.80172   0.0378551
          18     3.96671     3.81089   0.0368485
          19      4.1647     3.82951   0.0395176
          20     3.67151     3.82161    0.038313
           1     4.12891     4.12891           0
           2     3.99501     4.06196   0.0669504
           3     4.04029     4.05473   0.0393228
           4     3.93953     4.02593   0.0400331
           5     3.87909     3.99657   0.0427093
           6     4.07276     4.00927   0.0371125
           7     4.18684     4.03463     0.04034
           8      3.9515     4.02424   0.0364481
           9     3.68792     3.98687   0.0492916
          10     4.13328     4.00151   0.0464552
          11     3.84802     3.98756   0.0442767
          12     4.11469     3.99815   0.0417842
          13     3.78584     3.98182   0.0417617
          14     4.17054      3.9953   0.0409463
          15     3.94881      3.9922   0.0382447
          16     3.71053      3.9746   0.0398716
          17     3.80777     3.96478   0.0387172
          18     4.24444     3.98032   0.0396718
          19     4.25848     3.99496   0.0402804
          20     3.94802     3.99261   0.0382853
           1     3.66816     3.66816           0
           2     3.57118     3.61967   0.0484927
           3     3.39082     3.54339   0.0812591
           4     3.49447     3.53116   0.0587458
           5     3.60757     3.54644   0.0480022
           6     3.64655     3.56312   0.0425973
           7     3.62152     3.57147   0.0369552
           8     3.66377       3.583   0.0340203
           9     3.26351     3.54751     0.04648
          10     3.67617     3.56037   0.0435184
          11     3.42238     3.54783   0.0413143
          12     3.53402     3.54668   0.0377322
          13     3.48227     3.54172   0.0350604
          14     3.77601     3.55846   0.0365197
          15     3.37208     3.54603   0.0361974
          16     3.48271     3.54207   0.0340901
          17     3.39908     3.53366   0.0331084
          18     3.70198     3.54301   0.0325854
          19     3.83334     3.55829   0.0344025
          20     3.46162     3.55346    0.032993
           1     3.76283     3.76283           0
           2     3.60828     3.68555   0.0772731
           3     3.62417     3.66509   0.0490819
           4     3.64427     3.65989   0.0350946
           5     3.57931     3.64377   0.0316024
           6     3.79333      3.6687   0.0358766
           7     3.86135     3.69622   0.0409491
           8     3.80967      3.7104   0.0381934
           9     3.49056     3.68597   0.0416082
          10     3.77631     3.69501   0.0382963
          11     3.51826     3.67894   0.0381854
          12     3.72803     3.68303   0.0350976
          13     3.51802     3.67034   0.0346906
          14      3.7943     3.67919   0.0333153
          15     3.57704     3.67238   0.0317537
          16     3.49001     3.66098   0.0318149
          17     3.55867     3.65496   0.0304849
          18      4.0239     3.67546   0.0353011
          19     3.92214     3.68844   0.0358266
          20     3.65765      3.6869    0.034023
           1     3.38918     3.38918           0
           2     3.26208     3.32563   0.0635483
           3     3.24946     3.30024   0.0446175
           4     3.37056     3.31782   0.0361169
           5     3.45499     3.34525   0.0391826
           6       3.442     3.36138   0.0358259
           7     3.30578     3.35344   0.0313027
           8     3.30551     3.34745    0.027763
           9     3.12069     3.32225   0.0351325
          10     3.44607     3.33463   0.0337751
          11     3.25321     3.32723   0.0314347
          12     3.31274     3.32602   0.0287212
          13     3.27899      3.3224   0.0266663
          14     3.39254     3.32741   0.0251913
          15     3.15523     3.31594   0.0261105
          16     3.20604     3.30907   0.0253715
          17     3.15477     3.29999   0.0255022
          18     3.31039     3.30057   0.0240506
          19       3.473     3.30964   0.0244931
          20     3.27617     3.30797   0.0232964
           1     3.49801     3.49801           0
           2     3.27392     3.38597    0.112048
           3     3.44126      3.4044    0.067265
           4     3.48358     3.42419   0.0515183
           5     3.41725     3.42281     0.03993
           6     3.48396       3.433    0.034159
           7       3.486     3.44057   0.0298461
           8       3.502     3.44825   0.0269641
           9     3.29283     3.43098   0.0293887
          10     3.57256     3.44514   0.0298563
          11     3.27703     3.42986   0.0310302
          12     3.46345     3.43266   0.0284646
          13      3.2896     3.42165    0.028402
          14     3.52197     3.42882   0.0272541
          15     3.29051      3.4196   0.0269956
          16     3.23948     3.40834   0.0276476
          17     3.28155     3.40088   0.0270201
          18     3.54393     3.40883   0.0266857
          19     3.53941      3.4157    0.026161
          20     3.39426     3.41463   0.0248417
           1     3.09014     3.09014           0
           2     3.05608     3.07311   0.0170318
           3     3.05686     3.06769   0.0112267
           4     3.12886     3.08298   0.0172293
           5     3.13728     3.09384   0.0172056
           6     3.14681     3.10267   0.0165919
           7     3.14807     3.10915     0.01545
           8     3.17663     3.11759   0.0158167
           9     2.96249     3.10036   0.0221715
          10     3.23737     3.11406   0.0241037
          11     3.07817     3.11079   0.0220454
          12      3.0505     3.10577   0.0207423
          13     3.09447      3.1049   0.0190999
          14      3.1331     3.10691   0.0177974
          15     3.03872     3.10237    0.017181
          16     2.93517     3.09192   0.0191701
          17     2.92488     3.08209   0.0205134
          18     3.08168     3.08207   0.0193402
          19     3.19468       3.088   0.0192302
          20     2.98245     3.08272   0.0189914
           1     3.24031     3.24031           0
           2     3.06057     3.15044   0.0898728
           3     3.14433      3.1484   0.0519281
           4     3.21952     3.16618   0.0407967
           5     3.11433     3.15581   0.0332591
           6     3.17192      3.1585   0.0272884
           7     3.22775     3.16839   0.0250951
           8     3.28179     3.18257   0.0259473
           9     3.01857     3.16434   0.0292518
          10     3.36834     3.18474   0.0331765
          11     3.21543     3.18753   0.0301387
          12     3.17797     3.18674   0.0275243
          13     3.13798     3.18299   0.0255949
          14     3.21004     3.18492    0.023775
          15     3.20506     3.18626    0.022174
          16     3.03079     3.17654   0.0229051
          17     3.04979     3.16909    0.022771
          18     3.26714     3.17454    0.022149
          19     3.28165     3.18017    0.021696
          20     3.15635     3.17898   0.0206171
           1     2.94216     2.94216           0
           2     2.88195     2.91206   0.0301054
           3     2.82447     2.88286   0.0339787
           4     2.91616     2.89118    0.025428
           5     2.92208     2.89736   0.0206429
           6     2.96327     2.90835   0.0201184
           7     2.94999      2.9143   0.0180139
           8     2.97475     2.92185   0.0173344
           9     2.71018     2.89834   0.0280508
          10     2.99415     2.90792   0.0268566
          11      2.8469     2.90237    0.024918
          12     2.88509     2.90093   0.0227924
          13     2.86579     2.89823   0.0211395
          14     2.98068     2.90412   0.0204383
          15     2.87514     2.90218   0.0191248
          16     2.74166     2.89215   0.0205108
          17     2.76928     2.88492   0.0205778
          18     2.90882     2.88625   0.0194463
          19     2.94907     2.88956   0.0186891
          20     2.72308     2.88123   0.0195869
           1     3.00262     3.00262           0
           2     2.89247     2.94754   0.0550752
           3     2.84211      2.9124   0.0473951
           4     3.04801      2.9463   0.0476714
           5     2.95271     2.94758   0.0369484
           6     2.96381     2.95029   0.0302891
           7     3.07899     2.96867   0.0315178
           8      3.1357     2.98955   0.0343648
           9      2.7937     2.96779   0.0373106
          10     3.10044     2.98106   0.0359113
          11     2.96439     2.97954   0.0325183
          12     3.00601     2.98175   0.0297669
          13     2.96102     2.98015   0.0274279
          14     3.04091     2.98449   0.0257615
          15     3.02113     2.98694   0.0241067
          16     2.76489     2.97306   0.0264782
          17     2.93068     2.97056   0.0249965
          18      3.0529     2.97514   0.0240068
          19     3.11653     2.98258   0.0238964
          20     2.86606     2.97675   0.0234068
           1     2.72375     2.72375           0
           2     2.73375     2.72875  0.00500205
           3     2.67773     2.71175   0.0172501
           4     2.68795      2.7058   0.0135716
           5     2.73093     2.71082    0.011653
           6     2.75456     2.71811   0.0119856
           7     2.75993     2.72409     0.01176
           8     2.86752     2.74202     0.02062
           9      2.5788     2.72388   0.0256824
          10      2.7639     2.72788    0.023317
          11     2.66155     2.72185   0.0219362
          12     2.77112     2.72596   0.0204415
          13     2.76217     2.72874   0.0190087
          14       2.836      2.7364    0.019194
          15     2.72105     2.73538   0.0178979
          16     2.57972     2.72565   0.0193633
          17      2.6303     2.72004   0.0190339
          18     2.69915     2.71888   0.0179829
          19     2.78195      2.7222   0.0173309
          20     2.55654     2.71392   0.0184102
           1     2.80568     2.80568           0
           2      2.6988     2.75224   0.0534428
           3     2.69488     2.73312   0.0362996
           4     2.84551     2.76122   0.0380573
           5      2.7846     2.76589   0.0298476
           6     2.79275     2.77037   0.0247781
           7     2.79716      2.7742   0.0212881
           8     2.96306      2.7978   0.0299537
           9     2.74851     2.79233   0.0269786
          10     2.85561     2.79866   0.0249463
          11     2.79257      2.7981   0.0225716
          12     2.86511     2.80369   0.0213481
          13     2.83947     2.80644   0.0198294
          14     2.85311     2.80977   0.0186587
          15     2.82074      2.8105   0.0173857
          16     2.66273     2.80127   0.0187025
          17     2.74276     2.79783   0.0179018
          18     2.76283     2.79588   0.0169896
          19     2.90773     2.80177   0.0171148
          20     2.63646      2.7935   0.0182192
           1      2.6196      2.6196           0
           2     2.56042     2.59001   0.0295893
           3     2.53994     2.57332   0.0238841
           4     2.61955     2.58488    0.020465
           5      2.5796     2.58382   0.0158873
           6      2.6209        2.59   0.0143688
           7     2.52822     2.58118    0.015012
           8     2.73041     2.59983   0.0227371
           9     2.44915     2.58309   0.0261226
          10     2.61698     2.58648   0.0236093
          11     2.45968     2.57495   0.0242678
          12     2.61315     2.57813   0.0223809
          13     2.60241        2.58    0.020672
          14      2.5955     2.58111   0.0191705
          15     2.55859     2.57961   0.0179098
          16     2.43591     2.57063   0.0190085
          17     2.48474     2.56557   0.0185563
          18     2.55678     2.56509   0.0175019
          19     2.60291     2.56708   0.0166744
          20     2.42067     2.55976   0.0174303
           1     2.62994     2.62994           0
           2     2.54159     2.58577   0.0441733
           3     2.57138     2.58097   0.0259504
           4     2.68503     2.60699   0.0318359
           5     2.58533     2.60266   0.0250374
           6     2.60242     2.60262    0.020443
           7     2.62116     2.60527   0.0174793
           8      2.8316     2.63356   0.0320868
           9     2.58856     2.62856   0.0287362
          10      2.6588     2.63158   0.0258798
          11     2.57996     2.62689   0.0238749
          12     2.67259      2.6307   0.0221249
          13     2.62738     2.63044   0.0203536
          14     2.67381     2.63354   0.0190967
          15       2.634     2.63357   0.0177781
          16      2.4925     2.62475   0.0188226
          17     2.59696     2.62312   0.0177562
          18     2.60986     2.62238   0.0167569
          19     2.67635     2.62522   0.0161029
          20     2.48922     2.61842   0.0167217
           1     2.47809     2.47809           0
           2      2.3854     2.43175   0.0463433
           3     2.41602      2.4265   0.0272654
           4     2.47434     2.43846   0.0226868
           5     2.46044     2.44286   0.0181147
           6     2.46267     2.44616   0.0151548
           7     2.40317     2.44002   0.0142043
           8     2.58138     2.45769   0.0215307
           9     2.33371     2.44391   0.0234591
          10     2.45856     2.44538   0.0210336
          11     2.31317     2.43336   0.0225042
          12     2.39837     2.43044   0.0207494
          13     2.45524     2.43235   0.0191817
          14     2.45112     2.43369   0.0178093
          15     2.40301     2.43165   0.0167053
          16     2.29171      2.4229   0.0179074
          17     2.33403     2.41767   0.0176146
          18     2.38517     2.41587   0.0167052
          19     2.41754     2.41595   0.0158017
          20     2.33905     2.41211   0.0154762
           1     2.48926     2.48926           0
           2     2.40705     2.44816   0.0411079
           3     2.45952     2.45194   0.0240341
           4     2.52896      2.4712   0.0256818
           5     2.47573     2.47211   0.0199136
           6     2.46318     2.47062   0.0163274
           7     2.49202     2.47367   0.0141338
           8     2.68237     2.49976   0.0288154
           9     2.40479     2.48921   0.0275168
          10     2.51204     2.49149   0.0247175
          11     2.41789      2.4848   0.0233375
          12     2.51306     2.48716   0.0214338
          13     2.49687      2.4879   0.0197304
          14     2.47288     2.48683   0.0182983
          15     2.48405     2.48664   0.0170358
          16     2.34032      2.4775   0.0183734
          17      2.4218     2.47422    0.017567
          18     2.44877     2.47281   0.0166226
          19      2.4597     2.47212   0.0157385
          20     2.37912     2.46747   0.0156382
           1     2.30584     2.30584           0
           2     2.26803     2.28693   0.0189086
           3     2.26125     2.27837   0.0138738
           4     2.31748     2.28815   0.0138498
           5      2.3029      2.2911   0.0111262
           6     2.36988     2.30423    0.015967
           7     2.29814     2.30336   0.0135226
           8     2.49058     2.32676   0.0261691
           9     2.21081     2.31388   0.0264316
          10     2.31107      2.3136   0.0236429
          11     2.20145      2.3034   0.0236917
          12     2.26078     2.29985   0.0219172
          13     2.31354      2.3009   0.0201884
          14     2.30171     2.30096   0.0186909
          15     2.25788     2.29809   0.0176357
          16     2.13601     2.28796   0.0193586
          17      2.2453     2.28545   0.0183565
          18     2.26686     2.28442   0.0173374
          19     2.27744     2.28405   0.0164037
          20     2.25304      2.2825   0.0156389
           1     2.30859     2.30859           0
           2     2.30409     2.30634  0.00224873
           3     2.29041     2.30103  0.00546607
           4     2.37132      2.3186   0.0179936
           5      2.2858     2.31204    0.015405
           6     2.36337      2.3206   0.0152111
           7     2.33817     2.32311   0.0130985
           8     2.56531     2.35338   0.0323307
           9     2.26299     2.34334     0.03023
          10     2.34668     2.34367   0.0270406
          11     2.28996     2.33879   0.0249418
          12     2.35395     2.34005   0.0228037
          13     2.35902     2.34151    0.021027
          14      2.3652      2.3432   0.0195406
          15     2.25951     2.33762   0.0190277
          16     2.18963     2.32838   0.0200586
          17     2.33242     2.32861   0.0188433
          18      2.2799     2.32591   0.0179705
          19     2.31581     2.32538   0.0170067
          20     2.28392      2.3233   0.0162666
           1     2.15424     2.15424           0
           2     2.12596      2.1401   0.0141375
           3     2.13406     2.13809  0.00840718
           4     2.17207     2.14658   0.0103694
           5     2.12229     2.14173  0.00938696
           6     2.26002     2.16144   0.0211527
           7     2.17581     2.16349   0.0179947
           8     2.33622     2.18508   0.0266278
           9     2.07443     2.17279   0.0265075
          10     2.18252     2.17376    0.023729
          11     2.07674     2.16494   0.0232053
          12     2.17646      2.1659   0.0212052
          13     2.13686     2.16367   0.0196334
          14     2.18509      2.1652   0.0182413
          15     2.15382     2.16444   0.0169987
          16     2.04608     2.15704   0.0175373
          17     2.11936     2.15483   0.0166218
          18     2.12009      2.1529   0.0157896
          19      2.1605      2.1533   0.0149408
          20     2.17045     2.15415      0.0142
           1     2.22596     2.22596           0
           2     2.17899     2.20248   0.0234848
           3     2.16626      2.1904   0.0181553
           4     2.24848     2.20492   0.0193799
           5      2.1496     2.19386   0.0186482
           6     2.25914     2.20474   0.0187142
           7     2.22986     2.20833   0.0162185
           8     2.41865     2.23462   0.0298071
           9      2.1247      2.2224   0.0289862
          10     2.22722     2.22289   0.0259305
          11     2.15738     2.21693   0.0241991
          12     2.22949     2.21798   0.0221154
          13     2.18309     2.21529   0.0205194
          14     2.22717     2.21614   0.0190162
          15     2.14767     2.21158   0.0182822
          16     2.08346     2.20357   0.0188833
          17     2.20492     2.20365   0.0177379
          18     2.18397     2.20256   0.0167592
          19      2.2431     2.20469   0.0159955
          20     2.21348     2.20513   0.0151811
           1     2.04523     2.04523           0
           2     2.02674     2.03599  0.00924138
           3     1.99316     2.02171   0.0152392
           4     2.05173     2.02921   0.0131311
           5     2.01572     2.02652   0.0105231
           6     2.15976     2.04872   0.0238111
           7     2.07748     2.05283   0.0205391
           8     2.22656     2.07455    0.028071
           9     1.96435      2.0623   0.0276186
          10     2.03238     2.05931   0.0248835
          11      2.0033     2.05422   0.0230768
          12     2.04718     2.05363   0.0210743
          13     2.01827     2.05091   0.0195754
          14     2.07791     2.05284   0.0182256
          15      2.0154     2.05034   0.0171497
          16     1.97826     2.04584   0.0166627
          17     2.02638     2.04469   0.0156937
          18     1.99568     2.04197   0.0150446
          19     2.06264     2.04306   0.0142723
          20     2.05236     2.04352   0.0135478
           1      2.0935      2.0935           0
           2     2.06278     2.07814   0.0153612
           3     2.05926     2.07184   0.0108747
           4     2.09047      2.0765  0.00898943
           5     2.00669     2.06254   0.0156014
           6     2.15592      2.0781   0.0201127
           7     2.13313     2.08596   0.0187283
           8      2.3095     2.11391   0.0323084
           9     2.04151     2.10586   0.0296072
          10     2.08998     2.10427   0.0265291
          11     2.04313     2.09872   0.0246318
          12     2.13803     2.10199    0.022723
          13     2.08284     2.10052    0.020954
          14     2.13254     2.10281   0.0195341
          15     2.04741     2.09911   0.0185564
          16     2.00222     2.09306   0.0183839
          17     2.08855     2.09279   0.0172707
          18     2.04226     2.08999   0.0165232
          19     2.08585     2.08977   0.0156309
          20     2.10538     2.09055   0.0148493
           1     1.95091     1.95091           0
           2     1.91488     1.93289   0.0180142
           3     1.91767     1.92782   0.0115726
           4     1.90609     1.92239  0.00982133
           5     1.94015     1.92594  0.00839625
           6     2.02894     1.94311    0.018485
           7     1.94264     1.94304   0.0156228
           8      2.1385     1.96747   0.0279281
           9     1.87805     1.95754   0.0265589
          10     1.94709     1.95649    0.023778
          11     1.91982     1.95316   0.0217648
          12     1.97823     1.95525    0.019978
          13     1.91829      1.9524   0.0185957
          14     1.98345     1.95462   0.0173585
          15     1.91437     1.95194   0.0163812
          16     1.90807      1.9492   0.0155666
          17     1.94765      1.9491   0.0146226
          18      1.8699      1.9447   0.0144715
          19       1.962     1.94561   0.0137189
          20     1.94727      1.9457   0.0130151
           1     1.97475     1.97475           0
           2     1.89942     1.93708   0.0376643
           3     1.95333      1.9425     0.02241
           4     1.91947     1.93674   0.0168597
           5     1.92514     1.93442   0.0132641
           6     2.06865     1.95679   0.0248553
           7     2.00402     1.96354   0.0220634
           8     2.16495     1.98872    0.031606
           9     1.93936     1.98323   0.0284083
          10       1.972     1.98211   0.0254339
          11     1.94347      1.9786   0.0232725
          12     2.00747       1.981   0.0213807
          13     1.97417     1.98048   0.0196744
          14     2.01152     1.98269   0.0183494
          15     1.95166     1.98063   0.0172072
          16     1.93404     1.97771   0.0163571
          17     2.00403     1.97926   0.0154426
          18     1.92013     1.97598   0.0149254
          19     1.96358     1.97532   0.0141331
          20     1.98332     1.97572   0.0134138
           1     1.85613     1.85613           0
           2     1.80511     1.83062   0.0255121
           3     1.81811     1.82645   0.0153082
           4     1.82778     1.82678   0.0108297
           5     1.82179     1.82579  0.00844779
           6      1.9356     1.84409   0.0195585
           7     1.87116     1.84796   0.0169764
           8     1.97462     1.86379   0.0216064
           9     1.78908     1.85549   0.0207848
          10     1.83709     1.85365   0.0186814
          11     1.83871     1.85229   0.0169524
          12     1.88829     1.85529   0.0157634
          13     1.83839     1.85399   0.0145585
          14     1.89605     1.85699   0.0138093
          15     1.83345     1.85542   0.0129512
          16     1.84801     1.85496   0.0121236
          17     1.89376     1.85724   0.0116146
          18     1.79448     1.85376    0.011492
          19     1.85273      1.8537   0.0108705
          20      1.8465     1.85334   0.0103189
           1     1.90857     1.90857           0
           2     1.79847     1.85352   0.0550474
           3     1.85683     1.85463   0.0318008
           4     1.82891      1.8482   0.0233874
           5     1.82066     1.84269   0.0189344
           6     1.94143     1.85915   0.0225793
           7     1.87473     1.86137   0.0192124
           8     2.02407     1.88171   0.0262766
           9     1.81841     1.87468   0.0242175
          10     1.87047     1.87426   0.0216649
          11     1.86728     1.87362   0.0196069
          12     1.91588     1.87714   0.0182417
          13     1.85702      1.8756   0.0168512
          14     1.91818     1.87864   0.0158949
          15     1.83986     1.87605   0.0150215
          16     1.87293     1.87586   0.0140527
          17     1.91896     1.87839   0.0134415
          18     1.82808      1.8756   0.0129773
          19     1.86968     1.87529   0.0122793
          20     1.87126     1.87508   0.0116509
           1     1.76519     1.76519           0
           2     1.75827     1.76173  0.00345958
           3     1.76452     1.76266  0.00220332
           4     1.73327     1.75531  0.00751065
           5     1.73369     1.75099  0.00724933
           6     1.83311     1.76468   0.0149122
           7     1.77468     1.76611   0.0126838
           8     1.85844     1.77765   0.0159331
           9     1.66165     1.76476   0.0190675
          10     1.76512      1.7648   0.0170546
          11     1.74337     1.76285   0.0155489
          12     1.79029     1.76513   0.0143772
          13     1.74693     1.76373    0.013299
          14     1.79835     1.76621   0.0125583
          15     1.76314       1.766   0.0116929
          16     1.75441     1.76528   0.0109617
          17     1.81286     1.76808   0.0106704
          18     1.73033     1.76598   0.0102763
          19     1.76774     1.76607  0.00972085
          20     1.74667      1.7651  0.00927288
           1     1.81004     1.81004           0
           2     1.75558     1.78281   0.0272289
           3     1.80386     1.78982   0.0172163
           4     1.74798     1.77936   0.0160519
           5      1.7295     1.76939   0.0159387
           6     1.84649     1.78224   0.0182883
           7      1.8071     1.78579   0.0158594
           8      1.9076     1.80102   0.0205058
           9     1.70678     1.79055   0.0208972
          10     1.78136     1.78963   0.0187136
          11     1.79198     1.78984   0.0169284
          12     1.81981     1.79234    0.015654
          13     1.74983     1.78907   0.0147661
          14      1.8367     1.79247   0.0140877
          15     1.76992     1.79097   0.0132009
          16     1.75685     1.78884   0.0125311
          17      1.8659     1.79337   0.0126137
          18     1.76232     1.79164   0.0120168
          19     1.77333     1.79068   0.0114075
          20     1.79011     1.79065   0.0108222
           1     1.68816     1.68816           0
           2     1.67699     1.68258  0.00558495
           3     1.69709     1.68742  0.00581303
           4     1.64689     1.67728   0.0109338
           5     1.66322     1.67447  0.00892408
           6     1.73321     1.68426   0.0122033
           7     1.70558     1.68731    0.010754
           8     1.76753     1.69733   0.0136857
           9     1.58349     1.68468   0.0174837
          10      1.6829     1.68451   0.0156389
          11     1.66404     1.68265   0.0142678
          12     1.70112     1.68418   0.0131153
          13     1.66212     1.68249   0.0121831
          14     1.71147     1.68456   0.0114678
          15     1.70522     1.68594   0.0107644
          16     1.66522     1.68464   0.0101521
          17     1.74643     1.68828   0.0102054
          18      1.6492      1.6861  0.00986368
          19     1.70443     1.68707  0.00937985
          20     1.68344     1.68689  0.00890036
           1     1.72076     1.72076           0
           2     1.68974     1.70525   0.0155108
           3     1.72924     1.71324   0.0120057
           4     1.67619     1.70398   0.0125643
           5     1.66995     1.69717   0.0118755
           6     1.74913     1.70583   0.0130001
           7     1.70192     1.70528   0.0110013
           8     1.82161     1.71982   0.0173853
           9     1.61998     1.70872   0.0189248
          10     1.72491     1.71034   0.0170041
          11      1.6822     1.70778    0.015592
          12     1.73422     1.70999    0.014403
          13     1.68609     1.70815   0.0133757
          14     1.73005     1.70971   0.0124819
          15     1.71102      1.7098   0.0116204
          16     1.68156     1.70804   0.0110122
          17     1.78564      1.7126   0.0113067
          18     1.67008     1.71024   0.0109187
          19      1.7001     1.70971   0.0103418
          20     1.70891     1.70967  0.00981121
           1     1.63576     1.63576           0
           2     1.60704      1.6214   0.0143619
           3     1.62449     1.62243  0.00835537
           4     1.57963     1.61173    0.012222
           5     1.59592     1.60857  0.00998106
           6     1.65057     1.61557   0.0107438
           7     1.62601     1.61706   0.0092019
           8     1.69841     1.62723   0.0129188
           9     1.54935     1.61858    0.014307
          10     1.61522     1.61824   0.0128009
          11     1.59325     1.61597   0.0117996
          12     1.63035     1.61717    0.010838
          13      1.5821     1.61447   0.0103279
          14     1.63675     1.61606  0.00969334
          15     1.64224     1.61781  0.00919118
          16     1.60522     1.61702  0.00863346
          17     1.66096      1.6196  0.00851171
          18     1.58683     1.61778  0.00822894
          19     1.61045      1.6174  0.00779336
          20     1.61262     1.61716  0.00739729
           1     1.65116     1.65116           0
           2     1.59884       1.625   0.0261625
           3     1.65338     1.63446    0.017823
           4     1.59024     1.62341   0.0167652
           5     1.59969     1.61866   0.0138252
           6     1.64567     1.62316   0.0121525
           7     1.65024     1.62703    0.010975
           8     1.74746     1.64209   0.0178028
           9     1.57359     1.63447   0.0174481
          10     1.63981     1.63501   0.0156152
          11     1.60634      1.6324   0.0143629
          12     1.66049     1.63474   0.0133188
          13     1.59167     1.63143   0.0126916
          14     1.65837     1.63335   0.0119067
          15     1.65114     1.63454   0.0111478
          16     1.61977     1.63362   0.0104685
          17     1.68636     1.63672   0.0103113
          18     1.59326      1.6343    0.010017
          19      1.6304      1.6341  0.00947735
          20     1.64331     1.63456  0.00900278
           1      1.5832      1.5832           0
           2     1.52225     1.55273   0.0304735
           3     1.54741     1.55095   0.0176831
           4      1.5018     1.53867   0.0175307
           5     1.54417     1.53977   0.0136238
           6     1.58817     1.54784   0.0137414
           7     1.55969     1.54953   0.0117365
           8     1.65638     1.56289   0.0167841
           9     1.48122     1.55381   0.0173622
          10      1.5682     1.55525   0.0155957
          11     1.55148     1.55491    0.014111
          12     1.58887     1.55774   0.0131888
          13     1.52532     1.55524   0.0123855
          14     1.55496     1.55522   0.0114667
          15     1.56446     1.55584   0.0106927
          16     1.53517     1.55455   0.0100852
          17     1.56803     1.55534  0.00950654
          18     1.52368     1.55358  0.00913385
          19     1.54022     1.55288  0.00866835
          20     1.55381     1.55293  0.00822365
           1     1.59081     1.59081           0
           2     1.54204     1.56642   0.0243843
           3     1.58687     1.57324   0.0156421
           4     1.52408     1.56095   0.0165349
           5     1.52599     1.55396   0.0145919
           6     1.57967     1.55824   0.0126617
           7     1.59641      1.5637   0.0120099
           8     1.68597     1.57898   0.0184871
           9     1.51428     1.57179   0.0178186
          10      1.5744     1.57205   0.0159396
          11     1.56583     1.57149    0.014429
          12     1.59054     1.57307   0.0132672
          13     1.52277     1.56921   0.0128027
          14     1.57772     1.56981   0.0118686
          15     1.56519     1.56951   0.0110534
          16     1.54518     1.56799   0.0104506
          17     1.60958     1.57043   0.0101171
          18     1.54778     1.56917  0.00962108
          19     1.53544      1.5674  0.00927226
          20     1.58975     1.56852  0.00886717
           1     1.52528     1.52528           0
           2     1.44235     1.48381   0.0414623
           3     1.48489     1.48417    0.023941
           4     1.44632     1.47471   0.0193943
           5      1.4732     1.47441   0.0150258
           6     1.52358      1.4826   0.0147542
           7     1.50369     1.48562   0.0128282
           8      1.5879      1.4984   0.0169381
           9     1.41902     1.48958   0.0173478
          10      1.4942     1.49004   0.0155232
          11     1.49562     1.49055   0.0140504
          12      1.5248      1.4934   0.0131399
          13     1.45573     1.49051   0.0124295
          14     1.47299     1.48925   0.0115753
          15     1.51126     1.49072   0.0108754
          16     1.45405     1.48843    0.010428
          17     1.50386     1.48934  0.00983736
          18     1.48116     1.48888  0.00928586
          19     1.46703     1.48773  0.00885854
          20     1.49939     1.48832  0.00842414
           1     1.53032     1.53032           0
           2     1.46125     1.49579   0.0345356
           3     1.51302     1.50153   0.0207505
           4     1.44506     1.48741   0.0203614
           5       1.464     1.48273   0.0164526
           6     1.53454     1.49137   0.0159697
           7     1.53057     1.49697   0.0146128
           8     1.63729     1.51451   0.0216292
           9     1.46424     1.50892   0.0198761
          10     1.50486     1.50852   0.0177824
          11      1.5234     1.50987   0.0161416
          12     1.54722     1.51298   0.0150605
          13     1.46431     1.50924   0.0143506
          14     1.49716     1.50837   0.0133141
          15     1.50745     1.50831   0.0123949
          16     1.46571     1.50565   0.0118961
          17     1.52003      1.5065   0.0112065
          18     1.47281     1.50462   0.0107301
          19     1.46418      1.5025   0.0103704
          20      1.5401     1.50438   0.0100163
           1     1.46569     1.46569           0
           2     1.39126     1.42847   0.0372157
           3      1.4433     1.43342   0.0220476
           4     1.38395     1.42105   0.0198996
           5      1.4261     1.42206   0.0154472
           6     1.47006     1.43006   0.0149358
           7     1.42903     1.42991   0.0126239
           8     1.52476     1.44177   0.0161278
           9     1.37183       1.434   0.0162079
          10     1.43438     1.43403   0.0144968
          11     1.43028     1.43369   0.0131173
          12     1.45225     1.43524   0.0120738
          13      1.3965     1.43226   0.0114992
          14     1.41501     1.43103   0.0107173
          15     1.44623     1.43204   0.0100286
          16     1.39288     1.42959  0.00969499
          17     1.44751     1.43065  0.00916764
          18     1.41588     1.42983  0.00868217
          19     1.41008     1.42879  0.00827801
          20     1.42148     1.42842  0.00786171
           1     1.48214     1.48214           0
           2       1.407     1.44457   0.0375665
           3     1.45669     1.44861    0.022062
           4     1.40337      1.4373   0.0192694
           5      1.4205     1.43394   0.0152995
           6     1.47956     1.44154   0.0146243
           7     1.44246     1.44167   0.0123605
           8     1.56861     1.45754   0.0191404
           9     1.39758     1.45088   0.0181476
          10     1.44193     1.44998   0.0162564
          11     1.46322     1.45119   0.0147536
          12     1.47123     1.45286   0.0135714
          13     1.39442     1.44836   0.0132684
          14     1.42988     1.44704   0.0123549
          15     1.45024     1.44726   0.0115038
          16     1.40478      1.4446   0.0110834
          17     1.46187     1.44562   0.0104605
          18     1.41777     1.44407  0.00998287
          19      1.4094     1.44225  0.00961755
          20     1.46449     1.44336  0.00919155
           1     1.39768     1.39768           0
           2     1.34965     1.37367    0.024018
           3     1.39278     1.38004    0.015261
           4     1.33882     1.36973    0.014921
           5     1.37676     1.37114   0.0116429
           6     1.41953      1.3792   0.0124669
           7     1.35359     1.37555   0.0111537
           8     1.44422     1.38413   0.0129226
           9     1.32408     1.37746   0.0132061
          10     1.37278     1.37699   0.0118212
          11     1.39322     1.37847    0.010794
          12     1.38911     1.37935  0.00989338
          13      1.3413     1.37643  0.00955966
          14     1.36441     1.37557  0.00889203
          15      1.3889     1.37646  0.00832563
          16     1.33717       1.374  0.00816587
          17      1.3951     1.37524  0.00777025
          18     1.36672     1.37477  0.00734116
          19     1.35844     1.37391  0.00699702
          20     1.35937     1.37318  0.00667766
           1     1.40617     1.40617           0
           2     1.36428     1.38522    0.020946
           3     1.40912     1.39319   0.0144818
           4     1.34142     1.38025   0.0165035
           5     1.35862     1.37592   0.0134952
           6      1.4032     1.38047   0.0119196
           7     1.38051     1.38047   0.0100739
           8     1.48814     1.39393   0.0160391
           9      1.3645     1.39066   0.0145183
          10     1.37534     1.38913   0.0130757
          11     1.41344     1.39134   0.0120322
          12     1.39553     1.39169   0.0109893
          13     1.33028     1.38696   0.0111581
          14      1.3767     1.38623   0.0103563
          15     1.39173      1.3866  0.00964819
          16     1.36895     1.38549  0.00909222
          17     1.41744     1.38737  0.00874499
          18     1.36998     1.38641  0.00830129
          19     1.34662     1.38431  0.00812662
          20       1.409     1.38555   0.0078078
