           1     -0.4392     -0.4392           0
           2    0.177684   -0.130758    0.308442
           3   -0.305108   -0.188875    0.187322
           4    0.136492   -0.107533    0.155439
           5   -0.475432   -0.181113    0.141106
           6   -0.235552   -0.190186    0.115569
           7   -0.061116   -0.171747   0.0993987
           8    0.258192   -0.118005    0.101481
           9    -0.12202   -0.118451   0.0894987
          10   -0.206184   -0.127224   0.0805294
          11   -0.514008   -0.162387   0.0808843
          12   -0.405512   -0.182647   0.0765662
          13     0.53822   -0.127196   0.0896399
          14   -0.041048   -0.121042   0.0832183
          15    0.044608   -0.109999   0.0782551
          16    0.413996  -0.0772493    0.080193
          17     0.68846  -0.0322075   0.0877673
          18    0.594264  0.00259644   0.0897692
          19    0.627584   0.0354905   0.0910619
          20   -0.309216   0.0182552   0.0880914
           1    0.778636    0.778636           0
           2    0.940184     0.85941    0.080774
           3    0.957372    0.892064   0.0569306
           4    0.855756    0.882987   0.0412667
           5    0.611708    0.828731   0.0629719
           6    0.914828    0.843081   0.0533811
           7    0.964412    0.860414   0.0483304
           8    0.898768    0.865208    0.042129
           9     0.84802    0.863298   0.0372033
          10     0.12908    0.789876   0.0806104
          11    0.903332    0.800191   0.0736407
          12    0.968416    0.814209   0.0686706
          13    0.956172     0.82513   0.0641048
          14    0.899052     0.83041   0.0595839
          15    0.970056    0.839719   0.0562454
          16    0.948812    0.846538   0.0530527
          17    0.953552    0.852833   0.0502304
          18    0.755696    0.847436   0.0476641
          19    0.868772    0.848559   0.0450997
          20    0.927072    0.852485   0.0429651
           1   -0.497828   -0.497828           0
           2    0.105672   -0.196078     0.30175
           3   -0.073892   -0.155349    0.178913
           4     0.06936   -0.099172    0.138423
           5   -0.394244   -0.158186    0.122389
           6   -0.217316   -0.168041    0.100415
           7   -0.084708   -0.156137   0.0856974
           8   -0.200532   -0.161686   0.0744233
           9    0.143292     -0.1278   0.0738666
          10    -0.46132   -0.161152   0.0740093
          11   -0.429484   -0.185545   0.0712499
          12    0.358668   -0.140194   0.0792917
          13   -0.132568   -0.139608   0.0729402
          14    -0.37216   -0.156219   0.0695424
          15    0.050004    -0.14247   0.0661841
          16    0.444288   -0.105798    0.071956
          17    0.618084  -0.0632167   0.0798855
          18     0.14018  -0.0519169   0.0761597
          19    0.568944    -0.01924   0.0791045
          20   -0.368384  -0.0366972   0.0770488
           1      0.6541      0.6541           0
           2    0.874084    0.764092    0.109992
           3    0.934912    0.821032   0.0852931
           4    0.868196    0.832823   0.0614531
           5     0.71024    0.808306   0.0535439
           6    0.850568     0.81535   0.0442822
           7    0.896752    0.826979   0.0391904
           8    0.596308    0.798145   0.0445343
           9    0.728672    0.790426   0.0400269
          10    0.497772     0.76116   0.0462405
          11    0.697576     0.75538   0.0422237
          12     0.89792    0.767258   0.0403335
          13     0.85884    0.774303   0.0377644
          14    0.812968    0.777065   0.0350719
          15    0.916656    0.786371   0.0339505
          16    0.721076     0.78229   0.0320189
          17    0.884316    0.788292   0.0306695
          18    0.792052      0.7885   0.0289162
          19    0.835684    0.790984   0.0274645
          20    0.892696    0.796069   0.0265468
           1   -0.093628   -0.093628           0
           2    0.128728     0.01755    0.111178
           3    0.274308    0.103136    0.106982
           4     0.21108    0.130122    0.080317
           5   -0.094172   0.0852632   0.0766994
           6    0.223364     0.10828   0.0667206
           7    -0.02794     0.08882   0.0596526
           8   -0.144268    0.059684   0.0593105
           9   -0.020996   0.0507196   0.0530695
          10   -0.425004   0.0031472   0.0672029
          11   -0.061816 -0.00275855   0.0610735
          12     0.05546    0.002093   0.0559629
          13   -0.019356 0.000443077   0.0515048
          14   -0.289292  -0.0202523   0.0519816
          15    0.190256  -0.0062184   0.0503861
          16    0.075184 -0.00113075   0.0474056
          17    0.473812   0.0268071   0.0525683
          18     0.19532   0.0361689   0.0504383
          19    0.259508   0.0479236   0.0491366
          20   -0.122308    0.039412   0.0473858
           1    0.618892    0.618892           0
           2    0.556636    0.587764    0.031128
           3     0.82774    0.667756    0.081986
           4     0.74638    0.687412   0.0612145
           5    0.680792    0.686088    0.047435
           6    0.801276    0.705286   0.0432275
           7     0.75974    0.713065   0.0373529
           8    0.562036    0.694186   0.0374544
           9    0.655412    0.689878   0.0333115
          10    0.390836    0.659974   0.0422136
          11    0.543948    0.649426   0.0396137
          12     0.83696    0.665054   0.0393946
          13    0.788496     0.67455   0.0374612
          14    0.753716    0.680204   0.0351403
          15     0.84236    0.691015   0.0344537
          16    0.747108    0.694521   0.0324186
          17    0.850688    0.703707   0.0318074
          18    0.683776      0.7026   0.0300088
          19    0.731832    0.704138   0.0284271
          20    0.861852    0.712024   0.0280976
           1    0.062084    0.062084           0
           2    0.186196     0.12414    0.062056
           3    0.235404    0.161228   0.0515671
           4    0.078272    0.140489   0.0419487
           5    0.025988    0.117589   0.0397522
           6    0.049928    0.106312   0.0343607
           7    0.087408    0.103611   0.0291654
           8   -0.117476   0.0759755   0.0374394
           9   -0.028584   0.0643578   0.0350027
          10   -0.251116   0.0328104   0.0444453
          11   -0.123756   0.0185771   0.0426476
          12    0.178216   0.0318803   0.0411419
          13   -0.253104  0.00995846   0.0437357
          14   -0.313488  -0.0131449   0.0466189
          15    0.030536  -0.0102328   0.0434974
          16   -0.024584  -0.0111298    0.040698
          17    0.245776  0.00398235   0.0411076
          18    0.036364  0.00578133   0.0387984
          19    0.109924   0.0112625   0.0371067
          20   -0.300968   -0.004349   0.0385089
           1    0.594616    0.594616           0
           2    0.471276    0.532946     0.06167
           3    0.781804    0.615899   0.0902711
           4    0.477656    0.581338    0.072587
           5    0.753408    0.615752   0.0659215
           6    0.609656    0.614736   0.0538343
           7      0.6861    0.624931   0.0466265
           8    0.585616    0.620016   0.0406777
           9    0.625272      0.6206   0.0358791
          10    0.382292     0.59677   0.0399719
          11    0.516972    0.589515   0.0368766
          12    0.788636    0.606109    0.037531
          13    0.556108    0.602262   0.0347371
          14    0.601868    0.602234   0.0321603
          15    0.647808    0.605273   0.0300934
          16    0.555596    0.602168   0.0283205
          17    0.680452    0.606773   0.0269981
          18    0.602792    0.606552    0.025455
          19    0.494792    0.600669   0.0247861
          20    0.726912    0.606982   0.0243466
           1       0.148       0.148           0
           2    0.075556    0.111778    0.036222
           3    0.221504    0.148353   0.0421319
           4     0.11876    0.140955   0.0306967
           5    0.080904    0.128945   0.0266386
           6     -0.0915    0.092204   0.0426962
           7   -0.170104   0.0547314   0.0520222
           8    0.176452   0.0699465   0.0475524
           9    0.052396   0.0679964   0.0419826
          10   -0.352468     0.02595   0.0563732
          11   -0.023436   0.0214604   0.0511887
          12   -0.022592   0.0177893   0.0468727
          13    -0.16556  0.00368554   0.0453647
          14    -0.17904 -0.00936629   0.0439808
          15    0.054736  -0.0050928   0.0411663
          16   -0.095172  -0.0107228    0.038917
          17    0.027672 -0.00846424   0.0366258
          18    0.066652 -0.00429111   0.0347824
          19    0.240108    0.008572    0.035326
          20    0.055268   0.0109068   0.0335944
           1    0.436016    0.436016           0
           2    0.521152    0.478584    0.042568
           3    0.738716    0.565295   0.0901263
           4    0.466456    0.540585   0.0683516
           5    0.607952    0.554058   0.0546324
           6    0.545568    0.552643   0.0446296
           7    0.613744    0.561372   0.0387157
           8    0.615516     0.56814    0.034205
           9    0.491296    0.559602   0.0313511
          10      0.3122    0.534862    0.037395
          11    0.504916    0.532139   0.0339344
          12    0.654272    0.542317   0.0326069
          13    0.508732    0.539734    0.030105
          14    0.483876    0.535744    0.028156
          15    0.541164    0.536105   0.0262143
          16    0.459008    0.531286   0.0249901
          17    0.509428    0.530001   0.0235093
          18    0.507736    0.528764   0.0221993
          19    0.563112    0.530572   0.0210761
          20    0.682872    0.538187   0.0213956
           1    0.065164    0.065164           0
           2     0.09876    0.081962    0.016798
           3    0.131432    0.098452   0.0191305
           4    0.015628    0.077746   0.0247331
           5    0.029296    0.068056   0.0214693
           6   -0.015672   0.0541013   0.0224058
           7     -0.0956   0.0327154   0.0285647
           8    0.141096    0.046263   0.0282045
           9     0.02002   0.0433471   0.0250444
          10   -0.286208   0.0103916   0.0398477
          11      0.0851   0.0171833   0.0366779
          12    0.052736    0.020146    0.033613
          13   -0.168952      0.0056   0.0341702
          14    -0.17312 -0.00716571    0.034114
          15    -0.00054   -0.006724   0.0317615
          16   -0.114984  -0.0134903   0.0304709
          17    0.026288  -0.0111504   0.0287179
          18    0.064348   -0.006956   0.0273984
          19    0.015948 -0.00575053   0.0259444
          20    -0.06486   -0.008706   0.0247898
           1    0.338604    0.338604           0
           2    0.359364    0.348984     0.01038
           3     0.64518    0.447716   0.0989137
           4    0.390152    0.433325   0.0714077
           5     0.51428    0.449516   0.0576332
           6    0.454492    0.450345   0.0470646
           7     0.46834    0.452916   0.0398598
           8    0.519664    0.461259   0.0355137
           9    0.355724    0.449533   0.0334433
          10    0.276244    0.432204   0.0345695
          11    0.466876    0.435356   0.0314278
          12     0.59758    0.448875    0.031715
          13    0.410892    0.445953   0.0293195
          14    0.296156    0.435253   0.0291773
          15    0.486324    0.438658   0.0273751
          16     0.38758    0.435466   0.0258053
          17    0.478764    0.438013   0.0243733
          18    0.410852    0.436504   0.0230289
          19    0.469876     0.43826   0.0218538
          20    0.544292    0.443562   0.0213995
           1   -0.023024   -0.023024           0
           2   -0.061684   -0.042354     0.01933
           3    0.092732  0.00267467   0.0463911
           4    0.108728    0.029188   0.0421785
           5   -0.078592    0.007632   0.0391417
           6   -0.006936    0.005204   0.0320512
           7   -0.196224  -0.0235714   0.0395196
           8     0.06156    -0.01293   0.0358411
           9    -0.00636     -0.0122   0.0316173
          10   -0.227956  -0.0337756   0.0355701
          11     0.08484  -0.0229924   0.0339333
          12    0.034348   -0.018214   0.0313431
          13   -0.103372  -0.0247646   0.0295662
          14   -0.088156  -0.0292926    0.027745
          15    0.100028  -0.0206712     0.02723
          16   -0.049572  -0.0224775   0.0255353
          17    0.017456  -0.0201285    0.024101
          18   -0.081944  -0.0235627   0.0229807
          19      0.0303  -0.0207278   0.0219216
          20   -0.044924  -0.0219376   0.0208319
           1    0.338296    0.338296           0
           2     0.33636    0.337328    0.000968
           3     0.57028    0.414979   0.0776527
           4     0.40202    0.411739   0.0550042
           5    0.368612    0.403114   0.0434704
           6    0.415416    0.405164   0.0355526
           7    0.322664    0.393378   0.0322762
           8    0.430952    0.398075   0.0283438
           9    0.314168    0.388752   0.0266789
          10     0.24208    0.374085   0.0280096
          11      0.3854    0.375113   0.0253565
          12    0.412064    0.378193   0.0233511
          13    0.354316    0.376356   0.0215583
          14    0.311644    0.371734   0.0204874
          15    0.431428    0.375713   0.0194834
          16    0.301624    0.371083   0.0188042
          17    0.433512    0.374755   0.0180411
          18    0.359692    0.373918   0.0170299
          19    0.379216    0.374197   0.0161111
          20     0.42916    0.376945   0.0155294
           1    0.043984    0.043984           0
           2    0.045544    0.044764     0.00078
           3    0.077744   0.0557573   0.0110026
           4     0.07024    0.059378  0.00858122
           5     -0.0529   0.0369224   0.0234187
           6   -0.038408   0.0243673   0.0228747
           7   -0.090296  0.00798686   0.0253392
           8    0.029232   0.0106425   0.0221045
           9     0.01414   0.0110311   0.0194982
          10   -0.171808  -0.0072528   0.0252675
          11    0.033576 -0.00354109   0.0231547
          12    0.081288    0.003528    0.022288
          13   -0.120056 -0.00597846   0.0225988
          14   -0.080788   -0.011322    0.021594
          15    0.021732  -0.0091184   0.0202233
          16   -0.075376  -0.0132595   0.0193651
          17   -0.013216  -0.0132569   0.0181904
          18    0.009012  -0.0120198   0.0171946
          19    0.127852 -0.00465811   0.0178529
          20   -0.023332  -0.0055918   0.0169625
           1    0.317248    0.317248           0
           2    0.313188    0.315218     0.00203
           3    0.450064    0.360167   0.0449639
           4    0.343808    0.356077   0.0320563
           5    0.323092     0.34948   0.0256921
           6    0.358152    0.350925   0.0210272
           7    0.277432    0.340426   0.0206409
           8    0.311476    0.336807   0.0182382
           9    0.310896    0.333928   0.0163402
          10    0.205688    0.321104   0.0194437
          11    0.334324    0.322306   0.0176285
          12    0.345776    0.324262    0.016211
          13    0.325656    0.324369   0.0149123
          14    0.289676    0.321891   0.0140267
          15    0.354056    0.324035   0.0132331
          16    0.302968    0.322719   0.0124482
          17     0.30776    0.321839   0.0117262
          18    0.363452    0.324151   0.0112947
          19    0.367396    0.326427   0.0109234
          20     0.33738    0.326974   0.0103773
           1    0.037804    0.037804           0
           2    0.011008    0.024406    0.013398
           3    0.055556   0.0347893   0.0129479
           4    0.040832      0.0363  0.00927937
           5   -0.016912   0.0256576   0.0128423
           6   -0.061984   0.0110507   0.0179809
           7   -0.038356  0.00399257   0.0167557
           8   -0.020016   0.0009915    0.014818
           9    0.003968  0.00132222   0.0130724
          10   -0.163076  -0.0151176   0.0201737
          11    -0.02662  -0.0161633   0.0182777
          12      0.1397 -0.00317467   0.0211447
          13    -0.09914  -0.0105566   0.0208041
          14    -0.05534  -0.0137554   0.0195246
          15     0.00544  -0.0124757   0.0182214
          16      0.0119  -0.0109522   0.0171125
          17   -0.018388  -0.0113896   0.0160804
          18     0.01154  -0.0101158   0.0152142
          19    0.038304 -0.00756737    0.014615
          20    0.040928  -0.0051426   0.0140755
           1    0.298636    0.298636           0
           2     0.25714    0.277888    0.020748
           3    0.349128    0.301635   0.0265969
           4     0.29952    0.301106   0.0188143
           5    0.273908    0.295666   0.0155556
           6    0.306048    0.297397   0.0128184
           7    0.272964    0.293906   0.0113819
           8    0.256524    0.289234   0.0109085
           9    0.256116    0.285554   0.0103001
          10     0.19476    0.276474   0.0129348
          11    0.255864    0.274601   0.0118491
          12    0.323068     0.27864   0.0115461
          13    0.278676    0.278642   0.0106209
          14    0.221976    0.274595   0.0106335
          15    0.299132    0.276231   0.0100335
          16    0.267796    0.275703  0.00940028
          17    0.262516    0.274928  0.00886404
          18     0.32164    0.277523  0.00875076
          19    0.294216    0.278401  0.00832388
          20    0.319896    0.280476  0.00816473
           1    0.047984    0.047984           0
           2    -0.01604    0.015972    0.032012
           3    -0.00136   0.0101947   0.0193641
           4     0.01138    0.010491   0.0136957
           5   -0.045556  -0.0007184   0.0154335
           6    -0.03624 -0.00663867   0.0139228
           7    -0.02188   -0.008816   0.0119667
           8    0.011152    -0.00632   0.0106598
           9    0.011372 -0.00435422  0.00960438
          10   -0.144088  -0.0183276   0.0164028
          11     0.00526  -0.0161833    0.014991
          12    0.086056 -0.00766333   0.0161203
          13    -0.08018  -0.0132415    0.015843
          14   -0.038684  -0.0150589     0.01478
          15    -0.00912  -0.0146629   0.0137651
          16   -0.016768  -0.0147945   0.0128767
          17     0.02456  -0.0124795   0.0123151
          18   -0.032452  -0.0135891   0.0116637
          19    0.004404  -0.0126421   0.0110733
          20    0.022484  -0.0108858   0.0106509
           1    0.283656    0.283656           0
           2    0.211416    0.247536     0.03612
           3    0.250868    0.248647   0.0208834
           4      0.2247     0.24266   0.0159342
           5      0.2149    0.237108   0.0135338
           6    0.241988    0.237921   0.0110802
           7     0.25716     0.24067  0.00975947
           8      0.2433    0.240999  0.00845834
           9    0.224296    0.239143  0.00768694
          10    0.162768    0.231505   0.0102763
          11    0.219216    0.230388  0.00936215
          12    0.310404    0.237056   0.0108399
          13    0.262724     0.23903   0.0101649
          14     0.21032     0.23698   0.0096317
          15    0.223004    0.236048   0.0090149
          16     0.21128      0.2345  0.00857358
          17    0.243404    0.235024  0.00807049
          18    0.250736    0.235897  0.00765883
          19      0.2197    0.235044  0.00729451
          20    0.274884    0.237036  0.00720118
           1    0.049908    0.049908           0
           2     0.03992    0.044914    0.004994
           3     0.00868    0.032836   0.0124174
           4   -0.000388     0.02453   0.0120866
           5    -0.05154    0.009316   0.0178638
           6   -0.026468    0.003352    0.015758
           7   -0.040056 -0.00284914   0.0146909
           8     0.00278  -0.0021455   0.0127421
           9     0.01298-0.000464889   0.0113625
          10    -0.10354  -0.0107724   0.0144751
          11    0.000828 -0.00971782   0.0131356
          12    0.041684 -0.00543433   0.0127333
          13    -0.04022 -0.00811015   0.0120146
          14    0.017732 -0.00626429   0.0112755
          15     0.01392 -0.00491867   0.0105828
          16   -0.029684  -0.0064665   0.0100196
          17    0.008552 -0.00558306  0.00945316
          18   -0.023616 -0.00658489  0.00896865
          19    0.011212 -0.00564821  0.00853505
          20    0.093412  -0.0006952  0.00949182
           1    0.234872    0.234872           0
           2    0.202896    0.218884    0.015988
           3    0.240464    0.226077   0.0117025
           4    0.192556    0.217697   0.0117773
           5    0.189636    0.212085   0.0107107
           6     0.18508    0.207584  0.00983549
           7     0.17926    0.203538  0.00924501
           8    0.200596     0.20317  0.00801485
           9    0.188544    0.201545  0.00725285
          10    0.149436    0.196334  0.00832084
          11    0.202612    0.196905  0.00754809
          12    0.246424    0.201031  0.00803162
          13    0.213512    0.201991  0.00745013
          14    0.196444    0.201595  0.00690886
          15    0.211152    0.202232  0.00646327
          16    0.169584    0.200192   0.0063809
          17     0.22212    0.201482  0.00613104
          18    0.213776    0.202165  0.00582061
          19    0.210024    0.202578  0.00552126
          20    0.273576    0.206128  0.00632753
           1    0.014944    0.014944           0
           2    0.011424    0.013184     0.00176
           3     0.01144   0.0126027  0.00117068
           4    -0.01782    0.004997  0.00765058
           5   -0.061312  -0.0082648   0.0145256
           6   -0.032292  -0.0122693    0.012518
           7   -0.030408  -0.0148606   0.0108923
           8    0.016528   -0.010937   0.0102165
           9    0.018564 -0.00765911  0.00958781
          10   -0.076948   -0.014588    0.011025
          11    0.011164  -0.0122469   0.0102436
          12    0.018752 -0.00966367  0.00970132
          13   -0.010708   -0.009744  0.00892428
          14   -0.013856  -0.0100377   0.0082675
          15      0.0092  -0.0087552  0.00780274
          16   -0.025348 -0.00979225   0.0073721
          17   -0.000592 -0.00925106    0.006946
          18   -0.026892  -0.0102311  0.00662168
          19    0.007532 -0.00929621  0.00633287
          20    0.040908   -0.006786  0.00651121
           1    0.172056    0.172056           0
           2    0.174648    0.173352    0.001296
           3    0.222376    0.189693   0.0163585
           4    0.177448    0.186632   0.0119654
           5    0.159304    0.181166   0.0107599
           6    0.166392    0.178704  0.00912399
           7    0.189228    0.180207  0.00785637
           8    0.208244    0.183712  0.00765336
           9    0.180056    0.183306  0.00676184
          10    0.151212    0.180096  0.00684676
          11    0.173036    0.179455   0.0062263
          12    0.207916    0.181826  0.00615882
          13     0.18512     0.18208  0.00567095
          14    0.168988    0.181145  0.00533291
          15    0.187092    0.181541  0.00498047
          16    0.153008    0.179758  0.00498846
          17    0.179616    0.179749  0.00468585
          18     0.20244     0.18101  0.00459419
          19    0.154272    0.179603  0.00456784
          20    0.198996    0.180572   0.0044406
           1     0.01164     0.01164           0
           2   -0.012084   -0.000222    0.011862
           3    0.014916    0.004824  0.00850673
           4    -0.00284    0.002908  0.00631295
           5   -0.050184  -0.0077104   0.0116903
           6    -0.04192   -0.013412   0.0111183
           7    -0.03318   -0.016236  0.00981185
           8    0.024932    -0.01109  0.00993407
           9    0.004432 -0.00936533  0.00892917
          10   -0.041544  -0.0125832  0.00861038
          11    0.001228  -0.0113276  0.00788894
          12      0.0187 -0.00882533  0.00762393
          13   -0.032076  -0.0106138  0.00723746
          14   -0.026936  -0.0117797  0.00680126
          15    0.017916     -0.0098  0.00663391
          16   -0.035672   -0.011417  0.00641267
          17   -0.011492  -0.0114214  0.00602366
          18   -0.019628  -0.0118773  0.00569743
          19   -0.005712  -0.0115528  0.00539899
          20    0.030708  -0.0094398  0.00554068
           1    0.169736    0.169736           0
           2    0.136964     0.15335    0.016386
           3    0.203816    0.170172   0.0192997
           4    0.161692    0.168052   0.0138107
           5    0.119148    0.158271    0.014495
           6    0.144656    0.156002   0.0120507
           7    0.160076    0.156584   0.0102013
           8    0.180292    0.159548  0.00931839
           9    0.159192    0.159508  0.00821814
          10    0.159564    0.159514  0.00735053
          11    0.155424    0.159142  0.00665919
          12    0.184712    0.161273  0.00644162
          13    0.134996    0.159251   0.0062607
          14    0.134952    0.157516  0.00605057
          15    0.181532    0.159117  0.00585591
          16    0.127068    0.157114  0.00583244
          17    0.151588    0.156789  0.00548826
          18     0.17506    0.157804  0.00527301
          19     0.13932    0.156831  0.00508175
          20    0.169988    0.157489  0.00486565
           1    0.002316    0.002316           0
           2    0.003548    0.002932    0.000616
           3    0.017304  0.00772267  0.00480385
           4   -0.010704    0.003116  0.00572362
           5   -0.055784   -0.008664   0.0125867
           6   -0.052444  -0.0159607   0.0126039
           7   -0.017864  -0.0162326   0.0106557
           8    0.000172   -0.014182  0.00945318
           9    -0.01636   -0.014424  0.00834043
          10   -0.018372  -0.0148188  0.00747035
          11    0.001612  -0.0133251  0.00692031
          12    0.024848   -0.010144  0.00707307
          13   -0.045336  -0.0128511  0.00704698
          14   -0.008364  -0.0125306   0.0065321
          15    0.012852  -0.0108384   0.0063121
          16   -0.023812  -0.0116492  0.00595985
          17   -0.013528  -0.0117598  0.00559939
          18   -0.022272  -0.0123438  0.00531136
          19   -0.003308  -0.0118682  0.00504651
          20    0.021584  -0.0101956   0.0050713
           1    0.140772    0.140772           0
           2      0.1327    0.136736    0.004036
           3    0.179412    0.150961   0.0144149
           4    0.138596     0.14787   0.0106514
           5    0.108192    0.139934   0.0114475
           6     0.11586    0.135922   0.0101716
           7     0.14686    0.137485  0.00873747
           8    0.160188    0.140323  0.00808154
           9     0.13698    0.139951  0.00713692
          10    0.148924    0.140848  0.00644621
          11    0.136592    0.140461  0.00584364
          12    0.178828    0.143659  0.00621924
          13    0.091988    0.139684  0.00696608
          14    0.135448    0.139381  0.00645643
          15    0.154232    0.140371   0.0060916
          16     0.11584    0.138838  0.00590084
          17    0.134964     0.13861  0.00554756
          18    0.136884    0.138514  0.00523117
          19    0.132728     0.13821  0.00495755
          20     0.15184    0.138891  0.00475227
           1    0.018352    0.018352           0
           2    -0.00976    0.004296    0.014056
           3   -0.000708    0.002628  0.00828488
           4   -0.004124     0.00094  0.00609664
           5   -0.021192  -0.0034864  0.00647259
           6   -0.044424  -0.0103093   0.0086303
           7   -0.008212  -0.0100097  0.00730008
           8   -0.002604   -0.009084  0.00638947
           9    0.002452 -0.00780222  0.00577893
          10   -0.006644  -0.0076864  0.00517013
          11    0.012292 -0.00587018  0.00501685
          12     0.03562 -0.00241267  0.00573833
          13   -0.057648 -0.00666154  0.00677609
          14   -0.017608 -0.00744343  0.00632198
          15    0.017344 -0.00579093  0.00611303
          16    -0.02616   -0.007064  0.00585822
          17    0.000196 -0.00663694  0.00551939
          18     -0.0161 -0.00716267  0.00523022
          19    0.004412 -0.00655347  0.00498465
          20      0.0242  -0.0050158  0.00497258
           1    0.127816    0.127816           0
           2      0.1134    0.120608    0.007208
           3    0.141064    0.127427  0.00798828
           4    0.119144    0.125356  0.00601614
           5    0.101108    0.120506   0.0067257
           6    0.086688     0.11487  0.00786929
           7    0.127844    0.116723  0.00690419
           8    0.132308    0.118671  0.00628855
           9    0.145908    0.121698  0.00631793
          10    0.141604    0.123688  0.00599129
          11      0.1305    0.124308  0.00545459
          12    0.153864    0.126771  0.00555521
          13    0.084748    0.123538  0.00604663
          14    0.115936    0.122995  0.00562436
          15    0.143332    0.124351  0.00540868
          16    0.082588    0.121741  0.00569299
          17    0.127296    0.122068  0.00535761
          18    0.120908    0.122003  0.00505161
          19    0.145076    0.123217  0.00493024
          20    0.159776    0.125045  0.00502174
           1     0.02566     0.02566           0
           2   -0.024636    0.000512    0.025148
           3    0.001316     0.00078   0.0145217
           4    0.001464    0.000951   0.0102698
           5    -0.03256  -0.0057512    0.010402
           6   -0.053912   -0.013778    0.011686
           7   -0.011316  -0.0134263  0.00988276
           8   -0.003652  -0.0122045  0.00864549
           9     0.01498   -0.009184   0.0082011
          10   -0.000312  -0.0082968  0.00738874
          11     0.02128   -0.005608  0.00720396
          12    0.025232   -0.003038  0.00706063
          13   -0.039724    -0.00586  0.00708142
          14    0.006732 -0.00496057  0.00661753
          15    0.012396 -0.00380347  0.00626831
          16   -0.043448 -0.00628125  0.00636551
          17   -0.002924 -0.00608376  0.00598261
          18   -0.027776 -0.00728889  0.00576777
          19    0.009888 -0.00638484  0.00553016
          20    0.013148  -0.0054082   0.0053365
           1    0.112028    0.112028           0
           2    0.092912     0.10247    0.009558
           3    0.132152    0.112364   0.0113289
           4    0.107748     0.11121  0.00809341
           5    0.085796    0.106127  0.00807074
           6    0.064632   0.0992113  0.00955268
           7     0.12136    0.102375  0.00867137
           8    0.114764    0.103924  0.00766764
           9    0.130436     0.10687  0.00737599
          10    0.131236    0.109306  0.00703287
          11    0.131832    0.111354  0.00668294
          12     0.14552    0.114201  0.00673234
          13    0.081688      0.1117  0.00667881
          14    0.120936     0.11236  0.00621847
          15    0.135264    0.113887  0.00598707
          16    0.078456    0.111673   0.0060223
          17    0.121464    0.112248  0.00568621
          18    0.111236    0.112192   0.0053613
          19    0.138412    0.113572  0.00525569
          20    0.144444    0.115116  0.00521946
           1    0.015304    0.015304           0
           2   -0.024396   -0.004546     0.01985
           3    0.011716 0.000874667   0.0126777
           4    0.000304    0.000732  0.00896563
           5   -0.022732  -0.0039608  0.00838164
           6   -0.049172   -0.011496   0.0101791
           7   -0.005084    -0.01058  0.00865153
           8    0.000804   -0.009157  0.00762638
           9      0.0001 -0.00812844  0.00680403
          10   -0.000768  -0.0073924  0.00613005
          11    0.024308 -0.00451055  0.00624903
          12    0.017932 -0.00264033   0.0060033
          13   -0.028288 -0.00461323  0.00586408
          14    0.004036 -0.00399543  0.00546412
          15     0.01304 -0.00285973  0.00521206
          16   -0.040524 -0.00521375  0.00541399
          17    0.004584 -0.00463741  0.00511811
          18   -0.025352 -0.00578822  0.00496073
          19    0.009476 -0.00498484  0.00476066
          20     0.01216  -0.0041276  0.00459699
           1    0.099608    0.099608           0
           2     0.08616    0.092884    0.006724
           3    0.116448    0.100739  0.00876165
           4    0.108924    0.102785  0.00652463
           5    0.074252   0.0970784  0.00762284
           6    0.066292   0.0919473  0.00806637
           7    0.106984   0.0940954  0.00714775
           8      0.0967    0.094421  0.00619868
           9    0.102284   0.0952947   0.0055361
          10     0.11408   0.0971732    0.005296
          11    0.116532   0.0989331  0.00510345
          12    0.131428    0.101641  0.00538861
          13    0.075964   0.0996658  0.00533583
          14     0.10786    0.100251  0.00497457
          15    0.110588     0.10094  0.00468207
          16    0.061248   0.0984595  0.00503346
          17    0.106844   0.0989527  0.00475377
          18    0.098044   0.0989022  0.00448218
          19    0.120588    0.100044  0.00439066
          20     0.12444    0.101263  0.00434029
           1      0.0248      0.0248           0
           2   -0.025588   -0.000394    0.025194
           3    0.015116    0.004776   0.0154372
           4   -0.007468    0.001715   0.0113368
           5   -0.019636  -0.0025552  0.00976467
           6   -0.038424 -0.00853333  0.00996514
           7    0.001976   -0.007032  0.00855485
           8    0.002192   -0.005879   0.0074979
           9   -0.016308 -0.00703778  0.00671329
          10   -0.007408  -0.0070748  0.00600466
          11    0.020916 -0.00453018  0.00599795
          12    0.021552 -0.00235667  0.00589098
          13   -0.034536   -0.004832  0.00595751
          14      0.0081 -0.00390829   0.0055924
          15     -0.0048 -0.00396773  0.00520658
          16   -0.043436  -0.0064345  0.00545938
          17    0.008264 -0.00556988  0.00520057
          18   -0.009548 -0.00579089  0.00490812
          19    0.014156 -0.00474105  0.00475984
          20    0.004468  -0.0042806    0.004539
           1    0.102632    0.102632           0
           2     0.07638    0.089506    0.013126
           3    0.116632    0.098548   0.0117978
           4    0.089932    0.096394  0.00861591
           5    0.074748   0.0920648  0.00795502
           6    0.068088   0.0880687  0.00762609
           7    0.104904   0.0904737  0.00687933
           8    0.096772    0.091261  0.00600947
           9    0.080776    0.090096  0.00542639
          10    0.102208   0.0913072  0.00500235
          11    0.105236   0.0925735  0.00469864
          12    0.116252   0.0945467  0.00472136
          13    0.075924   0.0931142  0.00457317
          14    0.097768   0.0934466  0.00424696
          15     0.10308   0.0940888  0.00400553
          16    0.056528   0.0917412  0.00442151
          17    0.102824   0.0923932  0.00420414
          18    0.102976   0.0929811  0.00400707
          19    0.100316   0.0933672  0.00380991
          20    0.116108   0.0945042  0.00378903
           1    0.027012    0.027012           0
           2    -0.02878   -0.000884    0.027896
           3     0.01418  0.00413733   0.0168704
           4   -0.006936    0.001369   0.0122462
           5   -0.015884  -0.0020816   0.0100939
           6    -0.03832 -0.00812133   0.0102178
           7    0.003036 -0.00652743  0.00878148
           8    0.005236   -0.005057  0.00774584
           9   -0.037056 -0.00861244  0.00770106
          10    0.008328  -0.0069184  0.00709329
          11     0.01684 -0.00475855  0.00676991
          12    0.015428 -0.00307633  0.00640491
          13   -0.019792 -0.00436215  0.00603034
          14    0.018664 -0.00271743  0.00582023
          15    0.002372 -0.00237813  0.00542896
          16    -0.04924   -0.005307  0.00586239
          17    0.012608 -0.00425318  0.00560669
          18    -0.00758   -0.004438  0.00528926
          19    0.006092 -0.00388379  0.00503374
          20     0.01694  -0.0028426  0.00488762
           1    0.104868    0.104868           0
           2      0.0633    0.084084    0.020784
           3    0.109116    0.092428   0.0146155
           4    0.071364    0.087162    0.011599
           5     0.06718   0.0831656   0.0098333
           6      0.0551    0.078488  0.00929207
           7    0.097904   0.0812617  0.00832867
           8    0.089952    0.082348  0.00729418
           9    0.055184   0.0793298  0.00710573
          10    0.093536   0.0807504  0.00651239
          11    0.089668   0.0815611   0.0059462
          12    0.108796   0.0838307  0.00588349
          13    0.075392   0.0831815  0.00545081
          14    0.098152   0.0842509  0.00515852
          15    0.096612   0.0850749  0.00487251
          16    0.045104   0.0825767  0.00519756
          17    0.098632   0.0835212  0.00497276
          18    0.090272   0.0838962  0.00470334
          19    0.094644   0.0844619  0.00448473
          20     0.10728   0.0856028  0.00440491
           1    0.021444    0.021444           0
           2   -0.029412   -0.003984    0.025428
           3    0.012128  0.00138667   0.0156324
           4   -0.001528    0.000658   0.0110778
           5   -0.011836  -0.0018408  0.00893723
           6   -0.032748   -0.006992   0.0089322
           7    0.009196 -0.00467943  0.00789536
           8    0.001888  -0.0038585  0.00688669
           9   -0.029092 -0.00666222   0.0066894
          10   -0.004856  -0.0064816  0.00598591
          11    0.007176    -0.00524  0.00555499
          12    0.016896 -0.00339533  0.00539609
          13   -0.015244 -0.00430677  0.00504666
          14     0.01332 -0.00304771  0.00483897
          15    0.002684  -0.0026656  0.00452101
          16   -0.041776    -0.00511  0.00488464
          17    0.011476 -0.00413435   0.0046909
          18   -0.014964   -0.004736  0.00446336
          19    0.006436   -0.004148  0.00426267
          20    0.007636  -0.0035588  0.00408662
           1      0.0961      0.0961           0
           2     0.05822     0.07716     0.01894
           3     0.10366   0.0859933   0.0140571
           4    0.071284    0.082316   0.0105983
           5    0.059812   0.0778152  0.00936224
           6    0.051876    0.073492  0.00878205
           7     0.08768   0.0755189  0.00769396
           8    0.080652   0.0761605  0.00669399
           9    0.053812   0.0736773  0.00640452
          10    0.075592   0.0738688  0.00573158
          11    0.076896    0.074144  0.00519171
          12    0.098312    0.076158  0.00514954
          13    0.080192   0.0764683  0.00474704
          14    0.094864   0.0777823  0.00458712
          15    0.091028   0.0786653  0.00436072
          16    0.050292    0.076892  0.00444788
          17     0.08488   0.0773619   0.0042044
          18    0.081136   0.0775716  0.00396948
          19    0.091968   0.0783293  0.00383045
          20    0.094968   0.0791612  0.00372789
           1    0.023152    0.023152           0
           2   -0.021464    0.000844    0.022308
           3    0.007628  0.00310533   0.0130765
           4    -0.00782    0.000374  0.00964148
           5   -0.011592  -0.0020192  0.00784234
           6   -0.024136 -0.00570533  0.00738844
           7     0.00288 -0.00447886  0.00636368
           8    0.000704   -0.003831  0.00554906
           9   -0.023076 -0.00596933  0.00534059
          10   -0.010812  -0.0064536  0.00480125
          11   -0.004092 -0.00623891   0.0043482
          12      0.0164 -0.00435233  0.00439487
          13   -0.016256   -0.005268  0.00414509
          14     0.01246 -0.00400171  0.00404113
          15   -0.003472  -0.0039664  0.00376225
          16   -0.028112  -0.0054755  0.00382918
          17    0.013276 -0.00437247  0.00376222
          18   -0.011224 -0.00475311  0.00356742
          19    0.008116 -0.00407579  0.00344174
          20    0.007076  -0.0035182  0.00331239
           1    0.091312    0.091312           0
           2    0.063856    0.077584    0.013728
           3    0.090388    0.081852  0.00900195
           4    0.063104    0.077165  0.00790478
           5    0.055772   0.0728864  0.00746979
           6    0.044992   0.0682373  0.00766892
           7    0.083636   0.0704371  0.00684456
           8    0.068796    0.070232  0.00593111
           9     0.05118   0.0681151  0.00564287
          10     0.06876   0.0681796  0.00504754
          11    0.058648   0.0673131  0.00464717
          12    0.089512    0.069163  0.00462807
          13    0.063236   0.0687071  0.00428155
          14    0.084504   0.0698354  0.00412141
          15    0.080048   0.0705163  0.00389676
          16    0.046108   0.0689908  0.00395144
          17    0.080484   0.0696668   0.0037728
          18    0.070748   0.0697269  0.00355754
          19     0.08934   0.0707592  0.00351986
          20    0.085492   0.0714958  0.00341952
           1    0.014144    0.014144           0
           2   -0.016756   -0.001306     0.01545
           3    0.002988 0.000125333  0.00903417
           4   -0.007372   -0.001749  0.00665742
           5   -0.015236  -0.0044464  0.00581968
           6   -0.021228 -0.00724333   0.0055138
           7     0.00564 -0.00540286  0.00501029
           8    0.005256  -0.0040705  0.00453899
           9   -0.019344 -0.00576756  0.00434789
          10     -0.0064  -0.0058308  0.00388938
          11    0.001744 -0.00514218  0.00358484
          12    0.020648   -0.002993  0.00391513
          13   -0.023896 -0.00460092  0.00394404
          14    0.007072 -0.00376714  0.00374545
          15   -0.012292 -0.00433547  0.00353284
          16   -0.017932 -0.00518525  0.00341218
          17      0.0111 -0.00422729  0.00334528
          18   -0.002516 -0.00413222  0.00315539
          19    0.011704 -0.00329874  0.00309889
          20    0.006448  -0.0028114  0.00297999
           1    0.080912    0.080912           0
           2    0.059532    0.070222     0.01069
           3    0.076692   0.0723787  0.00653783
           4    0.062576    0.069928  0.00523234
           5     0.05378   0.0666984  0.00518235
           6    0.047628     0.06352  0.00529214
           7    0.073584   0.0649577  0.00469807
           8      0.0783   0.0666255   0.0043972
           9    0.053192   0.0651329   0.0041553
          10     0.06146   0.0647656  0.00373472
          11    0.061552   0.0644735  0.00339079
          12    0.089644    0.066571   0.0037391
          13    0.063228   0.0663138  0.00344908
          14    0.072964   0.0667889  0.00322836
          15    0.068956   0.0669333  0.00300891
          16      0.0518   0.0659875  0.00296925
          17    0.074996   0.0665174  0.00283902
          18    0.071232   0.0667793  0.00268944
          19    0.080484   0.0675006  0.00264423
          20    0.080504   0.0681508  0.00259143
           1    0.013252    0.013252           0
           2   -0.008532     0.00236    0.010892
           3    0.001696  0.00213867  0.00629239
           4   -0.002012    0.001101  0.00456879
           5    -0.02228  -0.0035752   0.0058644
           6    -0.01904 -0.00615267   0.0054379
           7    0.007968 -0.00413543  0.00501909
           8    0.006048  -0.0028625  0.00452921
           9   -0.015936 -0.00431511  0.00425032
          10   -0.004208  -0.0043044  0.00380162
          11   -0.001104 -0.00401345  0.00345098
          12    0.020496   -0.001971  0.00375446
          13   -0.016696 -0.00310369  0.00363461
          14    0.007052 -0.00237829   0.0034423
          15   -0.004644 -0.00252933  0.00320816
          16   -0.013708   -0.003228  0.00308122
          17    0.005264 -0.00272847  0.00293709
          18   -0.001652 -0.00266867  0.00276976
          19    0.013524 -0.00181642  0.00275506
          20     0.00774  -0.0013386    0.002657
           1    0.078796    0.078796           0
           2    0.060332    0.069564    0.009232
           3    0.072856   0.0706613  0.00544188
           4    0.060784    0.068192  0.00457216
           5    0.037564   0.0620664  0.00707572
           6    0.046804   0.0595227  0.00631251
           7    0.071672   0.0612583  0.00561026
           8    0.068256    0.062133  0.00493674
           9    0.047524   0.0605098  0.00464655
          10    0.063612     0.06082  0.00416756
          11    0.060364   0.0607785  0.00376993
          12    0.081788   0.0625293   0.0038612
          13    0.054388   0.0619031  0.00360658
          14     0.07104   0.0625557  0.00340223
          15     0.06378   0.0626373  0.00316835
          16    0.052572   0.0620082  0.00302975
          17    0.065348   0.0622047  0.00285273
          18    0.068228   0.0625393  0.00271031
          19    0.082944   0.0636133  0.00277955
          20    0.073484   0.0641068   0.0026827
           1     0.01228     0.01228           0
           2    -0.00674     0.00277     0.00951
           3    0.000632  0.00205733  0.00553666
           4   -0.001008    0.001291  0.00398931
           5   -0.023156  -0.0035984  0.00578403
           6   -0.019672 -0.00627733  0.00542955
           7    0.006168 -0.00449943  0.00492119
           8    0.002956  -0.0035675  0.00436257
           9   -0.015616 -0.00490622  0.00407368
          10   -0.001212  -0.0045368  0.00366229
          11    0.002172 -0.00392691  0.00336834
          12    0.013068 -0.00251067  0.00338534
          13   -0.015296 -0.00349415  0.00326567
          14      0.0084 -0.00264457  0.00314052
          15   -0.001272 -0.00255307   0.0029251
          16   -0.012344   -0.003165  0.00280377
          17     0.00866 -0.00246941  0.00272399
          18    0.003172   -0.002156  0.00258726
          19    0.013856 -0.00131326  0.00258834
          20    0.003956  -0.0010498  0.00246961
           1    0.069432    0.069432           0
           2    0.052552    0.060992     0.00844
           3    0.066268   0.0627507  0.00518049
           4    0.060804    0.062264  0.00369534
           5    0.033292   0.0564696  0.00646285
           6    0.045004   0.0545587  0.00561224
           7     0.06768   0.0564331  0.00510017
           8    0.068232    0.057908  0.00465661
           9     0.04898    0.056916  0.00422485
          10    0.063244   0.0575488  0.00383144
          11     0.05808   0.0575971  0.00346601
          12    0.077732    0.059275  0.00358139
          13    0.048804   0.0584695  0.00339144
          14    0.068276     0.05917  0.00321705
          15    0.062544   0.0593949  0.00300334
          16    0.052556   0.0589675   0.0028417
          17    0.060436   0.0590539  0.00267071
          18    0.065772   0.0594271  0.00254548
          19    0.072828   0.0601324  0.00250896
          20    0.065008   0.0603762  0.00239266
           1    0.012996    0.012996           0
           2   -0.004236     0.00438    0.008616
           3    0.004704    0.004488  0.00497562
           4     0.00516    0.004656   0.0035223
           5   -0.022236  -0.0007224  0.00603085
           6   -0.019224   -0.003806  0.00580999
           7    0.007736 -0.00215714  0.00517979
           8    0.004464  -0.0013295  0.00456154
           9   -0.013016   -0.002628  0.00422727
          10   -0.001512  -0.0025164  0.00378263
          11     0.00224   -0.002084  0.00344873
          12    0.010304 -0.00105167  0.00331318
          13   -0.010312   -0.001764  0.00312982
          14    0.003528   -0.001386  0.00292221
          15   -0.003136 -0.00150267  0.00272293
          16   -0.017308  -0.0024905  0.00273191
          17    0.009492 -0.00178565  0.00266123
          18     -0.0035 -0.00188089  0.00251084
          19    0.014504 -0.00101853  0.00252673
          20    0.003228  -0.0008062  0.00240645
           1    0.067212    0.067212           0
           2    0.053168     0.06019    0.007022
           3     0.05972   0.0600333  0.00405718
           4     0.05958     0.05992   0.0028711
           5    0.030184   0.0539728  0.00634942
           6     0.03262    0.050414  0.00628823
           7    0.061112   0.0519423   0.0055299
           8    0.068556    0.054019  0.00521992
           9    0.042676   0.0527587  0.00477295
          10    0.057452    0.053228  0.00429477
          11    0.056084   0.0534876  0.00389344
          12    0.067136    0.054625  0.00373175
          13    0.051892   0.0544148  0.00343914
          14    0.060112   0.0548217  0.00320993
          15    0.058952   0.0550971  0.00300094
          16    0.043208    0.054354   0.0029038
          17     0.06534   0.0550002  0.00280316
          18    0.062564   0.0554204  0.00267604
          19    0.075508   0.0564777   0.0027432
          20    0.056368   0.0564722  0.00260243
           1    0.009972    0.009972           0
           2   -0.006408    0.001782     0.00819
           3   -0.000748 0.000938667  0.00480311
           4    0.000424     0.00081  0.00339875
           5   -0.017596  -0.0028712  0.00452572
           6   -0.019684 -0.00567333  0.00463753
           7    0.007808 -0.00374743  0.00436704
           8    0.008956  -0.0021595   0.0041018
           9   -0.005908   -0.002576  0.00364135
          10    -0.00694  -0.0030124  0.00328603
          11    0.002796 -0.00248436  0.00301886
          12    0.012704 -0.00121867  0.00303259
          13   -0.007124 -0.00167292  0.00282632
          14    0.000388 -0.00152571   0.0026208
          15   -0.004944  -0.0017536  0.00245045
          16   -0.015488   -0.002612  0.00244765
          17    0.019584 -0.00130635  0.00264403
          18    0.000192 -0.00122311   0.0024942
          19    0.013936-0.000425263  0.00249053
          20    0.004464  -0.0001808  0.00237534
           1    0.063936    0.063936           0
           2    0.052256    0.058096     0.00584
           3    0.052608   0.0562667  0.00383601
           4    0.054176    0.055744  0.00276237
           5    0.031892   0.0509736   0.0052283
           6    0.032584   0.0479087  0.00525521
           7      0.0591   0.0495074  0.00472045
           8     0.06758   0.0517665  0.00467069
           9    0.046064   0.0511329  0.00416761
          10    0.046164    0.050636   0.0037606
          11    0.055288   0.0510589  0.00342778
          12    0.064496   0.0521787  0.00332344
          13    0.046636   0.0517523   0.0030867
          14     0.05388   0.0519043  0.00286177
          15    0.054256   0.0520611  0.00266877
          16    0.040228   0.0513215  0.00260365
          17    0.066652   0.0522233  0.00260667
          18    0.054868   0.0523702  0.00246198
          19    0.067536   0.0531684  0.00246179
          20    0.053608   0.0531904  0.00233556
           1    0.005428    0.005428           0
           2    -0.00546    -1.6e-05    0.005444
           3    0.002768    0.000912  0.00327723
           4   -0.001512    0.000306  0.00239528
           5   -0.018364   -0.003428  0.00416955
           6   -0.019364   -0.006084  0.00431792
           7    0.004632 -0.00455314   0.0039574
           8    0.002868  -0.0036255  0.00355053
           9   -0.004288 -0.00369911  0.00313214
          10   -0.011688   -0.004498  0.00291315
          11    0.003912 -0.00373345  0.00274372
          12    0.005208 -0.00298833  0.00261315
          13    -0.00632 -0.00324462  0.00241737
          14   -0.001108   -0.003092  0.00224325
          15   -0.004812 -0.00320667  0.00209149
          16   -0.016352 -0.00402825  0.00212192
          17    0.018196 -0.00272094  0.00238367
          18   -0.000152 -0.00257822  0.00225188
          19    0.010588 -0.00188526  0.00223994
          20     0.00684   -0.001449  0.00216932
           1     0.05656     0.05656           0
           2    0.045172    0.050866    0.005694
           3     0.05304   0.0515907  0.00336636
           4    0.050936    0.051427  0.00238599
           5    0.025976   0.0463368  0.00541534
           6    0.034856   0.0444233  0.00481788
           7    0.058796   0.0464766  0.00456024
           8    0.060876   0.0482765  0.00434011
           9    0.043948   0.0477956  0.00385772
          10     0.03898    0.046914  0.00356128
          11    0.054128   0.0475698  0.00328738
          12    0.058808   0.0485063  0.00314369
          13     0.04308   0.0480889  0.00292174
          14    0.047064   0.0480157    0.002706
          15    0.049324   0.0481029  0.00252066
          16    0.036384   0.0473705    0.002469
          17     0.06428   0.0483652  0.00252352
          18    0.052068   0.0485709  0.00238808
          19    0.064048   0.0493855  0.00240128
          20    0.054148   0.0496236  0.00229047
           1    0.003724    0.003724           0
           2   -0.008656   -0.002466     0.00619
           3    0.005132 6.66667e-05  0.00438023
           4   -0.004444   -0.001061  0.00329619
           5   -0.019944  -0.0048376  0.00455869
           6     -0.0167 -0.00681467  0.00421464
           7    0.008952 -0.00456229  0.00421441
           8    -0.00182  -0.0042195  0.00366584
           9   -0.005332 -0.00434311  0.00323533
          10   -0.011844  -0.0050932   0.0029894
          11    0.001696   -0.004476  0.00277356
          12     0.00188 -0.00394633  0.00258671
          13   -0.007044 -0.00418462  0.00239133
          14   -0.006464 -0.00434743  0.00221992
          15    0.001724 -0.00394267   0.0021059
          16    -0.01518   -0.004645  0.00209135
          17    0.016288 -0.00341365  0.00231849
          18   -0.002984 -0.00338978  0.00218603
          19     0.00736   -0.002824  0.00214378
          20    0.008384  -0.0022636  0.00210956
           1    0.054028    0.054028           0
           2    0.042884    0.048456    0.005572
           3     0.05138   0.0494307   0.0033614
           4    0.043692    0.047996  0.00277629
           5     0.02946   0.0442888  0.00428579
           6    0.027696   0.0415233  0.00446017
           7     0.05498   0.0434457  0.00423142
           8    0.053084   0.0446505  0.00385749
           9     0.03832   0.0439471  0.00347394
          10    0.036024   0.0431548  0.00320661
          11    0.050744   0.0438447  0.00298142
          12    0.049516   0.0443173  0.00276238
          13    0.038776   0.0438911  0.00257652
          14     0.03818   0.0434831  0.00242002
          15    0.049424   0.0438792  0.00228747
          16     0.03668   0.0434293  0.00218653
          17    0.060468   0.0444315  0.00228539
          18    0.046512   0.0445471  0.00215778
          19     0.05772   0.0452404   0.0021556
          20    0.051384   0.0455476  0.00206792
           1      0.0009      0.0009           0
           2   -0.007308   -0.003204    0.004104
           3     0.00568-0.000242667  0.00379259
           4   -0.002284   -0.000753  0.00272989
           5   -0.015316  -0.0036656  0.00359925
           6   -0.018252 -0.00609667  0.00381399
           7     0.01154 -0.00357714  0.00409125
           8   -0.002832   -0.003484  0.00354435
           9   -0.011348 -0.00435778  0.00324566
          10    -0.00432   -0.004354  0.00290301
          11    0.002724 -0.00371055  0.00270356
          12    0.000372 -0.00337033  0.00249134
          13    -0.00394 -0.00341415  0.00229211
          14   -0.003968 -0.00345371  0.00212245
          15    0.001876  -0.0030984  0.00200759
          16   -0.012096 -0.00366075  0.00196032
          17     0.01226 -0.00272424  0.00206587
          18   -0.008792 -0.00306133  0.00197668
          19    0.010464 -0.00234947  0.00200068
          20    0.009028  -0.0017806  0.00198143
           1    0.046736    0.046736           0
           2    0.040872    0.043804    0.002932
           3    0.050036   0.0458813  0.00267971
           4    0.043724    0.045342   0.0019701
           5    0.028792    0.042032  0.00364484
           6    0.025884   0.0393407  0.00401246
           7     0.05722   0.0418949  0.00424544
           8    0.045064    0.042291  0.00369794
           9      0.0328   0.0412364  0.00342754
          10    0.042024   0.0413152   0.0030667
          11    0.046624   0.0417978   0.0028156
          12    0.044756   0.0420443  0.00258207
          13    0.037488   0.0416938  0.00240088
          14    0.038632   0.0414751  0.00223352
          15    0.045592   0.0417496  0.00209733
          16    0.033584   0.0412392  0.00202716
          17    0.057736   0.0422096   0.0021372
          18     0.03958   0.0420636  0.00202026
          19    0.054164   0.0427004   0.0020143
          20     0.04826   0.0429784  0.00193105
           1    0.002092    0.002092           0
           2   -0.007052    -0.00248    0.004572
           3    0.004844-3.86667e-05  0.00359553
           4   -0.002644    -0.00069  0.00262453
           5   -0.011744  -0.0029008  0.00300342
           6   -0.021244   -0.005958   0.0039192
           7     0.01402   -0.003104  0.00437228
           8   -0.000436  -0.0027705  0.00380117
           9     -0.0123 -0.00382933  0.00351556
          10   -0.002388  -0.0036852  0.00314771
          11    0.002176 -0.00315236  0.00289664
          12   -0.001696   -0.003031  0.00264704
          13   -0.002212   -0.002968  0.00243574
          14    -0.00296 -0.00296743  0.00225506
          15    0.003212 -0.00255547  0.00213938
          16   -0.008508  -0.0029275   0.0020355
          17    0.011256 -0.00209318  0.00208612
          18    -0.00422 -0.00221133  0.00197036
          19     0.01068 -0.00153284  0.00198343
          20    0.008816  -0.0010154   0.0019515
           1     0.04752     0.04752           0
           2    0.039648    0.043584    0.003936
           3     0.04662    0.044596   0.0024876
           4    0.040668    0.043614  0.00201455
           5     0.03138   0.0411672  0.00290205
           6    0.020248   0.0376807  0.00421551
           7    0.057436   0.0405029   0.0045451
           8    0.044268   0.0409735  0.00396421
           9    0.029252   0.0396711  0.00373082
          10    0.041584   0.0398624  0.00334242
          11    0.045304   0.0403571  0.00306354
          12    0.042072      0.0405  0.00280026
          13    0.037408   0.0402622  0.00258683
          14    0.037116   0.0400374  0.00240546
          15    0.045588   0.0404075  0.00226972
          16     0.03476   0.0400545  0.00215227
          17    0.050228   0.0406529  0.00210842
          18       0.042   0.0407278  0.00198925
          19    0.054276   0.0414408  0.00201222
          20     0.04642   0.0416898  0.00192512
           1    0.004004    0.004004           0
           2   -0.006696   -0.001346     0.00535
           3    0.004076 0.000461333  0.00357873
           4   -0.006984     -0.0014  0.00314137
           5   -0.014948  -0.0041096  0.00364182
           6   -0.020552    -0.00685  0.00404372
           7    0.013212   -0.003984  0.00446024
           8      0.0005  -0.0034235  0.00390314
           9   -0.006904 -0.00381022   0.0034639
          10     0.00224  -0.0032052  0.00315673
          11   -0.000412 -0.00295127  0.00286663
          12    -0.00378 -0.00302033  0.00261778
          13   -0.005544 -0.00321446  0.00241582
          14   -0.003816 -0.00325743  0.00223703
          15    0.001552  -0.0029368  0.00210709
          16   -0.005596   -0.003103    0.001978
          17    0.010288 -0.00231529  0.00201809
          18   -0.001064 -0.00224578  0.00190394
          19    0.008116 -0.00170042  0.00188171
          20    0.006484  -0.0012912  0.00183145
           1     0.04502     0.04502           0
           2    0.036268    0.040644    0.004376
           3    0.041272   0.0408533  0.00253514
           4    0.036412    0.039743  0.00210863
           5     0.02522   0.0368384  0.00333234
           6    0.020416   0.0341013  0.00385934
           7    0.055892   0.0372143  0.00450882
           8    0.045356    0.038232   0.0040352
           9    0.030768   0.0374027  0.00365407
          10     0.04308   0.0379704  0.00331724
          11    0.041136   0.0382582  0.00301433
          12    0.039144    0.038332  0.00275268
          13    0.034916   0.0380692   0.0025457
          14    0.036228   0.0379377  0.00236052
          15    0.045668   0.0384531  0.00225715
          16    0.034356    0.038197  0.00212684
          17    0.051044   0.0389527  0.00213597
          18    0.037616   0.0388784  0.00201518
          19    0.047764   0.0393461   0.0019627
          20    0.042444    0.039501  0.00186841
           1    0.002564    0.002564           0
           2    -0.00702   -0.002228    0.004792
           3    0.001484-0.000990667  0.00303074
           4    -0.00738   -0.002588  0.00267286
           5   -0.016736  -0.0054176  0.00350616
           6   -0.022628   -0.008286  0.00405255
           7    0.012304 -0.00534457  0.00451473
           8    0.000424  -0.0046235  0.00397581
           9   -0.005356 -0.00470489  0.00350728
          10    0.004884   -0.003746  0.00328029
          11      0.0026 -0.00316909  0.00302269
          12   -0.006248 -0.00342567  0.00277123
          13   -0.002536 -0.00335723  0.00255008
          14   -0.002924 -0.00332629  0.00236112
          15   -0.000716 -0.00315227  0.00220496
          16   -0.004168 -0.00321575  0.00206353
          17    0.011132 -0.00237176  0.00211412
          18   -0.005064 -0.00252133  0.00199882
          19    0.002428 -0.00226084  0.00190855
          20     0.00578  -0.0018588  0.00185471
           1    0.040476    0.040476           0
           2    0.032836    0.036656     0.00382
           3    0.037864   0.0370587  0.00224194
           4    0.030664     0.03546  0.00225142
           5    0.025132   0.0333944  0.00270334
           6    0.014536   0.0302513  0.00384069
           7     0.05232    0.033404    0.004525
           8    0.042084    0.034489   0.0040662
           9    0.031096    0.034112  0.00360581
          10     0.04322   0.0350228  0.00335128
          11    0.039836   0.0354604  0.00306276
          12    0.033392    0.035288  0.00280121
          13    0.035364   0.0352938  0.00257675
          14    0.031196   0.0350011   0.0024035
          15    0.037504    0.035168  0.00224375
          16    0.035884   0.0352128  0.00209931
          17    0.048768   0.0360101  0.00212707
          18      0.0324   0.0358096  0.00201542
          19    0.045376   0.0363131  0.00197177
          20    0.040672    0.036531  0.00188324
           1     0.00262     0.00262           0
           2   -0.007668   -0.002524    0.005144
           3    0.003852-0.000398667  0.00365203
           4   -0.007016   -0.002053  0.00306683
           5   -0.017988    -0.00524  0.00397495
           6   -0.019852 -0.00767533  0.00405763
           7     0.00926   -0.005256  0.00419683
           8     -0.0008   -0.004699    0.003677
           9    -0.00528 -0.00476356  0.00324345
          10     0.00384  -0.0039032  0.00302592
          11    0.001328 -0.00342764  0.00277805
          12   -0.002716 -0.00336833   0.0025367
          13   -0.000476 -0.00314585  0.00234401
          14   -0.003188 -0.00314886  0.00217013
          15    -0.00094  -0.0030016  0.00202564
          16   -0.003604 -0.00303925  0.00189519
          17    0.010916 -0.00221835  0.00196037
          18   -0.003716 -0.00230156  0.00185013
          19    0.002224 -0.00206337  0.00176618
          20    0.003848  -0.0017678  0.00170141
           1    0.040432    0.040432           0
           2    0.032744    0.036588    0.003844
           3    0.036528    0.036568  0.00221942
           4    0.027864    0.034392  0.00268289
           5    0.021104   0.0317344  0.00337366
           6    0.012488   0.0285267  0.00422815
           7    0.047728   0.0312697  0.00450486
           8    0.038792     0.03221  0.00401304
           9     0.03052   0.0320222  0.00354415
          10    0.040328   0.0328528  0.00327699
          11    0.038004   0.0333211  0.00300091
          12     0.03306   0.0332993  0.00273953
          13    0.036032   0.0335095  0.00252875
          14    0.031416     0.03336  0.00234594
          15    0.035924   0.0335309  0.00219063
          16    0.032984   0.0334967  0.00204943
          17    0.046828   0.0342809   0.0020787
          18    0.032816   0.0341996  0.00196151
          19    0.041368   0.0345768  0.00189337
          20     0.04038    0.034867  0.00181949
           1    0.000792    0.000792           0
           2   -0.007488   -0.003348     0.00414
           3     0.00236 -0.00144533  0.00305505
           4   -0.005776   -0.002528  0.00241637
           5   -0.017192  -0.0054608  0.00347917
           6   -0.023084   -0.008398  0.00408618
           7    0.005816 -0.00636743  0.00400619
           8    -0.00358   -0.006019  0.00348692
           9   -0.006952 -0.00612267  0.00307692
          10    0.004604    -0.00505  0.00295373
          11    0.005384 -0.00410145  0.00283514
          12   -0.001684     -0.0039  0.00259594
          13     -0.0021 -0.00376154  0.00239193
          14    -0.00224 -0.00365286  0.00221716
          15   -0.002452  -0.0035728  0.00206562
          16    -0.00396   -0.003597  0.00193236
          17    0.007924 -0.00291929  0.00193753
          18   -0.006752 -0.00313222  0.00183909
          19    0.002768 -0.00282168   0.0017671
          20    0.004212    -0.00247  0.00171291
           1    0.039432    0.039432           0
           2    0.031128     0.03528    0.004152
           3    0.036204    0.035588  0.00241686
           4    0.028204    0.033742  0.00251562
           5    0.019408   0.0308752  0.00346634
           6    0.011088   0.0275773  0.00434584
           7    0.045168   0.0300903   0.0044503
           8    0.034684   0.0306645  0.00389661
           9     0.02826   0.0303973  0.00344686
          10    0.037624     0.03112  0.00316653
          11       0.038   0.0317455  0.00293173
          12    0.033784   0.0319153  0.00268167
          13     0.03148   0.0318818  0.00246701
          14    0.031896   0.0318829  0.00228401
          15    0.034484   0.0320563  0.00213335
          16     0.03122    0.032004  0.00199625
          17     0.04152   0.0325638  0.00195692
          18    0.027804   0.0322993  0.00186386
          19    0.038556   0.0326286  0.00179352
          20    0.039388   0.0329666  0.00173472
           1    0.003336    0.003336           0
           2   -0.006484   -0.001574     0.00491
           3     0.00284-0.000102667  0.00319388
           4   -0.005868   -0.001544  0.00267915
           5   -0.017616  -0.0047584  0.00382611
           6    -0.02144 -0.00753867  0.00418202
           7    0.008376 -0.00526514  0.00420253
           8   -0.003004  -0.0049825  0.00365046
           9   -0.007212 -0.00523022  0.00322892
          10    0.000692   -0.004638  0.00294813
          11     0.00472 -0.00378727  0.00279909
          12   -0.002496 -0.00367967  0.00255747
          13     -0.0028   -0.003612  0.00235351
          14   -0.002472 -0.00353057  0.00218045
          15   -0.001436 -0.00339093  0.00203468
          16    -0.00344   -0.003394  0.00190327
          17    0.004812 -0.00291129  0.00185183
          18   -0.009656   -0.003286  0.00178568
          19     0.00274 -0.00296884   0.0017186
          20     0.00596  -0.0025224  0.00169043
           1     0.03836     0.03836           0
           2    0.028604    0.033482    0.004878
           3     0.03238   0.0331147  0.00284017
           4     0.02788    0.031806  0.00239706
           5    0.017828   0.0290104  0.00335603
           6    0.008388   0.0255733  0.00439568
           7    0.042752   0.0280274  0.00445242
           8    0.032332   0.0285655  0.00389327
           9    0.023496   0.0280022  0.00347944
          10    0.036512   0.0288532  0.00322635
          11    0.035432   0.0294513    0.002979
          12    0.029684   0.0294707  0.00271951
          13    0.029584   0.0294794   0.0025016
          14    0.030124   0.0295254  0.00231649
          15    0.032348   0.0297136  0.00216473
          16    0.030804   0.0297817  0.00202607
          17    0.037184   0.0302172  0.00195233
          18    0.025036   0.0299293  0.00186305
          19    0.036144   0.0302564  0.00179236
          20    0.037452   0.0306162  0.00173803
           1    0.001752    0.001752           0
           2    -0.00564   -0.001944    0.003696
           3    0.001272   -0.000872  0.00238802
           4   -0.005416   -0.002008  0.00203515
           5   -0.015732  -0.0047528  0.00316528
           6   -0.018896    -0.00711  0.00349796
           7    0.009216 -0.00477771  0.00376555
           8    -0.00318   -0.004578  0.00326717
           9    -0.00936 -0.00510933  0.00292996
          10    0.001692  -0.0044292  0.00270745
          11    0.003156 -0.00373964  0.00254421
          12   -0.002812 -0.00366233  0.00232382
          13   -0.005576 -0.00380954  0.00214267
          14   -0.005368 -0.00392086  0.00198685
          15    -0.00136 -0.00375013  0.00185752
          16     -0.0019  -0.0036345  0.00174139
          17    0.006452 -0.00304118  0.00174003
          18   -0.006984 -0.00326022  0.00165508
          19    0.003644 -0.00289684  0.00160717
          20     0.00512   -0.002496   0.0015765
           1    0.035264    0.035264           0
           2    0.029344    0.032304     0.00296
           3    0.034008    0.032872  0.00180088
           4    0.027524    0.031535  0.00184639
           5    0.016228   0.0284736    0.003379
           6    0.009272   0.0252733  0.00422534
           7    0.042956   0.0277994   0.0043742
           8    0.031688   0.0282855  0.00381923
           9    0.023196     0.02772  0.00341538
          10    0.032208   0.0281688   0.0030876
          11    0.031648   0.0284851   0.0028107
          12    0.029568   0.0285753  0.00256739
          13    0.025984    0.028376  0.00237005
          14     0.02642   0.0282363  0.00219868
          15    0.033144   0.0285635  0.00207285
          16    0.029084    0.028596  0.00193925
          17    0.037632   0.0291275  0.00189757
          18    0.025944   0.0289507  0.00179776
          19    0.033828   0.0292074  0.00171978
          20    0.035932   0.0295436  0.00166581
           1     0.00272     0.00272           0
           2   -0.004692   -0.000986    0.003706
           3    0.002776    0.000268  0.00248005
           4   -0.003796   -0.000748  0.00202672
           5   -0.017972  -0.0041928  0.00378566
           6   -0.016788   -0.006292  0.00373641
           7    0.010768 -0.00385486  0.00398894
           8   -0.002352   -0.003667  0.00345963
           9   -0.010076 -0.00437911   0.0031331
          10   -0.000848   -0.004026  0.00282449
          11   -0.001084 -0.00375855  0.00256881
          12   -0.001948 -0.00360767  0.00234984
          13   -0.006456 -0.00382677  0.00217262
          14    -0.00722 -0.00406914    0.002026
          15    -0.00104  -0.0038672  0.00189689
          16   -0.002792     -0.0038  0.00177565
          17    0.006696 -0.00318259  0.00177853
          18    -0.00604 -0.00334133  0.00168432
          19    0.001948 -0.00306295  0.00161734
          20     0.00518  -0.0026508  0.00158874
           1    0.033116    0.033116           0
           2    0.027488    0.030302    0.002814
           3    0.034156   0.0315867  0.00207121
           4     0.02576     0.03013  0.00206563
           5    0.014116   0.0269272  0.00358023
           6     0.00874    0.023896  0.00421112
           7     0.04264   0.0265737  0.00445387
           8    0.031604   0.0272025  0.00390808
           9    0.018828    0.026272     0.00357
          10    0.028984   0.0265432   0.0032046
          11      0.0282   0.0266938  0.00290258
          12     0.02894    0.026881  0.00265629
          13    0.022932   0.0265772  0.00246224
          14    0.021216   0.0261943  0.00231153
          15    0.031328   0.0265365  0.00217896
          16    0.030348   0.0267748  0.00205211
          17    0.037076   0.0273807  0.00202062
          18    0.026204   0.0273153  0.00190618
          19    0.035324   0.0277368  0.00185168
          20    0.037052   0.0282026  0.00181735
           1    0.003136    0.003136           0
           2   -0.003468   -0.000166    0.003302
           3    0.003076 0.000914667   0.0021914
           4   -0.006316   -0.000893  0.00238092
           5   -0.018004  -0.0043152  0.00388751
           6   -0.016252 -0.00630467  0.00374608
           7    0.009988 -0.00397714  0.00392951
           8   -0.000968   -0.003601  0.00342378
           9    -0.01088 -0.00440978  0.00312593
          10    -0.00194  -0.0041628   0.0028068
          11   -0.000516 -0.00383127   0.0025604
          12   -0.001772 -0.00365967  0.00234361
          13   -0.007036 -0.00391938  0.00217139
          14   -0.007684 -0.00418829  0.00202823
          15   -0.001084 -0.00398133  0.00189948
          16    -2.8e-05 -0.00373425   0.0017939
          17    0.008072 -0.00303976  0.00182258
          18   -0.006516 -0.00323289  0.00172916
          19    0.003252 -0.00289158  0.00167085
          20    0.008744  -0.0023098   0.0016885
           1    0.032156    0.032156           0
           2    0.027472    0.029814    0.002342
           3     0.03378    0.031136  0.00189103
           4    0.023868    0.029319  0.00225599
           5    0.011976   0.0258504  0.00388393
           6     0.00908   0.0230553  0.00422717
           7    0.040956   0.0256126  0.00439352
           8    0.032064    0.026419  0.00388942
           9    0.019616   0.0256631  0.00351245
          10    0.026648   0.0257616  0.00314317
          11    0.026784   0.0258545  0.00284462
          12    0.027464   0.0259887  0.00260024
          13    0.020532   0.0255689  0.00242842
          14    0.019228    0.025116  0.00229345
          15    0.030268   0.0254595  0.00216253
          16    0.027932    0.025614  0.00202876
          17    0.036784   0.0262711  0.00201578
          18    0.024832   0.0261911  0.00190218
          19    0.033136   0.0265566  0.00183603
          20    0.038044    0.027131  0.00183407
           1    0.002996    0.002996           0
           2   -0.003064    -3.4e-05     0.00303
           3     0.00254    0.000824  0.00194845
           4   -0.005088   -0.000654  0.00202057
           5   -0.017616  -0.0040464  0.00373604
           6   -0.017616   -0.006308  0.00379739
           7    0.009192 -0.00409371  0.00389913
           8    0.000208   -0.003556  0.00341929
           9   -0.007644 -0.00401022  0.00304955
          10   -0.003992  -0.0040084   0.0027276
          11    0.001312 -0.00352473  0.00251417
          12   -0.004608   -0.003615  0.00229688
          13   -0.009288 -0.00405138  0.00215742
          14    -0.00776 -0.00431629  0.00201487
          15   -0.001504  -0.0041288  0.00188509
          16    0.000324  -0.0038505  0.00178517
          17    0.005228 -0.00331647  0.00175986
          18    -0.00548 -0.00343667  0.00166356
          19    0.003736 -0.00305916  0.00161822
          20     0.00872  -0.0024702  0.00164427
           1    0.030964    0.030964           0
           2      0.0276    0.029282    0.001682
           3    0.031988    0.030184  0.00132538
           4    0.022656    0.028302  0.00210244
           5    0.011256   0.0248928   0.0037782
           6    0.007568   0.0220053   0.0042254
           7    0.040184   0.0246023  0.00441554
           8     0.03148    0.025462  0.00391942
           9    0.017948   0.0246271    0.003556
          10    0.024792   0.0246436  0.00318063
          11     0.02542   0.0247142  0.00287785
          12    0.024736    0.024716  0.00262711
          13    0.018328   0.0242246  0.00246604
          14     0.01786     0.02377  0.00232793
          15    0.028436   0.0240811   0.0021894
          16    0.026004   0.0242013  0.00205152
          17     0.03724   0.0249682  0.00207409
          18     0.02266     0.02484  0.00195967
          19    0.033228   0.0252815  0.00190551
          20    0.037316   0.0258832  0.00190524
           1      0.0027      0.0027           0
           2   -0.002392    0.000154    0.002546
           3    0.001888    0.000732  0.00157949
           4   -0.006052   -0.000964  0.00203072
           5    -0.01612  -0.0039952  0.00341503
           6   -0.017964 -0.00632333  0.00363252
           7     0.00952    -0.00406  0.00381416
           8    0.001612   -0.003351  0.00337839
           9   -0.009936 -0.00408267  0.00306798
          10    -0.00438  -0.0041124  0.00274425
          11    0.003424 -0.00342727  0.00257508
          12    -0.00438 -0.00350667  0.00235206
          13   -0.009744 -0.00398646  0.00221614
          14   -0.005892 -0.00412257  0.00205626
          15   -0.002536  -0.0040168  0.00191719
          16   -0.000784 -0.00381475  0.00180471
          17    0.006524 -0.00320659  0.00180102
          18    -0.00354 -0.00322511  0.00169812
          19    0.002944 -0.00290042  0.00163875
          20    0.009448   -0.002283  0.00167277
           1    0.029568    0.029568           0
           2    0.027868    0.028718     0.00085
           3    0.030116    0.029184 0.000676749
           4    0.022692    0.027561  0.00169208
           5     0.01152   0.0243528  0.00346561
           6    0.007436   0.0215333  0.00399454
           7    0.036876   0.0237251   0.0040251
           8    0.030424   0.0245625    0.003585
           9    0.016704   0.0236893  0.00328003
          10    0.020032   0.0233236  0.00295646
          11    0.028856   0.0238265   0.0027211
          12    0.024112   0.0238503  0.00248413
          13    0.016084   0.0232529  0.00236187
          14    0.018704    0.022928  0.00221067
          15    0.025704   0.0231131  0.00206633
          16     0.02638   0.0233173  0.00194363
          17    0.032052   0.0238311  0.00189664
          18    0.023876   0.0238336  0.00178817
          19    0.029048    0.024108  0.00171356
          20     0.03566   0.0246856  0.00172519
