           1    0.320539    0.320539           0
           2    0.233854    0.277197   0.0433426
           3    0.229941    0.261445   0.0295689
           4     0.28812    0.268114   0.0219461
           5    0.127102    0.239911   0.0329295
           6    0.231805     0.23856   0.0269207
           7    0.174878    0.229463   0.0245036
           8    0.238883     0.23064   0.0212534
           9    0.233109    0.230915   0.0187457
          10    0.181634    0.225986   0.0174759
          11    0.161912    0.220161   0.0168466
          12    0.160595    0.215198   0.0161601
          13    0.216197    0.215274   0.0148653
          14    0.151937     0.21075   0.0144871
          15    0.233606    0.212274   0.0135726
          16    0.151937    0.208503   0.0132442
          17    0.213582    0.208802   0.0124443
          18    0.189571    0.207733   0.0117812
          19    0.162538    0.205355   0.0113949
          20     0.24614    0.207394   0.0110008
           1    0.225213    0.225213           0
           2   0.0990802    0.162146   0.0630662
           3   0.0878417    0.137378   0.0440369
           4    0.171754    0.145972   0.0323029
           5     0.10143    0.137064   0.0265603
           6    0.128347    0.135611    0.021735
           7   0.0798259    0.127642   0.0200236
           8    0.140977    0.129308   0.0174209
           9    0.184482    0.135439   0.0165417
          10    0.115028    0.133398   0.0149354
          11    0.143985     0.13436   0.0135438
          12   0.0826619    0.130052   0.0130929
          13   0.0971296     0.12752   0.0123071
          14    0.133482    0.127945   0.0114021
          15   0.0644911    0.123715   0.0114267
          16   0.0874014    0.121446    0.010927
          17   0.0834581    0.119211   0.0105045
          18    0.110893    0.118749  0.00991455
          19    0.131758    0.119434  0.00940319
          20   0.0935536     0.11814  0.00901401
           1    0.333123    0.333123           0
           2    0.273941    0.303532   0.0295909
           3    0.276487    0.294517    0.019317
           4    0.245554    0.282276   0.0183415
           5    0.219823    0.269786   0.0189173
           6    0.247578    0.266084   0.0158832
           7     0.31112    0.272518   0.0148859
           8    0.363212    0.283855   0.0171672
           9    0.320657    0.287944   0.0156825
          10    0.210402     0.28019   0.0160275
          11     0.24161    0.276682   0.0149156
          12    0.190013     0.26946    0.015413
          13    0.348657    0.275552   0.0154313
          14    0.189584    0.269412   0.0155504
          15    0.256041     0.26852   0.0145041
          16    0.191088    0.263681   0.0144046
          17    0.226826    0.261513   0.0137033
          18    0.270599    0.262018   0.0129295
          19    0.238091    0.260758   0.0122947
          20    0.270227    0.261232   0.0116734
           1    0.258387    0.258387           0
           2    0.147752    0.203069   0.0553172
           3    0.123033    0.176391   0.0416143
           4    0.193024    0.180549   0.0297181
           5    0.136315    0.171702    0.024661
           6    0.127951     0.16441   0.0214153
           7    0.134694    0.160165   0.0185904
           8    0.194379    0.164442   0.0166582
           9    0.276805    0.176927   0.0192795
          10    0.264004    0.185634    0.019318
          11    0.247728    0.191279   0.0183629
          12    0.169162    0.189436    0.016864
          13    0.195252    0.189884   0.0155191
          14    0.212744    0.191516   0.0144603
          15    0.128288    0.187301   0.0141064
          16    0.163215    0.185796   0.0132809
          17     0.14996    0.183688   0.0126521
          18    0.170971    0.182981   0.0119494
          19     0.15977     0.18176   0.0113688
          20    0.129503    0.179147   0.0110974
           1    0.377022    0.377022           0
           2    0.337949    0.357485   0.0195361
           3    0.308971    0.341314   0.0197165
           4      0.3076    0.332885   0.0162914
           5    0.314542    0.329217   0.0131418
           6    0.302433    0.324753   0.0116217
           7    0.323024    0.324506  0.00982521
           8    0.415986    0.335941   0.0142534
           9    0.359943    0.338608   0.0128501
          10    0.274689    0.332216   0.0131513
          11     0.33031    0.332042   0.0118971
          12    0.292453    0.328743   0.0113505
          13    0.314587    0.327654   0.0104976
          14    0.301107    0.325758  0.00990214
          15    0.289611    0.323348  0.00952817
          16    0.301153    0.321961   0.0090201
          17    0.267512    0.318758  0.00905807
          18    0.299139    0.317668   0.0086093
          19    0.269813     0.31515  0.00852418
          20    0.339858    0.316385  0.00818057
           1    0.279631    0.279631           0
           2    0.252192    0.265912   0.0137193
           3    0.208967     0.24693   0.0205679
           4    0.229967    0.242689   0.0151493
           5    0.225073    0.239166   0.0122522
           6    0.175688    0.228586   0.0145605
           7     0.23589     0.22963     0.01235
           8    0.266401    0.234226   0.0116412
           9    0.302845    0.241851    0.012788
          10    0.355017    0.253167   0.0160902
          11    0.313379    0.258641   0.0155494
          12    0.227852    0.256075   0.0144246
          13    0.246652     0.25535   0.0132885
          14    0.253398    0.255211   0.0123036
          15    0.181559    0.250301   0.0124621
          16    0.230346    0.249054   0.0117237
          17    0.189657     0.24556   0.0115535
          18    0.222491    0.244278   0.0109679
          19     0.21092    0.242522   0.0105221
          20    0.202735    0.240533   0.0101784
           1    0.408987    0.408987           0
           2    0.350108    0.379547   0.0294394
           3    0.350226    0.369773   0.0196066
           4    0.372552    0.370468   0.0138813
           5    0.370238    0.370422   0.0107525
           6    0.337482    0.364932   0.0103546
           7    0.415399    0.372141   0.0113386
           8     0.35869     0.37046  0.00996243
           9    0.397264    0.373438  0.00927709
          10    0.364232    0.372518  0.00834861
          11    0.356014    0.371017  0.00769919
          12     0.36486    0.370504  0.00704707
          13    0.348847    0.368838  0.00669301
          14    0.332342    0.366231  0.00672254
          15     0.33341    0.364043  0.00662982
          16    0.340523    0.362573  0.00637348
          17     0.36961    0.362987  0.00600113
          18     0.36097    0.362875  0.00565903
          19    0.353141    0.362363  0.00537737
          20      0.3557     0.36203  0.00511229
           1    0.328738    0.328738           0
           2    0.302893    0.315815   0.0129228
           3    0.264262    0.298631   0.0187342
           4     0.31771    0.303401   0.0140797
           5    0.271863    0.297093   0.0125987
           6    0.311127    0.299432   0.0105494
           7    0.270335    0.295275  0.00983722
           8    0.315955     0.29786  0.00890283
           9    0.312414    0.299477  0.00801635
          10    0.351879    0.304718  0.00888082
          11    0.335355    0.307503  0.00850215
          12    0.258608    0.303428   0.0087659
          13    0.317489     0.30451  0.00813567
          14    0.302985    0.304401  0.00753296
          15    0.271765    0.302225  0.00734256
          16    0.297796    0.301948  0.00687391
          17    0.255152    0.299196  0.00701921
          18    0.299881    0.299234  0.00661788
          19    0.291689    0.298837  0.00627247
          20    0.262711     0.29703  0.00621869
           1    0.422378    0.422378           0
           2    0.406991    0.414685  0.00769391
           3    0.392398    0.407256  0.00865575
           4    0.377269    0.399759  0.00967792
           5    0.375756    0.394958  0.00890184
           6    0.405626    0.396736  0.00748262
           7    0.424722    0.400734  0.00748174
           8    0.411014    0.402019  0.00660556
           9    0.420407    0.404062  0.00617345
          10    0.388629    0.402519  0.00573332
          11    0.381322    0.400592  0.00553241
          12    0.428795    0.402942  0.00557044
          13    0.391096    0.402031  0.00520445
          14     0.39818    0.401756  0.00482623
          15    0.358629    0.398881  0.00533415
          16    0.387841    0.398191  0.00503712
          17     0.39113    0.397775  0.00474974
          18    0.379708    0.396772  0.00458921
          19    0.390274     0.39643  0.00435441
          20    0.383863    0.395801  0.00417847
           1    0.347522    0.347522           0
           2    0.326299    0.336911   0.0106113
           3    0.290231    0.321351   0.0167225
           4    0.361171    0.331306   0.0154571
           5    0.321877     0.32942   0.0121206
           6    0.339673    0.331129   0.0100429
           7    0.320742    0.329645  0.00861651
           8    0.319726    0.328405  0.00756442
           9    0.355533    0.331419  0.00732054
          10    0.384961    0.336774  0.00845811
          11    0.357193     0.33863  0.00787264
          12    0.320606    0.337128  0.00734199
          13    0.374174    0.339978  0.00733026
          14    0.366901    0.341901  0.00705371
          15    0.302124    0.339249  0.00708187
          16    0.305516    0.337141   0.0069519
          17     0.32433    0.336387  0.00657351
          18    0.352139    0.337262  0.00625904
          19     0.31106    0.335883  0.00607895
          20    0.287764    0.333477  0.00624875
           1    0.440569    0.440569           0
           2    0.418743    0.429656   0.0109134
           3    0.407581    0.422298   0.0096875
           4    0.413989    0.420221  0.00715809
           5    0.403472    0.416871  0.00647796
           6     0.43332    0.419612   0.0059575
           7    0.422505    0.420025  0.00505194
           8    0.425458    0.420705  0.00442749
           9    0.433647    0.422143  0.00416107
          10     0.41949    0.421877  0.00373122
          11    0.417129    0.421446  0.00340251
          12    0.442765    0.423222  0.00357825
          13    0.414558    0.422556  0.00335832
          14    0.409978    0.421657   0.0032364
          15    0.395479    0.419912  0.00348188
          16    0.400289    0.418686  0.00348026
          17    0.401941    0.417701  0.00341431
          18     0.40119    0.416783  0.00334717
          19    0.410098    0.416431   0.0031856
          20     0.40173    0.415696  0.00311024
           1     0.40154     0.40154           0
           2    0.373563    0.387552   0.0139886
           3    0.334583    0.369896   0.0194157
           4    0.380165    0.372463    0.013967
           5    0.377471    0.373465    0.010865
           6     0.36906    0.372731  0.00890158
           7    0.381124     0.37393  0.00761817
           8    0.363392    0.372612  0.00672773
           9    0.405338    0.376249  0.00695885
          10    0.390024    0.377626   0.0063748
          11    0.383527    0.378163  0.00579113
          12     0.35493    0.376226   0.0056299
          13    0.400857    0.378121  0.00551446
          14    0.385226    0.378629  0.00513056
          15    0.362463    0.377551  0.00489637
          16    0.353842    0.376069  0.00481387
          17    0.378446    0.376209  0.00452401
          18    0.381505    0.376503  0.00427541
          19    0.361461    0.375711   0.0041209
          20    0.343439    0.374098  0.00422935
           1    0.445794    0.445794           0
           2     0.42411    0.434952    0.010842
           3    0.441255    0.437053  0.00660281
           4    0.437682     0.43721  0.00467154
           5    0.422498    0.434268  0.00466385
           6    0.433867    0.434201  0.00380861
           7    0.437235    0.434634   0.0032479
           8    0.441097    0.435442  0.00292649
           9    0.430469     0.43489  0.00263941
          10    0.409599    0.432361  0.00345969
          11    0.433367    0.432452  0.00313075
          12    0.421467    0.431537  0.00300098
          13      0.4216    0.430772  0.00286438
          14    0.413817    0.429561  0.00291537
          15    0.418028    0.428792  0.00282086
          16    0.414241    0.427883  0.00279101
          17    0.436735    0.428404  0.00267291
          18    0.408271    0.427285   0.0027571
          19    0.423767      0.4271  0.00261452
          20    0.424348    0.426962  0.00248417
           1    0.408585    0.408585           0
           2    0.398642    0.403613  0.00497149
           3    0.364708    0.390645   0.0132824
           4    0.413145     0.39627   0.0109477
           5    0.419372     0.40089   0.0096571
           6    0.396943    0.400232  0.00791239
           7    0.427862    0.404179  0.00776521
           8     0.38856    0.402227  0.00700255
           9    0.413632    0.403494  0.00630435
          10    0.419245    0.405069  0.00585463
          11    0.400451    0.404649  0.00531232
          12    0.399987    0.404261  0.00486501
          13    0.416822    0.405227  0.00457829
          14    0.395518    0.404534  0.00429503
          15    0.389834    0.403554   0.0041168
          16     0.39818    0.403218  0.00386554
          17    0.395922    0.402789  0.00365631
          18    0.396135    0.402419  0.00346697
          19     0.38401     0.40145  0.00341955
          20    0.384246     0.40059  0.00335617
           1     0.44752     0.44752           0
           2    0.431202    0.439361  0.00815871
           3    0.435286    0.438003  0.00490239
           4    0.444571    0.439645  0.00383582
           5    0.428492    0.437414  0.00371532
           6    0.440317    0.437898  0.00307188
           7    0.442457    0.438549  0.00267665
           8    0.450998    0.440105  0.00279188
           9    0.426621    0.438607  0.00288223
          10    0.430385    0.437785  0.00270589
          11    0.436125    0.437634  0.00245221
          12     0.44341    0.438115  0.00228971
          13    0.428726    0.437393  0.00222663
          14    0.425545    0.436547  0.00222842
          15    0.426176    0.435855  0.00218671
          16     0.42634    0.435261  0.00213018
          17    0.444107    0.435781  0.00206751
          18    0.417551    0.434768  0.00219668
          19    0.433467      0.4347  0.00207898
          20    0.432743    0.434602  0.00197472
           1    0.428342    0.428342           0
           2     0.41303    0.420686  0.00765604
           3    0.397068    0.412814  0.00902874
           4    0.417649    0.414022   0.0064977
           5    0.429289    0.417076  0.00588686
           6    0.399883     0.41421  0.00559589
           7    0.427548    0.416116  0.00509879
           8    0.425084    0.417237  0.00455575
           9    0.408097    0.416221  0.00414415
          10    0.426989    0.417298  0.00385987
          11    0.413396    0.416943  0.00350936
          12    0.416622    0.416917   0.0032037
          13    0.424119    0.417471  0.00299861
          14    0.404452    0.416541  0.00292776
          15    0.410116    0.416112  0.00275905
          16    0.419292    0.416311   0.0025885
          17    0.418008    0.416411  0.00243352
          18    0.404385    0.415743  0.00238964
          19    0.409797     0.41543  0.00228193
          20    0.394321    0.414374  0.00240842
           1    0.446537    0.446537           0
           2    0.440425    0.443481  0.00305601
           3    0.418741    0.435235  0.00843328
           4    0.438952    0.436164   0.0060352
           5    0.437207    0.436373   0.0046795
           6      0.4414     0.43721   0.0039116
           7    0.445751    0.438431  0.00352386
           8    0.447365    0.439547  0.00324967
           9    0.431611    0.438665  0.00299855
          10    0.436895    0.438488  0.00268782
          11    0.445337    0.439111  0.00250968
          12    0.438391    0.439051   0.0022918
          13     0.43517    0.438752  0.00212918
          14    0.431881    0.438262  0.00203142
          15    0.441255    0.438461  0.00190165
          16     0.44254    0.438716  0.00179701
          17    0.433838    0.438429  0.00171221
          18    0.444447    0.438764  0.00164854
          19    0.442043    0.438936  0.00156888
          20    0.431277    0.438553  0.00153685
           1    0.426318    0.426318           0
           2    0.427278    0.426798 0.000479826
           3    0.407771    0.420456  0.00634826
           4    0.430302    0.422917  0.00511952
           5    0.429738    0.424281  0.00419366
           6    0.403099    0.420751  0.00491818
           7    0.428196    0.421814  0.00429052
           8     0.43248    0.423148  0.00394763
           9     0.42365    0.423203  0.00348193
          10    0.433263    0.424209  0.00327276
          11    0.432285    0.424944     0.00305
          12    0.414174    0.424046  0.00292533
          13    0.430327    0.424529  0.00273394
          14    0.423918    0.424486  0.00253151
          15    0.417673    0.424031  0.00240007
          16    0.430461    0.424433  0.00228075
          17    0.417675    0.424036  0.00217896
          18     0.41814    0.423708  0.00208029
          19    0.415855    0.423295   0.0020107
          20    0.410331    0.422647  0.00201463
           1    0.449125    0.449125           0
           2    0.442909    0.446017    0.003108
           3    0.435115    0.442383  0.00405286
           4    0.443297    0.442611   0.0028749
           5    0.447725    0.443634   0.0024505
           6    0.430732    0.441484  0.00293722
           7     0.43784    0.440963  0.00253639
           8    0.442595    0.441167  0.00220603
           9    0.439173    0.440946  0.00195811
          10    0.436098    0.440461  0.00181724
          11    0.441708    0.440574  0.00164766
          12      0.4293    0.439635  0.00177342
          13    0.442447    0.439851  0.00164559
          14    0.434651    0.439479  0.00156814
          15    0.449548    0.440151  0.00160679
          16    0.440635    0.440181  0.00150332
          17    0.446195    0.440535  0.00145575
          18      0.4418    0.440605   0.0013743
          19    0.442373    0.440698  0.00130328
          20    0.435597    0.440443  0.00126243
           1    0.433399    0.433399           0
           2    0.432161     0.43278 0.000619084
           3    0.427237    0.430932  0.00188201
           4      0.4444    0.434299  0.00362043
           5    0.440123    0.435464  0.00303661
           6    0.420693    0.433002  0.00349395
           7     0.42395    0.431709  0.00322367
           8    0.432377    0.431792  0.00279303
           9     0.42964    0.431553   0.0024748
          10    0.441178    0.432516  0.00241371
          11    0.432307    0.432497  0.00218337
          12    0.415915    0.431115  0.00242528
          13    0.436182    0.431505  0.00226473
          14    0.428371    0.431281  0.00210865
          15    0.430452    0.431226  0.00196382
          16    0.433169    0.431347    0.001841
          17    0.431442    0.431353  0.00172932
          18    0.436595    0.431644  0.00165623
          19    0.427875    0.431445  0.00157914
          20    0.416401    0.430693  0.00167636
           1    0.447489    0.447489           0
           2     0.42495     0.43622   0.0112698
           3    0.437786    0.436742  0.00652752
           4    0.446796    0.439255  0.00525567
           5    0.440093    0.439423  0.00407447
           6    0.425184     0.43705  0.00408646
           7    0.437553    0.437121  0.00345444
           8    0.437653    0.437188  0.00299237
           9     0.43742    0.437214  0.00263915
          10    0.430012    0.436494  0.00246793
          11    0.442446    0.437035  0.00229697
          12    0.429812    0.436433  0.00218151
          13    0.440491    0.436745  0.00203083
          14    0.434278    0.436569  0.00188842
          15     0.44511    0.437138  0.00184794
          16    0.435891     0.43706  0.00173035
          17     0.44117    0.437302  0.00164326
          18    0.443721    0.437659  0.00158979
          19    0.439197     0.43774  0.00150596
          20    0.429745     0.43734  0.00148354
           1    0.435692    0.435692           0
           2    0.421616    0.428654  0.00703804
           3    0.431971     0.42976  0.00421116
           4    0.444025    0.433326  0.00464602
           5    0.435638    0.433788  0.00362838
           6    0.423781     0.43212  0.00339982
           7    0.430315    0.431863  0.00288492
           8    0.432642     0.43196  0.00250031
           9    0.431877    0.431951  0.00220509
          10    0.431296    0.431885  0.00197338
          11    0.433482     0.43203  0.00179088
          12    0.418406    0.430895  0.00199041
          13    0.437517    0.431405  0.00190045
          14    0.425668    0.430995  0.00180655
          15    0.437127    0.431404  0.00173078
          16    0.431131    0.431387  0.00161909
          17    0.430929     0.43136  0.00152111
          18    0.433519     0.43148  0.00143912
          19    0.429642    0.431383   0.0013647
          20    0.416292    0.430628  0.00149851
           1    0.437699    0.437699           0
           2    0.424477    0.431088  0.00661058
           3    0.434184     0.43212  0.00395372
           4    0.440522     0.43422  0.00349679
           5     0.43223    0.433822   0.0027377
           6    0.430617    0.433288  0.00229827
           7    0.432364    0.433156  0.00194687
           8    0.433111    0.433151  0.00168605
           9    0.433648    0.433206  0.00148798
          10    0.426352     0.43252  0.00149701
          11    0.437654    0.432987  0.00143226
          12    0.427206    0.432505   0.0013934
          13    0.424852    0.431917  0.00141046
          14    0.432484    0.431957  0.00130646
          15    0.434587    0.432132  0.00122882
          16    0.429286    0.431955  0.00116314
          17    0.435019    0.432135  0.00110735
          18    0.435808    0.432339  0.00106378
          19    0.433036    0.432376   0.0010069
          20    0.432484    0.432381 0.000955248
           1    0.433965    0.433965           0
           2    0.422097    0.428031  0.00593414
           3    0.433374    0.429812  0.00386132
           4    0.438448    0.431971  0.00348089
           5    0.431699    0.431917  0.00269684
           6    0.425417    0.430833  0.00245399
           7     0.42691    0.430273   0.0021484
           8    0.428548    0.430057  0.00187302
           9    0.423853    0.429368   0.0017899
          10    0.427099    0.429141  0.00161694
          11    0.431543     0.42936  0.00147879
          12    0.422507    0.428788  0.00146575
          13    0.431011    0.428959  0.00135909
          14    0.433396    0.429276  0.00129757
          15    0.428156    0.429202  0.00121028
          16    0.429056    0.429193  0.00113215
          17    0.431921    0.429353  0.00107551
          18    0.431654    0.429481  0.00102203
          19    0.430075    0.429512 0.000967246
          20    0.421155    0.429094  0.00100828
           1    0.430029    0.430029           0
           2    0.419915    0.424972  0.00505715
           3    0.428697    0.426214  0.00317276
           4    0.431817    0.427614  0.00264492
           5    0.429679    0.428027  0.00208996
           6    0.428279    0.428069  0.00170696
           7    0.425812    0.427747  0.00147825
           8    0.425123    0.427419  0.00132153
           9    0.424232    0.427065  0.00121809
          10    0.427336    0.427092  0.00108983
          11    0.432878    0.427618  0.00111733
          12    0.422691    0.427207  0.00109952
          13    0.419874    0.426643  0.00115808
          14    0.428818    0.426799  0.00108337
          15    0.430661    0.427056  0.00104092
          16    0.424772    0.426913 0.000984095
          17    0.425812    0.426849 0.000926665
          18    0.428549    0.426943 0.000878758
          19    0.423164    0.426744 0.000854684
          20    0.426729    0.426743 0.000810825
           1    0.425015    0.425015           0
           2    0.422481    0.423748  0.00126717
           3    0.425632    0.424376 0.000964285
           4    0.431833     0.42624  0.00198503
           5    0.428982    0.426789  0.00163244
           6    0.420906    0.425808   0.0016546
           7    0.423906    0.425537  0.00142455
           8    0.423877    0.425329  0.00125102
           9    0.419638    0.424697  0.00127166
          10     0.42606    0.424833  0.00114554
          11    0.429178    0.425228  0.00110891
          12    0.419764    0.424773  0.00110998
          13    0.420803    0.424467  0.00106571
          14    0.431038    0.424937  0.00109258
          15    0.428666    0.425185  0.00104709
          16    0.425564    0.425209 0.000979749
          17    0.426514    0.425286 0.000923509
          18    0.424046    0.425217 0.000873413
          19    0.423848    0.425145 0.000829303
          20     0.42238    0.425007 0.000798797
           1    0.418746    0.418746           0
           2    0.416744    0.417745  0.00100113
           3    0.419844    0.418445 0.000907398
           4    0.422157    0.419373  0.00112825
           5    0.421512    0.419801 0.000973057
           6    0.417538    0.419423 0.000879445
           7    0.421658    0.419743  0.00080892
           8    0.419819    0.419752  0.00070061
           9    0.420489    0.419834 0.000623284
          10    0.422509    0.420102 0.000618353
          11    0.424757    0.420525 0.000701371
          12     0.41871    0.420374 0.000657887
          13    0.408061    0.419426  0.00112398
          14    0.423482    0.419716  0.00108017
          15    0.426539    0.420171  0.00110367
          16    0.422096    0.420291  0.00103938
          17    0.420514    0.420304 0.000976415
          18     0.42094     0.42034  0.00092125
          19    0.417831    0.420208 0.000881361
          20    0.425424    0.420468 0.000875866
           1    0.417843    0.417843           0
           2     0.41919    0.418516 0.000673369
           3    0.418841    0.418624  0.00040356
           4    0.420225    0.419024 0.000491394
           5    0.421711    0.419562 0.000658514
           6    0.414467    0.418713  0.00100501
           7    0.419432    0.418816 0.000855588
           8    0.414668    0.418297  0.00090434
           9    0.415941    0.418035 0.000839409
          10    0.419243    0.418156 0.000760447
          11    0.423055    0.418601 0.000819427
          12    0.413089    0.418142 0.000877805
          13    0.414086     0.41783 0.000865642
          14    0.424252    0.418289 0.000923429
          15    0.423344    0.418626 0.000923359
          16    0.419558    0.418684 0.000865686
          17    0.420558    0.418794 0.000820605
          18    0.419143    0.418814 0.000773916
          19    0.417608     0.41875 0.000734795
          20    0.421463    0.418886  0.00071016
           1    0.413743    0.413743           0
           2    0.410255    0.411999  0.00174413
           3    0.411308    0.411769  0.00103297
           4    0.411918    0.411806 0.000731368
           5    0.413931    0.412231 0.000708232
           6    0.407967    0.411521 0.000916164
           7    0.411696    0.411546 0.000774706
           8    0.408345    0.411146  0.00078112
           9    0.409944    0.411012 0.000701692
          10     0.41466    0.411377 0.000725951
          11    0.414583    0.411668 0.000718431
          12    0.408545    0.411408 0.000705585
          13    0.406365     0.41102 0.000756128
          14    0.414174    0.411246 0.000735399
          15    0.417914     0.41169 0.000816284
          16    0.410798    0.411634 0.000765595
          17    0.413666    0.411754 0.000729013
          18    0.411408    0.411735 0.000687588
          19     0.40929    0.411606 0.000663003
          20    0.418662    0.411959 0.000721171
           1    0.411429    0.411429           0
           2    0.412974    0.412201 0.000772524
           3    0.411552    0.411985 0.000495789
           4    0.408049    0.411001  0.00104466
           5    0.414601    0.411721  0.00108321
           6    0.406856     0.41091   0.0011998
           7    0.412697    0.411165  0.00104567
           8    0.406527    0.410586  0.00107532
           9    0.407814    0.410278 0.000997087
          10    0.412292    0.410479  0.00091428
          11      0.4124    0.410654 0.000845228
          12    0.406545    0.410311 0.000844154
          13    0.409916    0.410281 0.000777105
          14    0.414497    0.410582 0.000779934
          15    0.413965    0.410807 0.000760295
          16    0.411364    0.410842  0.00071204
          17    0.414692    0.411069  0.00070614
          18    0.412722    0.411161  0.00067206
          19    0.408723    0.411032 0.000648523
          20    0.413329    0.411147 0.000625866
           1    0.402214    0.402214           0
           2    0.403708    0.402961 0.000746927
           3    0.403738     0.40322  0.00050307
           4     0.40178     0.40286 0.000506186
           5    0.406849    0.403658 0.000888989
           6    0.398165    0.402742  0.00116837
           7    0.403214     0.40281 0.000989749
           8    0.402295    0.402745 0.000859559
           9    0.401375    0.402593 0.000773192
          10     0.40527    0.402861 0.000741562
          11    0.404797    0.403037 0.000693469
          12    0.399098    0.402709 0.000713098
          13    0.400738    0.402557 0.000673238
          14    0.406598    0.402846 0.000686889
          15    0.404081    0.402928 0.000644742
          16    0.402507    0.402902 0.000603674
          17    0.404605    0.403002 0.000575839
          18    0.404202    0.403069 0.000546986
          19    0.400172    0.402916 0.000539398
          20     0.40687    0.403114 0.000548569
           1    0.403023    0.403023           0
           2    0.403019    0.403021 1.91013e-06
           3    0.403584    0.403209 0.000187393
           4    0.402751    0.403094 0.000175129
           5    0.407399    0.403955 0.000871659
           6    0.400671    0.403408 0.000897869
           7    0.403606    0.403436 0.000759364
           8    0.400073    0.403016 0.000780497
           9    0.399595    0.402636 0.000786287
          10    0.404761    0.402848 0.000734674
          11    0.403003    0.402862 0.000664685
          12    0.395936    0.402285 0.000837465
          13    0.401183      0.4022 0.000775009
          14    0.403916    0.402323 0.000727911
          15    0.402659    0.402345 0.000678018
          16    0.401214    0.402274 0.000638157
          17    0.405116    0.402442 0.000622305
          18    0.401981    0.402416 0.000587272
          19    0.399647     0.40227 0.000574297
          20    0.403524    0.402333 0.000548421
           1    0.394401    0.394401           0
           2    0.395439     0.39492 0.000518786
           3    0.396118    0.395319 0.000499058
           4     0.39258    0.394635 0.000770374
           5    0.396961      0.3951 0.000756664
           6    0.387945    0.393907  0.00134306
           7    0.393243    0.393812  0.00113905
           8    0.395714     0.39405  0.00101469
           9    0.393077    0.393942 0.000901378
          10    0.396411    0.394189 0.000843178
          11    0.396933    0.394438 0.000802453
          12    0.391852    0.394223 0.000763577
          13    0.389989    0.393897 0.000774236
          14    0.396677    0.394096 0.000743792
          15    0.392985    0.394022 0.000696379
          16     0.39246    0.393924 0.000658671
          17    0.395778    0.394033 0.000628255
          18    0.393151    0.393984 0.000594349
          19    0.391567    0.393857 0.000576417
          20    0.394309     0.39388 0.000547305
           1    0.395222    0.395222           0
           2    0.396434    0.395828 0.000605971
           3    0.393576    0.395077 0.000828281
           4    0.391139    0.394093  0.00114561
           5    0.397978     0.39487  0.00117953
           6    0.389958    0.394051  0.00126399
           7    0.394543    0.394121  0.00107057
           8    0.393424    0.394034 0.000931223
           9    0.391422    0.393744 0.000871047
          10    0.395327    0.393902 0.000794999
          11    0.394666    0.393972  0.00072245
          12    0.391332    0.393752 0.000695214
          13    0.388803    0.393371 0.000744237
          14    0.394061     0.39342 0.000690791
          15    0.394963    0.393523 0.000651259
          16     0.39396    0.393551 0.000609807
          17    0.397185    0.393764 0.000611411
          18    0.391976    0.393665 0.000584943
          19    0.391939    0.393574 0.000560708
          20    0.392011    0.393496 0.000537648
           1    0.382103    0.382103           0
           2    0.385169    0.383636   0.0015333
           3    0.384353    0.383875 0.000916974
           4    0.382651    0.383569 0.000716963
           5    0.385951    0.384045 0.000731644
           6    0.378964    0.383199   0.0010364
           7    0.384092    0.383326 0.000885175
           8    0.384505    0.383474 0.000780612
           9    0.383713      0.3835 0.000688951
          10    0.387025    0.383853   0.0007099
          11    0.385716    0.384022 0.000664086
          12    0.384244     0.38404 0.000606506
          13    0.381892    0.383875 0.000581878
          14    0.386001    0.384027 0.000559707
          15    0.384134    0.384034 0.000521108
          16    0.382862    0.383961 0.000492926
          17    0.387871    0.384191 0.000517013
          18    0.382786    0.384113 0.000493653
          19    0.382457    0.384026 0.000475011
          20    0.384269    0.384038 0.000450799
           1    0.384242    0.384242           0
           2    0.385863    0.385052 0.000810598
           3    0.382852    0.384319 0.000870202
           4    0.381783    0.383685  0.00088341
           5    0.386623    0.384273 0.000901987
           6    0.379875     0.38354  0.00103897
           7    0.382705     0.38342 0.000886154
           8      0.3817    0.383205 0.000796997
           9    0.381549    0.383021 0.000726572
          10    0.386349    0.383354 0.000730093
          11    0.384603    0.383468 0.000670087
          12    0.383026    0.383431 0.000612808
          13    0.381828    0.383308 0.000577025
          14    0.385237    0.383445 0.000551718
          15    0.383662     0.38346 0.000513825
          16    0.384681    0.383536  0.00048666
          17    0.386616    0.383717 0.000491717
          18    0.379784    0.383499 0.000512506
          19    0.382833    0.383464 0.000486046
          20    0.384658    0.383524 0.000464956
           1    0.372523    0.372523           0
           2    0.375376     0.37395  0.00142617
           3    0.372377    0.373425 0.000976167
           4    0.372608    0.373221  0.00071983
           5    0.373427    0.373262 0.000559093
           6     0.36837    0.372447 0.000934527
           7    0.373674    0.372622 0.000809031
           8     0.37372    0.372759 0.000713953
           9    0.372083    0.372684 0.000634116
          10    0.376406    0.373056 0.000678372
          11    0.375353    0.373265 0.000648153
          12    0.375952    0.373489 0.000632645
          13    0.372037    0.373377 0.000592577
          14    0.374991    0.373493 0.000560598
          15    0.373627    0.373502 0.000521966
          16    0.372268    0.373424 0.000494299
          17    0.376367    0.373598 0.000495535
          18    0.372956    0.373562 0.000468552
          19    0.372361    0.373499 0.000447689
          20    0.374375    0.373543 0.000426969
           1    0.372529    0.372529           0
           2    0.377293    0.374911  0.00238181
           3    0.370459    0.373427  0.00202309
           4    0.372809    0.373273  0.00143885
           5    0.374822    0.373582  0.00115682
           6     0.36897    0.372814  0.00121782
           7    0.372282    0.372738  0.00103205
           8    0.371117    0.372535 0.000916446
           9    0.371962    0.372472 0.000810734
          10    0.375519    0.372776 0.000786561
          11    0.373961    0.372884 0.000719583
          12    0.375468    0.373099  0.00069128
          13    0.371868    0.373005 0.000642905
          14    0.374284    0.373096 0.000602186
          15     0.37372    0.373138 0.000562148
          16    0.374727    0.373237 0.000535145
          17    0.376189    0.373411  0.00053183
          18    0.370093    0.373226 0.000534213
          19    0.372889    0.373209 0.000505625
          20    0.374302    0.373263 0.000482785
           1    0.363438    0.363438           0
           2    0.364997    0.364217 0.000779495
           3    0.362287    0.363574 0.000785148
           4     0.36144     0.36304 0.000769854
           5    0.364621    0.363357 0.000674972
           6    0.359579    0.362727 0.000836688
           7     0.36196    0.362618 0.000715573
           8    0.364558     0.36286 0.000665471
           9    0.361241     0.36268  0.00061384
          10    0.365669    0.362979 0.000625097
          11    0.363828    0.363056 0.000570663
          12     0.36569    0.363276 0.000565285
          13    0.362095    0.363185 0.000527857
          14    0.365654    0.363361 0.000519563
          15    0.363672    0.363382  0.00048413
          16    0.361042    0.363236 0.000475897
          17     0.36569     0.36338 0.000469759
          18    0.362713    0.363343 0.000444439
          19    0.360935    0.363216 0.000439089
          20    0.363345    0.363223 0.000416606
           1    0.363274    0.363274           0
           2    0.366236    0.364755  0.00148073
           3    0.362169    0.363893   0.0012141
           4    0.360526    0.363051  0.00120231
           5    0.365165    0.363474  0.00102277
           6     0.35968    0.362842  0.00104745
           7    0.362082    0.362733  0.00089189
           8    0.364124    0.362907 0.000791719
           9    0.361677     0.36277  0.00071149
          10    0.365338    0.363027 0.000686217
          11    0.363194    0.363042 0.000620893
          12    0.365031    0.363208 0.000590518
          13    0.360624    0.363009  0.00057843
          14    0.365178    0.363164 0.000557486
          15    0.363245    0.363169  0.00051902
          16    0.363498     0.36319 0.000485933
          17    0.365639    0.363334 0.000478639
          18    0.363281    0.363331 0.000451275
          19    0.361425    0.363231 0.000438489
          20    0.362737    0.363206  0.00041672
           1    0.352444    0.352444           0
           2    0.354928    0.353686  0.00124178
           3    0.351365    0.352912  0.00105477
           4    0.350939    0.352419 0.000894181
           5    0.353417    0.352619 0.000720802
           6    0.349929     0.35217  0.00073977
           7    0.351424    0.352064 0.000634248
           8    0.353606    0.352256 0.000582119
           9    0.350454    0.352056 0.000551055
          10    0.353749    0.352226 0.000521145
          11    0.353645    0.352355 0.000488736
          12    0.354101      0.3525 0.000469293
          13    0.352242     0.35248 0.000432145
          14    0.354479    0.352623 0.000424793
          15    0.352829    0.352637   0.0003957
          16    0.350631    0.352511 0.000390791
          17    0.354127    0.352606 0.000379189
          18    0.353032     0.35263 0.000358283
          19    0.352189    0.352607 0.000339695
          20    0.352516    0.352602 0.000322295
           1    0.352008    0.352008           0
           2    0.355713     0.35386  0.00185249
           3    0.352243    0.353321  0.00119772
           4    0.350311    0.352569   0.0011329
           5    0.353941    0.352843 0.000919457
           6    0.349653    0.352311  0.00091997
           7    0.351154    0.352146 0.000794885
           8    0.353548    0.352321 0.000710347
           9    0.350711    0.352142 0.000651521
          10    0.353927    0.352321 0.000609455
          11    0.353606    0.352438 0.000563514
          12    0.353501    0.352526 0.000521991
          13    0.352125    0.352495 0.000481151
          14     0.35442    0.352633 0.000466196
          15    0.352477    0.352623 0.000434129
          16    0.351817    0.352572   0.0004092
          17     0.35421    0.352669 0.000396262
          18    0.352123    0.352638 0.000374826
          19    0.351262    0.352566 0.000361877
          20    0.352497    0.352562 0.000343324
           1    0.342134    0.342134           0
           2    0.344975    0.343554  0.00142075
           3    0.341838    0.342982  0.00100015
           4    0.342043    0.342747 0.000745163
           5    0.343671    0.342932  0.00060603
           6    0.339373    0.342339 0.000772521
           7    0.342369    0.342343 0.000652914
           8    0.343617    0.342502 0.000587422
           9    0.341372    0.342377 0.000533057
          10    0.343551    0.342494 0.000491014
          11    0.343569    0.342592 0.000454751
          12    0.343996    0.342709   0.0004313
          13    0.341814     0.34264 0.000402672
          14     0.34402    0.342739  0.00038561
          15    0.342984    0.342755 0.000359357
          16    0.340089    0.342588 0.000375188
          17    0.344657     0.34271 0.000372844
          18    0.342767    0.342713 0.000351535
          19    0.341034    0.342625 0.000344069
          20    0.343671    0.342677 0.000330577
           1    0.342029    0.342029           0
           2    0.344614    0.343321  0.00129252
           3    0.342206     0.34295 0.000833699
           4    0.340487    0.342334 0.000852281
           5    0.343872    0.342642 0.000728352
           6     0.33902    0.342038 0.000847338
           7    0.342423    0.342093 0.000718236
           8    0.342855    0.342188 0.000629267
           9    0.340763     0.34203 0.000577128
          10    0.343785    0.342205 0.000545235
          11    0.343708    0.342342 0.000511744
          12     0.34382    0.342465 0.000483127
          13    0.342277    0.342451  0.00044465
          14    0.344467    0.342595 0.000436121
          15    0.343171    0.342633 0.000407821
          16    0.341588    0.342568 0.000387031
          17    0.344574    0.342686 0.000382226
          18    0.342488    0.342675 0.000360533
          19    0.340896    0.342581 0.000353648
          20     0.34366    0.342635 0.000339808
           1    0.332226    0.332226           0
           2    0.334483    0.333354  0.00112824
           3    0.332059    0.332923 0.000781521
           4    0.331373    0.332535 0.000674911
           5    0.332009     0.33243 0.000533277
           6    0.328909    0.331843 0.000730653
           7    0.332789    0.331978 0.000632113
           8      0.3339    0.332219 0.000597825
           9    0.330674    0.332047 0.000554444
          10     0.33251    0.332093  0.00049807
          11    0.332761    0.332154  0.00045459
          12    0.332382    0.332173 0.000415418
          13    0.331691    0.332136 0.000383924
          14     0.33456    0.332309 0.000395385
          15    0.332137    0.332298 0.000368262
          16    0.328797    0.332079 0.000408078
          17    0.334826     0.33224 0.000415999
          18    0.333512    0.332311 0.000398514
          19    0.331127    0.332249 0.000382072
          20    0.332677     0.33227 0.000363098
           1    0.332253    0.332253           0
           2    0.334819    0.333536  0.00128276
           3    0.331992    0.333021 0.000901763
           4    0.331195    0.332565 0.000784276
           5    0.332349    0.332522 0.000609024
           6    0.329382    0.331998 0.000721905
           7    0.332721    0.332102 0.000618794
           8    0.332894    0.332201 0.000544977
           9    0.330651    0.332028 0.000510546
          10    0.333097    0.332135 0.000468974
          11    0.332518     0.33217 0.000425624
          12    0.332473    0.332195  0.00038936
          13    0.332223    0.332197 0.000358166
          14     0.33386    0.332316 0.000352215
          15    0.333148    0.332372 0.000332553
          16    0.330669    0.332265 0.000328773
          17    0.335082    0.332431 0.000350468
          18    0.333547    0.332493 0.000336191
          19    0.330936    0.332411 0.000328394
          20    0.333283    0.332455 0.000314577
           1     0.32226     0.32226           0
           2    0.324147    0.323203 0.000943438
           3    0.322947    0.323118 0.000551376
           4    0.321779    0.322783  0.00051383
           5    0.322601    0.322747 0.000399677
           6    0.319616    0.322225 0.000615458
           7     0.32211    0.322208 0.000520415
           8    0.323488    0.322368  0.00047823
           9    0.321551    0.322278 0.000431419
          10    0.322549    0.322305 0.000386827
          11    0.322291    0.322303 0.000349901
          12    0.322849    0.322349 0.000322628
          13    0.321137    0.322256 0.000311073
          14    0.324126    0.322389 0.000317481
          15    0.322136    0.322372 0.000296041
          16    0.318694    0.322142 0.000359916
          17    0.324563    0.322285 0.000366845
          18    0.324774    0.322423  0.00037248
          19    0.322229    0.322413 0.000352479
          20    0.322523    0.322418 0.000334437
           1    0.321902    0.321902           0
           2    0.324412    0.323157  0.00125484
           3    0.323194    0.323169 0.000724587
           4    0.321928    0.322859 0.000599081
           5    0.322756    0.322838 0.000464503
           6     0.32041    0.322434 0.000554646
           7    0.322615    0.322459 0.000469475
           8    0.323866    0.322635 0.000442971
           9    0.320764    0.322427 0.000442552
          10    0.322683    0.322453 0.000396656
          11    0.322207    0.322431 0.000359486
          12    0.322964    0.322475 0.000331159
          13    0.321641    0.322411  0.00031131
          14    0.323577    0.322494 0.000300014
          15    0.323081    0.322533 0.000282029
          16    0.320074     0.32238 0.000305337
          17    0.324624    0.322512 0.000315755
          18    0.323883    0.322588 0.000307287
          19    0.321498     0.32253 0.000296271
          20    0.323422    0.322575 0.000284579
           1    0.311979    0.311979           0
           2    0.313505    0.312742 0.000763197
           3    0.312655    0.312713 0.000441601
           4    0.312176    0.312579 0.000339936
           5    0.312554    0.312574  0.00026336
           6    0.310615    0.312247  0.00039095
           7    0.312017    0.312214  0.00033204
           8    0.313133    0.312329 0.000309625
           9    0.311523     0.31224 0.000287372
          10    0.312463    0.312262 0.000258003
          11    0.312353     0.31227 0.000233518
          12    0.312707    0.312307 0.000216259
          13     0.31125    0.312225 0.000214909
          14    0.312113    0.312217 0.000199128
          15    0.312319    0.312224 0.000185503
          16    0.309086    0.312028 0.000261882
          17    0.314507    0.312174 0.000285963
          18    0.314602    0.312309 0.000301474
          19    0.311547    0.312269 0.000287968
          20    0.313534    0.312332 0.000280422
           1    0.312649    0.312649           0
           2    0.314318    0.313484 0.000834371
           3    0.312731    0.313233 0.000543206
           4    0.312158    0.312964 0.000468791
           5    0.312904    0.312952 0.000363319
           6    0.310476    0.312539 0.000508254
           7    0.311861    0.312442  0.00044033
           8    0.313495    0.312574 0.000403389
           9    0.311146    0.312415 0.000389525
          10     0.31303    0.312477 0.000353778
          11    0.312592    0.312487 0.000320175
          12    0.313196    0.312546 0.000298187
          13    0.311236    0.312446 0.000292212
          14    0.312873    0.312476 0.000272252
          15    0.312902    0.312504  0.00025504
          16    0.310586    0.312385 0.000267003
          17     0.31403    0.312481 0.000268839
          18    0.314219    0.312578 0.000271228
          19    0.310597    0.312474 0.000276923
          20    0.313261    0.312513 0.000265646
           1    0.302958    0.302958           0
           2    0.303861    0.303409  0.00045163
           3    0.303212    0.303343 0.000268952
           4     0.30355    0.303395 0.000197051
           5     0.30232     0.30318 0.000263682
           6    0.301609    0.302918 0.000338934
           7    0.302302     0.30283  0.00029967
           8    0.303029    0.302855 0.000260709
           9    0.302235    0.302786  0.00024002
          10    0.304283    0.302936 0.000261701
          11    0.302935    0.302936 0.000236718
          12    0.303154    0.302954 0.000216854
          13    0.301936    0.302876 0.000214301
          14    0.302503    0.302849 0.000200183
          15    0.303563    0.302897 0.000192345
          16    0.300377    0.302739 0.000239111
          17    0.304779    0.302859 0.000254662
          18    0.304518    0.302951 0.000257176
          19    0.302324    0.302918 0.000245491
          20    0.303038    0.302924  0.00023297
           1    0.303154    0.303154           0
           2    0.304524    0.303839 0.000684839
           3    0.303569    0.303749 0.000405536
           4    0.303076    0.303581 0.000332471
           5    0.303037    0.303472 0.000279567
           6    0.301669    0.303172  0.00037739
           7    0.302608    0.303091 0.000328959
           8    0.303097    0.303092 0.000284888
           9     0.30147    0.302912 0.000309199
          10    0.304291     0.30305 0.000309042
          11    0.302964    0.303042 0.000279648
          12    0.302917    0.303031 0.000255493
          13    0.302151    0.302964 0.000244577
          14    0.302904    0.302959 0.000226474
          15    0.304148    0.303039 0.000225225
          16    0.301112    0.302918 0.000242672
          17    0.304179    0.302992 0.000239719
          18    0.305033    0.303106 0.000252851
          19    0.302295    0.303063 0.000242948
          20    0.303318    0.303076 0.000230831
           1     0.29337     0.29337           0
           2    0.294702    0.294036 0.000666023
           3    0.294025    0.294032 0.000384548
           4     0.29347    0.293892 0.000306144
           5    0.292939    0.293701 0.000304236
           6    0.292315     0.29347 0.000339192
           7    0.292727    0.293364   0.0003057
           8    0.293714    0.293408 0.000268338
           9    0.292403    0.293296 0.000261677
          10     0.29481    0.293447 0.000278724
          11    0.293553    0.293457 0.000252297
          12    0.293751    0.293482 0.000231617
          13     0.29249    0.293405 0.000226297
          14    0.293291    0.293397 0.000209668
          15    0.293855    0.293428 0.000197562
          16    0.290793    0.293263 0.000247521
          17    0.294917     0.29336 0.000252038
          18    0.294752    0.293438 0.000249883
          19    0.293275    0.293429 0.000236521
          20    0.293569    0.293436 0.000224493
           1    0.293793    0.293793           0
           2    0.294894    0.294343 0.000550713
           3    0.294696    0.294461  0.00033897
           4    0.293714    0.294274 0.000303876
           5    0.293562    0.294132 0.000275073
           6     0.29288    0.293923 0.000306567
           7     0.29276    0.293757 0.000307781
           8    0.293259    0.293695 0.000273722
           9    0.292363    0.293547 0.000283122
          10    0.294893    0.293681 0.000286819
          11    0.293413    0.293657 0.000260583
          12    0.293797    0.293669 0.000238163
          13    0.292682    0.293593  0.00023185
          14    0.293361    0.293576  0.00021529
          15     0.29449    0.293637  0.00020948
          16     0.29197    0.293533 0.000221941
          17    0.294854    0.293611 0.000222486
          18    0.294639    0.293668 0.000217402
          19    0.293057    0.293636 0.000208137
          20    0.293766    0.293642 0.000197564
           1    0.284683    0.284683           0
           2    0.285698     0.28519 0.000507388
           3    0.285227    0.285203 0.000293202
           4    0.284822    0.285108  0.00022812
           5    0.283163    0.284719 0.000427082
           6    0.283781    0.284562 0.000382147
           7     0.28375    0.284446 0.000343204
           8    0.284915    0.284505 0.000302937
           9    0.283525    0.284396  0.00028851
          10    0.285632     0.28452 0.000286136
          11     0.28425    0.284495 0.000259981
          12    0.284613    0.284505 0.000237533
          13    0.283532     0.28443 0.000230949
          14    0.284404    0.284428 0.000213825
          15     0.28498    0.284465 0.000202435
          16    0.282595    0.284348 0.000222513
          17     0.28629    0.284462 0.000238194
          18    0.285578    0.284524  0.00023297
          19    0.284861    0.284542 0.000221077
          20    0.284949    0.284562 0.000210719
           1    0.284936    0.284936           0
           2    0.285726    0.285331 0.000394964
           3     0.28566     0.28544 0.000253039
           4    0.285136    0.285364 0.000194428
           5    0.284033    0.285098 0.000305875
           6    0.283869    0.284893  0.00032301
           7     0.28405    0.284773 0.000298409
           8     0.28508    0.284811 0.000261269
           9    0.283338    0.284647 0.000282603
          10     0.28632    0.284815  0.00030309
          11    0.284516    0.284787 0.000275493
          12    0.284395    0.284755 0.000253609
          13    0.283933    0.284692 0.000241699
          14    0.284523     0.28468 0.000224095
          15    0.285394    0.284727 0.000213991
          16    0.283066    0.284623 0.000225504
          17    0.285973    0.284703  0.00022621
          18    0.285752    0.284761 0.000221094
          19    0.284819    0.284764 0.000209156
          20    0.284816    0.284767  0.00019844
           1    0.276364    0.276364           0
           2    0.276948    0.276656  0.00029185
           3    0.276635    0.276649 0.000168651
           4    0.276462    0.276602  0.00012812
           5     0.27487    0.276256 0.000360347
           6    0.274699    0.275996 0.000392227
           7    0.274932    0.275844 0.000364715
           8    0.276469    0.275922 0.000325359
           9    0.275656    0.275893 0.000288458
          10    0.276739    0.275977 0.000271533
          11    0.275591    0.275942 0.000248108
          12    0.275696    0.275922 0.000227419
          13    0.274943    0.275846  0.00022234
          14     0.27627    0.275877 0.000208063
          15    0.276029    0.275887 0.000193961
          16    0.274012     0.27577 0.000215974
          17    0.276743    0.275827 0.000210792
          18    0.276862    0.275884 0.000206882
          19    0.276195    0.275901 0.000196371
          20    0.275747    0.275893 0.000186453
           1    0.276434    0.276434           0
           2    0.277429    0.276931 0.000497339
           3    0.276732    0.276865 0.000294715
           4    0.276521    0.276779 0.000225414
           5    0.275452    0.276514 0.000317599
           6    0.274694     0.27621 0.000398958
           7    0.275263    0.276075 0.000363313
           8    0.276628    0.276144 0.000322145
           9    0.275314    0.276052  0.00029872
          10    0.277109    0.276158  0.00028732
          11    0.275505    0.276098 0.000266574
          12    0.275441    0.276044 0.000249433
          13    0.275205    0.275979 0.000238342
          14     0.27583    0.275968 0.000220919
          15    0.276462    0.276001  0.00020828
          16    0.274413    0.275902 0.000218648
          17    0.276877    0.275959 0.000213237
          18    0.276329     0.27598 0.000202089
          19    0.276044    0.275983 0.000191187
          20      0.2756    0.275964 0.000182385
           1    0.267868    0.267868           0
           2    0.268524    0.268196 0.000327861
           3    0.268111    0.268168 0.000191426
           4    0.268111    0.268153 0.000136107
           5    0.266209    0.267764 0.000402925
           6    0.266307    0.267522 0.000408923
           7    0.266165    0.267328 0.000396244
           8    0.267835    0.267391 0.000348956
           9    0.266724    0.267317 0.000316555
          10    0.268185    0.267404  0.00029613
          11    0.267099    0.267376 0.000269286
          12     0.26629    0.267286 0.000261946
          13    0.266703    0.267241  0.00024508
          14     0.26741    0.267253 0.000227221
          15    0.267204     0.26725 0.000211556
          16    0.265278    0.267126  0.00023313
          17    0.268036     0.26718 0.000225437
          18    0.267585    0.267202 0.000213734
          19    0.267723     0.26723 0.000204023
          20    0.266165    0.267177 0.000200745
           1    0.268228    0.268228           0
           2     0.26886    0.268544 0.000316373
           3    0.268026    0.268371 0.000251431
           4    0.267985    0.268275 0.000202361
           5    0.266702     0.26796 0.000351329
           6    0.266236    0.267673 0.000406051
           7     0.26666    0.267528 0.000372422
           8    0.268094    0.267599 0.000330189
           9    0.266769    0.267507 0.000305438
          10    0.268392    0.267595 0.000287191
          11    0.266676    0.267512 0.000272894
          12     0.26632    0.267412 0.000268164
          13    0.266788    0.267364 0.000251309
          14    0.267203    0.267353 0.000232952
          15     0.26767    0.267374 0.000217899
          16    0.265927    0.267284 0.000222989
          17    0.268071     0.26733  0.00021452
          18    0.267412    0.267334 0.000202303
          19    0.267483    0.267342  0.00019152
          20    0.266286    0.267289 0.000189217
           1    0.259947    0.259947           0
           2    0.260337    0.260142 0.000195234
           3    0.260003    0.260096 0.000121807
           4    0.259947    0.260058  9.3847e-05
           5    0.258085    0.259664 0.000401274
           6    0.258419    0.259456 0.000387816
           7    0.258057    0.259256  0.00038394
           8    0.259568    0.259295 0.000334777
           9    0.258606    0.259219 0.000305017
          10    0.259773    0.259274 0.000278393
          11    0.258479    0.259202 0.000261983
          12    0.258581     0.25915 0.000244696
          13     0.25866    0.259112 0.000228224
          14    0.259258    0.259123 0.000211551
          15    0.259002    0.259115 0.000197108
          16    0.257161    0.258993 0.000221139
          17    0.259685    0.259033 0.000211677
          18    0.259167    0.259041 0.000199708
          19    0.259325    0.259056 0.000189495
          20    0.257955    0.259001  0.00018801
           1    0.260407    0.260407           0
           2    0.260383    0.260395 1.21845e-05
           3    0.259848    0.260213 0.000182484
           4    0.260015    0.260163 0.000138226
           5    0.258647     0.25986 0.000321679
           6    0.258481     0.25963 0.000349008
           7    0.258543    0.259475 0.000333354
           8    0.259714    0.259505  0.00029024
           9    0.258528    0.259396 0.000278027
          10    0.260751    0.259532 0.000283165
          11    0.258651    0.259452 0.000268343
          12    0.258441    0.259367 0.000259043
          13    0.258648    0.259312 0.000244628
          14    0.258962    0.259287 0.000227859
          15    0.259561    0.259305 0.000212911
          16     0.25787    0.259216 0.000218427
          17    0.259626     0.25924  0.00020659
          18    0.259219    0.259239 0.000194778
          19    0.259379    0.259246 0.000184389
          20    0.258278    0.259198 0.000181498
           1    0.251593    0.251593           0
           2    0.251995    0.251794 0.000200791
           3     0.25154    0.251709 0.000143554
           4    0.252122    0.251813 0.000144659
           5    0.250256    0.251501 0.000330914
           6    0.250669    0.251362 0.000303713
           7     0.25039    0.251223 0.000291896
           8    0.251315    0.251235 0.000253049
           9    0.250957    0.251204 0.000225298
          10    0.252048    0.251288 0.000218473
          11    0.250098     0.25118 0.000225313
          12    0.250199    0.251098 0.000221334
          13    0.250838    0.251078  0.00020458
          14    0.251244     0.25109 0.000189774
          15    0.250737    0.251067 0.000178231
          16    0.249567    0.250973 0.000191262
          17    0.251256     0.25099 0.000180429
          18    0.250989     0.25099  0.00017011
          19    0.251324    0.251007 0.000161868
          20    0.249857     0.25095 0.000163987
           1    0.252117    0.252117           0
           2      0.2523    0.252209 9.15919e-05
           3    0.251703     0.25204 0.000176585
           4    0.252516    0.252159  0.00017248
           5    0.250458    0.251819 0.000365497
           6    0.250601    0.251616 0.000360983
           7    0.250624    0.251474 0.000336418
           8    0.251396    0.251464 0.000291511
           9    0.250837    0.251395 0.000266385
          10    0.252747     0.25153 0.000273943
          11     0.25031    0.251419  0.00027149
          12    0.250435    0.251337 0.000261056
          13    0.250891    0.251303 0.000242571
          14    0.251197    0.251295 0.000224704
          15    0.251161    0.251286 0.000209379
          16    0.249791    0.251193  0.00021701
          17    0.251348    0.251202 0.000204049
          18     0.25105    0.251193 0.000192563
          19    0.251652    0.251218 0.000183738
          20    0.250303    0.251172 0.000180206
           1    0.244077    0.244077           0
           2     0.24429    0.244184 0.000106785
           3    0.243919    0.244095 0.000107734
           4    0.244733    0.244255 0.000176783
           5    0.242832     0.24397 0.000315792
           6    0.243011     0.24381 0.000303406
           7    0.242614    0.243639 0.000308166
           8     0.24388     0.24367 0.000268564
           9    0.243421    0.243642 0.000238459
          10     0.24441    0.243719 0.000226682
          11    0.242706    0.243627 0.000224749
          12    0.242648    0.243545 0.000220794
          13    0.242977    0.243501 0.000207743
          14    0.243337     0.24349  0.00019269
          15    0.243315    0.243478 0.000179762
          16    0.241967    0.243384 0.000192869
          17    0.243727    0.243404 0.000182292
          18    0.243153     0.24339 0.000172429
          19    0.243802    0.243412 0.000164538
          20    0.242426    0.243362  0.00016368
           1    0.244282    0.244282           0
           2    0.244375    0.244329 4.62352e-05
           3    0.244074    0.244244 8.90627e-05
           4    0.244959    0.244423 0.000189646
           5    0.243144    0.244167 0.000294915
           6    0.243111    0.243991 0.000298211
           7    0.242764    0.243816 0.000306957
           8    0.244174    0.243861  0.00026959
           9    0.243715    0.243844 0.000238306
          10    0.244868    0.243947 0.000236439
          11    0.242879     0.24385 0.000234852
          12    0.242895     0.24377  0.00022866
          13    0.243133    0.243721 0.000215975
          14    0.243282     0.24369 0.000202395
          15    0.243805    0.243697 0.000188577
          16    0.242373    0.243615 0.000194849
          17    0.243576    0.243612 0.000183042
          18    0.243448    0.243603 0.000172817
          19    0.244035    0.243626  0.00016504
          20    0.242878    0.243589 0.000160981
           1    0.236594    0.236594           0
           2    0.236422    0.236508 8.60131e-05
           3    0.236336    0.236451 7.58732e-05
           4     0.23705    0.236601 0.000158987
           5    0.235392    0.236359 0.000271348
           6    0.235575    0.236228 0.000257182
           7    0.234864    0.236033 0.000291991
           8    0.236417    0.236081 0.000257383
           9     0.23585    0.236056 0.000228437
          10    0.236787    0.236129 0.000217018
          11    0.235358    0.236059 0.000208443
          12    0.235284    0.235994 0.000200932
          13    0.235518    0.235957 0.000188429
          14    0.235824    0.235948 0.000174712
          15    0.235759    0.235935 0.000163136
          16    0.234632    0.235854 0.000172989
          17    0.235798    0.235851 0.000162528
          18    0.235698    0.235842 0.000153466
          19    0.236028    0.235852 0.000145494
          20    0.235255    0.235822 0.000141215
           1    0.236964    0.236964           0
           2    0.236849    0.236907 5.72917e-05
           3    0.236372    0.236728 0.000181384
           4    0.237167    0.236838 0.000168779
           5    0.235691    0.236609 0.000264131
           6    0.235793    0.236473 0.000254883
           7    0.235224    0.236294 0.000279656
           8    0.236472    0.236317 0.000243205
           9    0.235895     0.23627 0.000219539
          10    0.237182    0.236361 0.000216518
          11    0.235335    0.236268 0.000216907
          12    0.235591    0.236211 0.000205888
          13    0.235729    0.236174 0.000192992
          14    0.235768    0.236145 0.000181014
          15    0.236254    0.236152  0.00016867
          16    0.235019    0.236082  0.00017294
          17    0.235883     0.23607 0.000162868
          18    0.235803    0.236055 0.000154267
          19    0.236269    0.236066 0.000146354
          20    0.235315    0.236029 0.000143836
           1    0.229503    0.229503           0
           2    0.229471    0.229487 1.59466e-05
           3    0.228972    0.229315 0.000171857
           4    0.229824    0.229442 0.000175877
           5    0.228145    0.229183 0.000293029
           6    0.228701    0.229103  0.00025238
           7    0.227545     0.22888 0.000308219
           8    0.229348    0.228939 0.000273262
           9    0.228585    0.228899 0.000244175
          10     0.22951     0.22896 0.000226777
          11    0.228321    0.228902  0.00021321
          12    0.228167    0.228841 0.000204039
          13    0.228242    0.228795 0.000193268
          14    0.228841    0.228798 0.000178962
          15    0.228585    0.228784  0.00016721
          16    0.227724    0.228718 0.000169865
          17    0.228511    0.228706 0.000160024
          18    0.228627    0.228701 0.000150935
          19    0.228871     0.22871  0.00014305
          20    0.228192    0.228684 0.000138158
           1    0.229785    0.229785           0
           2    0.229799    0.229792 7.03954e-06
           3    0.229096     0.22956 0.000232001
           4    0.229853    0.229633  0.00017971
           5    0.228276    0.229362 0.000305072
           6    0.228718    0.229255 0.000271209
           7    0.227938    0.229067 0.000296533
           8    0.229534    0.229125 0.000263377
           9     0.22857    0.229063 0.000240313
          10     0.22995    0.229152 0.000232529
          11    0.228395    0.229083 0.000221303
          12    0.228368    0.229024 0.000210638
          13     0.22859     0.22899 0.000196609
          14    0.228709     0.22897 0.000183127
          15    0.229116     0.22898 0.000170757
          16    0.228122    0.228926 0.000168498
          17    0.228507    0.228902 0.000160184
          18    0.228693     0.22889 0.000151465
          19    0.229082      0.2289 0.000143627
          20    0.228506     0.22888 0.000137671
           1    0.222436    0.222436           0
           2    0.222572    0.222504  6.8105e-05
           3    0.221883    0.222297  0.00021077
           4    0.222798    0.222422 0.000194699
           5    0.220983    0.222134 0.000325024
           6    0.221532    0.222034 0.000283718
           7    0.220686    0.221842 0.000307536
           8    0.222362    0.221907 0.000274168
           9    0.221732    0.221887 0.000242569
          10     0.22236    0.221935 0.000222047
          11    0.221409    0.221887 0.000206449
          12     0.22127    0.221835 0.000195355
          13    0.221532    0.221812 0.000181205
          14    0.221644      0.2218 0.000168192
          15    0.221563    0.221784 0.000157376
          16    0.220761     0.22172 0.000160502
          17    0.221806    0.221725 0.000150851
          18    0.221488    0.221712 0.000142832
          19    0.221746    0.221714 0.000135117
          20    0.221379    0.221697 0.000129273
           1    0.222565    0.222565           0
           2    0.223001    0.222783 0.000218107
           3    0.222077    0.222548 0.000266798
           4     0.22293    0.222643 0.000211501
           5    0.221108    0.222336  0.00034803
           6     0.22178    0.222244 0.000298926
           7    0.220891     0.22205 0.000318046
           8    0.222479    0.222104 0.000280593
           9    0.221741    0.222064 0.000250718
          10    0.222725     0.22213 0.000233795
          11    0.221677    0.222089 0.000215439
          12    0.221712    0.222057 0.000199162
          13    0.221672    0.222028 0.000185587
          14    0.221756    0.222008 0.000172913
          15     0.22204     0.22201 0.000160987
          16    0.221193    0.221959 0.000159011
          17    0.221829    0.221952 0.000149561
          18    0.221646    0.221935 0.000142026
          19     0.22183    0.221929 0.000134456
          20    0.221483    0.221907 0.000129487
           1    0.215622    0.215622           0
           2    0.216021    0.215822 0.000199499
           3    0.215277     0.21564 0.000215092
           4     0.21611    0.215758 0.000192252
           5    0.214568     0.21552 0.000280739
           6    0.214847    0.215407 0.000255173
           7    0.214369    0.215259 0.000261727
           8    0.215419    0.215279 0.000227539
           9    0.215086    0.215258 0.000201814
          10    0.215419    0.215274 0.000181227
          11    0.214913    0.215241  0.00016718
          12    0.214783    0.215203  0.00015731
          13    0.215255    0.215207 0.000144759
          14    0.215406    0.215221 0.000134772
          15    0.215068    0.215211 0.000125878
          16    0.214204    0.215148 0.000133509
          17    0.215141    0.215147 0.000125411
          18    0.215167    0.215149 0.000118243
          19    0.215204    0.215152 0.000111886
          20      0.2149    0.215139 0.000106889
           1     0.21592     0.21592           0
           2    0.216315    0.216117 0.000197478
           3      0.2156    0.215945 0.000206785
           4    0.216152    0.215997 0.000155138
           5    0.214931    0.215784 0.000244706
           6    0.215152    0.215678 0.000225802
           7    0.214425    0.215499  0.00026172
           8    0.215756    0.215531 0.000228915
           9    0.215149    0.215489 0.000206299
          10    0.215935    0.215533 0.000189842
          11    0.214973    0.215482 0.000179131
          12    0.215157    0.215455 0.000165756
          13      0.2153    0.215443  0.00015294
          14    0.215246    0.215429 0.000142292
          15    0.215566    0.215438 0.000132779
          16    0.214848    0.215402 0.000129563
          17     0.21527    0.215394 0.000121949
          18    0.215231    0.215385 0.000115329
          19    0.215468    0.215389 0.000109179
          20    0.215085    0.215374 0.000104686
           1    0.209342    0.209342           0
           2    0.209562    0.209452 0.000109914
           3     0.20887    0.209258 0.000204025
           4    0.209447    0.209305 0.000151794
           5    0.208359    0.209116 0.000222748
           6    0.208285    0.208977 0.000228645
           7      0.2078    0.208809 0.000256153
           8    0.208843    0.208814 0.000221876
           9    0.208633    0.208793 0.000196707
          10    0.208982    0.208812 0.000176943
          11    0.208231    0.208759 0.000168558
          12    0.208386    0.208728 0.000156983
          13    0.208804    0.208734 0.000144521
          14    0.208901    0.208746 0.000134331
          15    0.208479    0.208728 0.000126312
          16    0.207846    0.208673 0.000130383
          17    0.208537    0.208665 0.000122733
          18    0.208705    0.208667 0.000115735
          19    0.208821    0.208675 0.000109771
          20    0.208448    0.208664 0.000104755
           1    0.209334    0.209334           0
           2    0.209867    0.209601 0.000266648
           3     0.20912    0.209441 0.000222157
           4    0.209713    0.209509 0.000171256
           5    0.208513     0.20931 0.000239318
           6    0.208349     0.20915 0.000252587
           7    0.207784    0.208955 0.000289147
           8    0.208875    0.208945 0.000250607
           9    0.208653    0.208912 0.000223371
          10      0.2094    0.208961 0.000205655
          11    0.208503    0.208919 0.000190627
          12    0.208571     0.20889 0.000176421
          13    0.208717    0.208877 0.000162834
          14    0.208931    0.208881 0.000150804
          15    0.208925    0.208884 0.000140421
          16    0.208075    0.208833 0.000140749
          17    0.208837    0.208833 0.000132211
          18     0.20884    0.208834  0.00012465
          19    0.208798    0.208832 0.000117922
          20    0.208421    0.208811 0.000113744
           1    0.202933    0.202933           0
           2    0.203394    0.203164 0.000230587
           3    0.202797    0.203041 0.000180836
           4    0.203484    0.203152 0.000169044
           5    0.202259    0.202973 0.000221529
           6    0.202237    0.202851  0.00021858
           7    0.201966    0.202724 0.000223825
           8    0.202633    0.202713 0.000194176
           9    0.202519    0.202691 0.000172594
          10      0.2029    0.202712 0.000155779
          11    0.202245     0.20267 0.000147172
          12     0.20239    0.202646 0.000136356
          13    0.202719    0.202652 0.000125553
          14    0.202767     0.20266 0.000116531
          15      0.2024    0.202643 0.000109866
          16    0.201684    0.202583  0.00011895
          17    0.202676    0.202588 0.000111867
          18    0.202521    0.202585 0.000105536
          19    0.202654    0.202588 9.98937e-05
          20    0.202296    0.202574 9.58888e-05
           1     0.20322     0.20322           0
           2    0.203694    0.203457 0.000236985
           3    0.203089    0.203334 0.000183763
           4    0.203633    0.203409 0.000149934
           5    0.202583    0.203244 0.000201877
           6     0.20243    0.203108 0.000213488
           7    0.202076    0.202961  0.00023304
           8    0.202763    0.202936 0.000203322
           9     0.20252     0.20289 0.000185169
          10    0.203281    0.202929 0.000170185
          11    0.202491    0.202889 0.000159011
          12    0.202651    0.202869 0.000146499
          13    0.202679    0.202855 0.000135552
          14    0.202764    0.202848 0.000125662
          15    0.202758    0.202842 0.000117139
          16    0.202085    0.202795  0.00011936
          17    0.202899    0.202801 0.000112286
          18    0.202758    0.202798 0.000105891
          19    0.202671    0.202792 0.000100388
          20    0.202487    0.202777 9.64474e-05
           1    0.196956    0.196956           0
           2    0.197363     0.19716 0.000203205
           3    0.196776    0.197032 0.000173613
           4    0.197245    0.197085 0.000133879
           5    0.196319    0.196932 0.000185033
           6    0.196265    0.196821 0.000187544
           7    0.196232    0.196737 0.000179453
           8    0.196789    0.196743 0.000155547
           9    0.196541    0.196721 0.000139004
          10      0.1968    0.196728  0.00012458
          11    0.196157    0.196677  0.00012407
          12    0.196506    0.196662  0.00011415
          13    0.196748    0.196669 0.000105209
          14    0.196611    0.196665 9.74916e-05
          15    0.196363    0.196645 9.29592e-05
          16    0.195702    0.196586 0.000105048
          17    0.196667    0.196591 9.87904e-05
          18    0.196578     0.19659 9.31431e-05
          19    0.196543    0.196587 8.81392e-05
          20    0.196319    0.196574 8.46875e-05
           1     0.19718     0.19718           0
           2    0.197436    0.197308 0.000128058
           3    0.197003    0.197206 0.000125489
           4    0.197518    0.197284 0.000118112
           5    0.196545    0.197136 0.000173927
           6     0.19645    0.197022 0.000182302
           7    0.196382     0.19693 0.000179182
           8    0.197044    0.196945 0.000155822
           9    0.196407    0.196885 0.000149829
          10     0.19718    0.196914 0.000137216
          11    0.196393    0.196867 0.000132874
          12    0.196747    0.196857 0.000121705
          13    0.196767     0.19685 0.000112166
          14    0.196741    0.196842  0.00010414
          15     0.19656    0.196823  9.8765e-05
          16    0.195998    0.196772  0.00010582
          17    0.196886    0.196779 9.96284e-05
          18    0.196674    0.196773 9.41104e-05
          19    0.196641    0.196766 8.92913e-05
          20    0.196446     0.19675 8.62072e-05
