           1   -0.959096   -0.959096           0
           2   -0.970328   -0.964712    0.005616
           3   -0.970832   -0.966752  0.00383076
           4   -0.963312   -0.965892    0.002842
           5   -0.983984    -0.96951  0.00423545
           6   -0.970592   -0.969691  0.00346292
           7   -0.977896   -0.970863  0.00315272
           8    -0.96968   -0.970715  0.00273433
           9   -0.970424   -0.970683  0.00241167
          10   -0.977032   -0.971318  0.00224857
          11   -0.979552   -0.972066  0.00216729
          12    -0.97972   -0.972704  0.00207873
          13     -0.9726   -0.972696  0.00191217
          14   -0.980824   -0.973277  0.00186309
          15    -0.97036   -0.973082  0.00174531
          16   -0.980824   -0.973566  0.00170278
          17   -0.972936   -0.973529  0.00159991
          18   -0.976016   -0.973667  0.00151473
          19   -0.979472   -0.973973    0.001465
          20   -0.968744   -0.973711   0.0014142
           1   -0.987541   -0.987541           0
           2     -1.0066   -0.997068  0.00952748
           3    -1.00833    -1.00082  0.00665982
           4   -0.995835   -0.999576  0.00487148
           5   -0.999754   -0.999611   0.0037736
           6    -1.00245    -1.00008  0.00311721
           7    -1.00946    -1.00142  0.00295572
           8    -1.00055    -1.00132  0.00256205
           9    -0.99408    -1.00051  0.00239825
          10   -0.988334   -0.999294  0.00246663
          11    -1.00027   -0.999382   0.0022329
          12    -1.00919     -1.0002  0.00219619
          13    -1.00716    -1.00073  0.00208986
          14    -1.00149    -1.00079  0.00193559
          15    -1.01147     -1.0015  0.00193761
          16    -1.00822    -1.00192  0.00186043
          17     -1.0088    -1.00233  0.00179379
          18    -1.00145    -1.00228   0.0016919
          19     -1.0011    -1.00221  0.00160157
          20    -1.00702    -1.00246  0.00153827
           1   -0.950568   -0.950568           0
           2   -0.959536   -0.955052    0.004484
           3   -0.959152   -0.956419  0.00292743
           4   -0.963808   -0.958266  0.00277445
           5   -0.967664   -0.960146  0.00285507
           6   -0.963504   -0.960705  0.00239741
           7   -0.953912   -0.959735  0.00224661
           8   -0.945976   -0.958015   0.0025968
           9   -0.952464   -0.957398  0.00237176
          10   -0.969072   -0.958566  0.00242136
          11     -0.9644   -0.959096  0.00225351
          12   -0.972112   -0.960181   0.0023256
          13     -0.9482   -0.959259  0.00232931
          14   -0.972176   -0.960182   0.0023456
          15   -0.962232   -0.960318  0.00218791
          16   -0.971952   -0.961045  0.00217192
          17   -0.966616   -0.961373  0.00206631
          18    -0.96004   -0.961299  0.00194955
          19   -0.964928    -0.96149  0.00185395
          20   -0.960096    -0.96142  0.00176019
           1   -0.975586   -0.975586           0
           2    -0.99629   -0.985938   0.0103518
           3    -1.00109   -0.990989  0.00782501
           4   -0.989572   -0.990634  0.00554444
           5   -0.994661    -0.99144  0.00436955
           6   -0.998691   -0.992648  0.00376688
           7   -0.998639   -0.993504  0.00329662
           8   -0.983862   -0.992299  0.00309893
           9   -0.974381   -0.990308  0.00338123
          10   -0.971539   -0.988431  0.00355932
          11   -0.978056   -0.987488  0.00335486
          12   -0.993654   -0.988002  0.00310536
          13   -0.989057   -0.988083  0.00285767
          14   -0.985563   -0.987903   0.0026518
          15   -0.999965   -0.988707  0.00259636
          16   -0.990958   -0.988848  0.00243274
          17   -0.996174   -0.989279  0.00232545
          18   -0.991257   -0.989389  0.00219521
          19    -0.99377   -0.989619  0.00208922
          20    -0.99931   -0.990104  0.00204038
           1   -0.935368   -0.935368           0
           2   -0.942272    -0.93882    0.003452
           3    -0.94736   -0.941667    0.003475
           4     -0.9476    -0.94315  0.00287021
           5   -0.946384   -0.943797  0.00231543
           6   -0.948504   -0.944581  0.00204686
           7   -0.944896   -0.944626  0.00173049
           8   -0.928432   -0.942602  0.00251867
           9   -0.938392   -0.942134  0.00226998
          10   -0.953344   -0.943255  0.00231923
          11   -0.943616   -0.943288  0.00209808
          12   -0.950248   -0.943868  0.00200117
          13   -0.946376   -0.944061  0.00185089
          14   -0.948736   -0.944395  0.00174583
          15   -0.950744   -0.944818  0.00167949
          16   -0.948728   -0.945063  0.00158991
          17   -0.954592   -0.945623   0.0015952
          18    -0.94908   -0.945815  0.00151618
          19   -0.954192   -0.946256   0.0015004
          20   -0.941936    -0.94604   0.0014397
           1   -0.965594   -0.965594           0
           2   -0.969013   -0.967303  0.00170944
           3   -0.981923   -0.972176  0.00497211
           4   -0.976704   -0.973308  0.00369349
           5   -0.976192   -0.973885  0.00291852
           6   -0.986994    -0.97607   0.0032329
           7   -0.975971   -0.976056  0.00273234
           8   -0.966689   -0.974885  0.00264011
           9   -0.962356   -0.973493  0.00271276
          10   -0.947753   -0.970919  0.00353733
          11   -0.958215   -0.969764  0.00340168
          12   -0.978915   -0.970526  0.00319757
          13    -0.97473    -0.97085  0.00295905
          14   -0.972866   -0.970994  0.00274334
          15   -0.986839    -0.97205  0.00276375
          16   -0.976654   -0.972338  0.00260122
          17   -0.985646   -0.973121  0.00256576
          18   -0.976692   -0.973319  0.00242714
          19   -0.979637   -0.973652   0.0023198
          20   -0.983669   -0.974152  0.00225703
           1   -0.919408   -0.919408           0
           2    -0.93144   -0.925424    0.006016
           3   -0.931416   -0.927421  0.00400667
           4   -0.926872   -0.927284  0.00283647
           5   -0.927344   -0.927296  0.00219715
           6      -0.934   -0.928413  0.00211347
           7   -0.918088   -0.926938  0.00231653
           8   -0.929696   -0.927283  0.00203557
           9   -0.921816   -0.926676  0.00189519
          10   -0.928568   -0.926865  0.00170564
          11    -0.93024   -0.927172  0.00157303
          12    -0.92844   -0.927277  0.00143986
          13   -0.931696   -0.927617  0.00136739
          14    -0.93504   -0.928147   0.0013725
          15   -0.934824   -0.928593  0.00135304
          16   -0.933384   -0.928892   0.0013006
          17   -0.927472   -0.928808  0.00122455
          18   -0.929232   -0.928832  0.00115476
          19   -0.930824   -0.928937  0.00109731
          20   -0.930304   -0.929005  0.00104324
           1   -0.948596   -0.948596           0
           2   -0.951146   -0.949871   0.0012746
           3   -0.965252   -0.954998   0.0051796
           4   -0.948329   -0.953331  0.00402414
           5   -0.963172   -0.955299  0.00368651
           6   -0.952417   -0.954819   0.0030481
           7   -0.962074   -0.955855  0.00277681
           8   -0.950952   -0.955242  0.00248165
           9   -0.952489   -0.954936  0.00220988
          10   -0.939462   -0.953389  0.00251028
          11   -0.945635   -0.952684  0.00237752
          12   -0.966501   -0.953836  0.00245687
          13   -0.950026   -0.953542  0.00227891
          14   -0.953869   -0.953566  0.00210999
          15   -0.960996   -0.954061  0.00202579
          16   -0.953928   -0.954053  0.00189497
          17   -0.964937   -0.954693  0.00189166
          18   -0.954504   -0.954683   0.0017835
          19   -0.953864   -0.954639  0.00168757
          20   -0.964418   -0.955128  0.00167397
           1    -0.90548    -0.90548           0
           2   -0.909096   -0.907288    0.001808
           3   -0.912512   -0.909029  0.00203024
           4    -0.91604   -0.910782  0.00226556
           5   -0.916392   -0.911904  0.00208292
           6   -0.909416   -0.911489  0.00175052
           7   -0.904928   -0.910552   0.0017514
           8   -0.908152   -0.910252  0.00154614
           9   -0.905944   -0.909773  0.00144514
          10   -0.913392   -0.910135  0.00134227
          11   -0.915096   -0.910586  0.00129518
          12   -0.903968   -0.910035  0.00130464
          13   -0.912816   -0.910249  0.00121902
          14    -0.91116   -0.910314  0.00113046
          15   -0.920368   -0.910984  0.00124773
          16   -0.913576   -0.911146  0.00117834
          17   -0.912808   -0.911244  0.00111116
          18   -0.915472   -0.911479  0.00107363
          19   -0.913008   -0.911559  0.00101874
          20   -0.914504   -0.911706  0.00097761
           1   -0.932544   -0.932544           0
           2   -0.939199   -0.935872  0.00332736
           3   -0.951934   -0.941226  0.00568841
           4   -0.930073   -0.938438  0.00489418
           5   -0.942047    -0.93916  0.00385913
           6   -0.936679   -0.938746  0.00317797
           7   -0.942427   -0.939272  0.00273686
           8   -0.942694     -0.9397  0.00240849
           9   -0.931898   -0.938833  0.00229417
          10    -0.92126   -0.937076   0.0027016
          11    -0.93181   -0.936597  0.00249013
          12   -0.943317   -0.937157  0.00234114
          13   -0.927999   -0.936453  0.00226584
          14   -0.929134    -0.93593  0.00216192
          15   -0.945095   -0.936541  0.00210335
          16   -0.942588   -0.936919  0.00200348
          17   -0.939397   -0.937064  0.00188757
          18   -0.933027    -0.93684   0.0017937
          19   -0.943542   -0.937193  0.00173295
          20   -0.951313   -0.937899  0.00178921
           1   -0.888272   -0.888272           0
           2   -0.894136   -0.891204    0.002932
           3    -0.89712   -0.893176  0.00259891
           4   -0.895408   -0.893734  0.00192055
           5   -0.898216    -0.89463  0.00173685
           6   -0.890224   -0.893896  0.00159701
           7   -0.893128   -0.893786  0.00135417
           8   -0.892336   -0.893605  0.00118668
           9   -0.890136    -0.89322  0.00111527
          10   -0.893936   -0.893291   0.0010001
          11   -0.894568   -0.893407 0.000912041
          12    -0.88768    -0.89293 0.000959673
          13   -0.895256   -0.893109  0.00090072
          14    -0.89648    -0.89335 0.000867974
          15   -0.900344   -0.893816 0.000932926
          16   -0.899064   -0.894144 0.000932277
          17   -0.898624   -0.894408 0.000914514
          18   -0.898824   -0.894653 0.000896444
          19   -0.896448   -0.894747 0.000853198
          20    -0.89868   -0.894944 0.000832956
           1   -0.906444   -0.906444           0
           2   -0.914259   -0.910352   0.0039076
           3   -0.930576   -0.917093   0.0071088
           4   -0.913203   -0.916121  0.00511989
           5   -0.916622   -0.916221  0.00396711
           6   -0.917514   -0.916436   0.0032463
           7   -0.914663   -0.916183  0.00275529
           8   -0.920409   -0.916711  0.00244394
           9   -0.905818   -0.915501  0.00247191
          10   -0.908109   -0.914762  0.00233125
          11   -0.914002   -0.914693  0.00210982
          12   -0.924296   -0.915493  0.00208563
          13   -0.908218   -0.914933  0.00199846
          14   -0.909811   -0.914567  0.00188604
          15   -0.919926   -0.914925  0.00179179
          16   -0.920024   -0.915243  0.00170609
          17   -0.915591   -0.915264  0.00160272
          18   -0.913305   -0.915155  0.00151498
          19    -0.91983   -0.915401  0.00145399
          20   -0.926118   -0.915937   0.0014798
           1   -0.873176   -0.873176           0
           2   -0.879768   -0.876472    0.003296
           3    -0.87456   -0.875835  0.00200684
           4   -0.875648   -0.875788  0.00141982
           5   -0.880256   -0.876682  0.00141706
           6   -0.876808   -0.876703  0.00115721
           7   -0.875784   -0.876571 0.000986789
           8   -0.874608   -0.876326 0.000889129
           9    -0.87784   -0.876494  0.00080198
          10   -0.884152    -0.87726  0.00104926
          11    -0.87696   -0.877233 0.000949486
          12   -0.880568   -0.877511 0.000910231
          13   -0.880528   -0.877743 0.000868865
          14    -0.88288    -0.87811 0.000884154
          15   -0.881608   -0.878343 0.000855505
          16   -0.882752   -0.878619 0.000846369
          17   -0.875936   -0.878461 0.000810533
          18   -0.884552   -0.878799 0.000835755
          19   -0.879872   -0.878856 0.000792559
          20   -0.879696   -0.878898 0.000753061
           1   -0.892286   -0.892286           0
           2   -0.895207   -0.893747  0.00146064
           3   -0.910406     -0.8993  0.00561668
           4   -0.892352   -0.897563  0.00433474
           5    -0.88974   -0.895998  0.00370428
           6   -0.897476   -0.896245  0.00303455
           7   -0.886157   -0.894804  0.00294179
           8   -0.900307   -0.895492  0.00263891
           9   -0.890235   -0.894907  0.00239946
          10    -0.88693    -0.89411  0.00228962
          11   -0.895764    -0.89426   0.0020765
          12   -0.896497   -0.894447  0.00190472
          13   -0.890182   -0.894119  0.00178253
          14   -0.895585   -0.894223  0.00165362
          15   -0.899941   -0.894604  0.00158592
          16   -0.894568   -0.894602  0.00148349
          17   -0.898182   -0.894813  0.00140932
          18   -0.896474   -0.894905  0.00133192
          19   -0.900504     -0.8952  0.00129388
          20   -0.901543   -0.895517   0.0012678
           1   -0.857528   -0.857528           0
           2   -0.863136   -0.860332    0.002804
           3   -0.861736     -0.8608  0.00168518
           4   -0.858544   -0.860236  0.00131834
           5   -0.864064   -0.861002   0.0012763
           6   -0.860008   -0.860836  0.00105517
           7   -0.859272   -0.860613 0.000919347
           8   -0.856328   -0.860077  0.00095955
           9   -0.864704   -0.860591 0.000990171
          10   -0.863416   -0.860874 0.000929597
          11   -0.861448   -0.860926 0.000842472
          12   -0.858944   -0.860761 0.000786601
          13   -0.863984   -0.861009 0.000764872
          14   -0.865072   -0.861299 0.000765306
          15   -0.864856   -0.861536 0.000750891
          16     -0.8648    -0.86174 0.000731419
          17   -0.858704   -0.861561  0.00070988
          18     -0.8678   -0.861908 0.000753698
          19    -0.86236   -0.861932 0.000713324
          20   -0.862608   -0.861966 0.000677562
           1   -0.871641   -0.871641           0
           2   -0.876728   -0.874184   0.0025434
           3   -0.885193   -0.877854  0.00395254
           4   -0.875868   -0.877358  0.00283862
           5   -0.871454   -0.876177  0.00249576
           6   -0.882171   -0.877176   0.0022695
           7   -0.870997   -0.876293  0.00211146
           8   -0.872614   -0.875833  0.00188553
           9   -0.878338   -0.876111  0.00168601
          10   -0.869538   -0.875454  0.00164507
          11   -0.877086   -0.875602   0.0014954
          12    -0.87626   -0.875657  0.00136621
          13   -0.873265   -0.875473  0.00127013
          14   -0.879082   -0.875731  0.00120382
          15   -0.878641   -0.875925  0.00113737
          16   -0.874379   -0.875828  0.00106829
          17   -0.874923   -0.875775  0.00100489
          18   -0.880781   -0.876053 0.000987395
          19   -0.879052   -0.876211 0.000947223
          20   -0.883564   -0.876579 0.000970905
           1   -0.842136   -0.842136           0
           2   -0.844496   -0.843316     0.00118
           3   -0.852816   -0.846483  0.00323912
           4   -0.845064   -0.846128   0.0023177
           5   -0.845736    -0.84605    0.001797
           6    -0.84412   -0.845728  0.00150207
           7    -0.84244   -0.845258  0.00135359
           8   -0.841816   -0.844828  0.00124872
           9   -0.847888   -0.845168  0.00115256
          10   -0.845856   -0.845237  0.00103318
          11     -0.8426   -0.844997 0.000964795
          12    -0.84528   -0.845021 0.000881049
          13    -0.84652   -0.845136 0.000818612
          14   -0.847784   -0.845325 0.000781133
          15   -0.844176   -0.845249 0.000731219
          16    -0.84368   -0.845151 0.000690983
          17   -0.847032   -0.845261 0.000658434
          18   -0.842944   -0.845132 0.000633985
          19   -0.843872   -0.845066 0.000603347
          20   -0.848016   -0.845214 0.000591084
           1   -0.857133   -0.857133           0
           2   -0.855799   -0.856466  0.00066696
           3   -0.865319   -0.859417  0.00297595
           4   -0.855638   -0.858472  0.00230659
           5   -0.855254   -0.857829  0.00189906
           6   -0.866081   -0.859204  0.00207269
           7   -0.855819    -0.85872  0.00181725
           8   -0.853802   -0.858106  0.00168958
           9   -0.857154      -0.858  0.00149382
          10   -0.852055   -0.857405  0.00146239
          11   -0.853861   -0.857083  0.00136146
          12   -0.862301   -0.857518  0.00131671
          13   -0.855142   -0.857335  0.00122492
          14   -0.856256   -0.857258  0.00113667
          15   -0.860423   -0.857469  0.00107901
          16   -0.854836   -0.857305  0.00102265
          17    -0.85957   -0.857438 0.000969815
          18   -0.860769   -0.857623 0.000932888
          19   -0.860996     -0.8578 0.000900109
          20   -0.863678   -0.858094 0.000903071
           1   -0.823744   -0.823744           0
           2    -0.82644   -0.825092    0.001348
           3   -0.829808   -0.826664  0.00175411
           4   -0.826272   -0.826566  0.00124421
           5   -0.824352   -0.826123  0.00106061
           6   -0.831696   -0.827052  0.00126988
           7   -0.828632   -0.827278  0.00109673
           8   -0.826576    -0.82719 0.000953833
           9   -0.828056   -0.827286 0.000846687
          10   -0.829384   -0.827496 0.000785818
          11    -0.82696   -0.827447 0.000712468
          12   -0.832312   -0.827853 0.000766389
          13    -0.82664   -0.827759  0.00071112
          14   -0.830008    -0.82792 0.000677678
          15    -0.82356   -0.827629 0.000694624
          16   -0.827424   -0.827616 0.000649888
          17   -0.825016   -0.827464 0.000629337
          18    -0.82692   -0.827433 0.000594113
          19   -0.826672   -0.827393 0.000563401
          20     -0.8296   -0.827504 0.000545759
           1   -0.837569   -0.837569           0
           2   -0.836372   -0.836971   0.0005984
           3   -0.839417   -0.837786 0.000885707
           4   -0.831438   -0.836199  0.00170617
           5   -0.833042   -0.835568  0.00146469
           6   -0.841992   -0.836638  0.00160516
           7   -0.840967   -0.837257  0.00149091
           8   -0.837042    -0.83723  0.00129144
           9   -0.837758   -0.837289  0.00114045
          10   -0.831335   -0.836693  0.00118107
          11   -0.836496   -0.836675  0.00106847
          12    -0.84564   -0.837422   0.0012286
          13   -0.835878   -0.837304  0.00113637
          14   -0.837966   -0.837351  0.00105314
          15    -0.83738   -0.837353 0.000980418
          16   -0.835938   -0.837265 0.000921353
          17   -0.837444   -0.837275 0.000865525
          18   -0.835415   -0.837172 0.000822544
          19   -0.838402   -0.837236 0.000780738
          20   -0.844594   -0.837604 0.000826994
           1   -0.806416   -0.806416           0
           2   -0.817264    -0.81184    0.005424
           3   -0.811104   -0.811595  0.00314114
           4   -0.806752   -0.810384  0.00252965
           5   -0.809992   -0.810306  0.00196102
           6   -0.817152   -0.811447  0.00196616
           7   -0.811216   -0.811414  0.00166203
           8   -0.811168   -0.811383  0.00143969
           9    -0.81128   -0.811372  0.00126974
          10    -0.81484   -0.811718  0.00118747
          11   -0.808856   -0.811458  0.00110518
          12   -0.814936   -0.811748  0.00104969
          13     -0.8098   -0.811598 0.000977132
          14   -0.812792   -0.811683 0.000908659
          15   -0.807568   -0.811409 0.000889296
          16   -0.812016   -0.811447 0.000832724
          17   -0.809472   -0.811331 0.000790789
          18    -0.80824   -0.811159 0.000765081
          19   -0.810424    -0.81112 0.000724728
          20   -0.814968   -0.811313 0.000713945
           1   -0.818097   -0.818097           0
           2   -0.824018   -0.821058  0.00296024
           3   -0.820009   -0.820708  0.00174446
           4   -0.813067   -0.818798  0.00227392
           5   -0.817017   -0.818442  0.00179704
           6   -0.822558   -0.819128  0.00161971
           7   -0.819305   -0.819153  0.00136914
           8   -0.818716   -0.819098  0.00118697
           9   -0.818787   -0.819064  0.00104738
          10   -0.818109   -0.818968 0.000941661
          11   -0.818364   -0.818913 0.000853533
          12   -0.826592   -0.819553  0.00100827
          13   -0.816702   -0.819334 0.000953048
          14   -0.821937    -0.81952 0.000901726
          15   -0.816831   -0.819341 0.000858388
          16    -0.81868   -0.819299  0.00080401
          17   -0.820058   -0.819344 0.000756555
          18    -0.81862   -0.819304 0.000714421
          19   -0.820376    -0.81936 0.000678129
          20   -0.828248   -0.819805 0.000781879
           1   -0.791904   -0.791904           0
           2   -0.798984   -0.795444     0.00354
           3   -0.793792   -0.794893   0.0021167
           4   -0.790384   -0.793766  0.00187379
           5    -0.79484   -0.793981  0.00146724
           6   -0.795704   -0.794268  0.00123194
           7   -0.794768   -0.794339  0.00104363
           8   -0.794368   -0.794343 0.000903816
           9    -0.79408   -0.794314 0.000797626
          10   -0.797984   -0.794681 0.000802291
          11   -0.791928   -0.794431 0.000767638
          12   -0.797528   -0.794689 0.000746782
          13   -0.798784   -0.795004 0.000755729
          14   -0.794704   -0.794982 0.000699997
          15   -0.793576   -0.794889 0.000658371
          16   -0.796416   -0.794984 0.000623205
          17   -0.793344   -0.794888 0.000593295
          18    -0.79292   -0.794778 0.000569944
          19   -0.794408   -0.794759 0.000539465
          20   -0.794704   -0.794756 0.000511789
           1   -0.798457   -0.798457           0
           2   -0.804829   -0.801643  0.00318592
           3   -0.800032   -0.801106  0.00191622
           4   -0.796197   -0.799879  0.00182813
           5   -0.799346   -0.799772  0.00142006
           6   -0.802864   -0.800287  0.00126882
           7   -0.802641   -0.800624   0.0011238
           8   -0.802245   -0.800826 0.000994119
           9   -0.804033   -0.801183 0.000946372
          10   -0.801592   -0.801224 0.000847452
          11   -0.799773   -0.801092 0.000777813
          12   -0.805438   -0.801454 0.000797099
          13   -0.800358    -0.80137 0.000738051
          14   -0.798684   -0.801178 0.000709723
          15   -0.801926   -0.801228 0.000662596
          16   -0.800596   -0.801188 0.000621057
          17   -0.799736   -0.801103 0.000589599
          18   -0.800449   -0.801066 0.000557065
          19   -0.800085   -0.801015 0.000529455
          20   -0.805932   -0.801261 0.000559227
           1    -0.77644    -0.77644           0
           2   -0.782432   -0.779436    0.002996
           3   -0.777232   -0.778701  0.00187929
           4   -0.775376    -0.77787  0.00156748
           5   -0.776648   -0.777626  0.00123852
           6    -0.77748   -0.777601  0.00101154
           7   -0.778944   -0.777793 0.000876157
           8   -0.779352   -0.777988 0.000783395
           9    -0.77988   -0.778198 0.000722164
          10    -0.77804   -0.778182 0.000646117
          11   -0.774744    -0.77787 0.000662776
          12   -0.780792   -0.778113 0.000652196
          13   -0.782456   -0.778447 0.000686666
          14    -0.77716   -0.778355 0.000642345
          15   -0.776064   -0.778203 0.000617194
          16    -0.77956   -0.778288 0.000583532
          17   -0.778944   -0.778326 0.000549492
          18    -0.77732    -0.77827 0.000521072
          19   -0.780512   -0.778388  0.00050681
          20     -0.7784   -0.778389 0.000480803
           1   -0.783987   -0.783987           0
           2   -0.784643   -0.784315  0.00032828
           3   -0.784492   -0.784374 0.000198535
           4   -0.779754   -0.783219  0.00116357
           5   -0.780351   -0.782645  0.00106835
           6   -0.785765   -0.783165  0.00101551
           7   -0.784394   -0.783341 0.000876011
           8   -0.784926   -0.783539 0.000784093
           9    -0.78688    -0.78391 0.000784841
          10   -0.783111    -0.78383 0.000706514
          11   -0.781164   -0.783588 0.000683474
          12   -0.787454    -0.78391 0.000702203
          13    -0.78558   -0.784039  0.00065858
          14   -0.779539   -0.783717 0.000689247
          15   -0.782135   -0.783612 0.000650269
          16   -0.782573   -0.783547 0.000611723
          17    -0.78264   -0.783493 0.000577085
          18   -0.784693    -0.78356 0.000548149
          19   -0.783898   -0.783578 0.000518803
          20   -0.785544   -0.783676 0.000501899
           1     -0.7624     -0.7624           0
           2   -0.763712   -0.763056    0.000656
           3    -0.76168   -0.762597 0.000594828
           4    -0.76016   -0.761988 0.000740403
           5   -0.760584   -0.761707 0.000638566
           6   -0.763192   -0.761955 0.000577135
           7   -0.760488   -0.761745 0.000530865
           8   -0.761696   -0.761739 0.000459784
           9   -0.761256   -0.761685 0.000409027
          10   -0.759928    -0.76151 0.000405863
          11   -0.758448   -0.761231 0.000460696
          12   -0.762424   -0.761331 0.000432142
          13   -0.769376    -0.76195  0.00073554
          14   -0.759288   -0.761759 0.000707016
          15   -0.757272    -0.76146 0.000722994
          16     -0.7602   -0.761381  0.00068087
          17    -0.76124   -0.761373  0.00063962
          18    -0.76096    -0.76135 0.000603477
          19      -0.763   -0.761437 0.000577398
          20   -0.758008   -0.761266 0.000573974
           1   -0.766903   -0.766903           0
           2   -0.765814   -0.766359  0.00054472
           3    -0.76726   -0.766659 0.000434984
           4   -0.765292   -0.766317 0.000459838
           5   -0.763524   -0.765759 0.000662593
           6   -0.768453   -0.766208  0.00070311
           7   -0.766025   -0.766182 0.000594809
           8   -0.769476   -0.766593 0.000659464
           9   -0.768044   -0.766755   0.0006035
          10   -0.766202   -0.766699 0.000542603
          11   -0.763388   -0.766398 0.000575775
          12   -0.770985   -0.766781  0.00064987
          13    -0.76808    -0.76688  0.00060609
          14   -0.762573   -0.766573 0.000639948
          15   -0.763661   -0.766379 0.000626594
          16   -0.765133   -0.766301 0.000591274
          17   -0.764979   -0.766223 0.000560819
          18   -0.765954   -0.766208 0.000528957
          19   -0.766847   -0.766242  0.00050147
          20   -0.764829   -0.766171 0.000480953
           1   -0.744456   -0.744456           0
           2   -0.746976   -0.745716     0.00126
           3   -0.746216   -0.745883 0.000746309
           4   -0.745776   -0.745856 0.000528394
           5    -0.74432   -0.745549 0.000511754
           6   -0.748624   -0.746061 0.000661275
           7   -0.745936   -0.746043 0.000559166
           8   -0.748352   -0.746332 0.000563714
           9     -0.7472   -0.746428 0.000506418
          10   -0.743792   -0.746165 0.000524095
          11   -0.743848   -0.745954 0.000518743
          12   -0.748208   -0.746142 0.000509432
          13   -0.749776   -0.746422 0.000545652
          14   -0.744144   -0.746259 0.000530724
          15   -0.741432   -0.745937 0.000589628
          16   -0.746584   -0.745978 0.000553027
          17   -0.744512   -0.745891 0.000526582
          18   -0.746144   -0.745905 0.000496665
          19   -0.747672   -0.745998 0.000478911
          20   -0.740888   -0.745743 0.000521257
           1    -0.74978    -0.74978           0
           2   -0.748284   -0.749032  0.00074816
           3   -0.750045    -0.74937 0.000548295
           4   -0.751975   -0.750021 0.000757921
           5   -0.746782   -0.749373 0.000874243
           6   -0.751966   -0.749805 0.000834398
           7   -0.748869   -0.749672 0.000717774
           8   -0.753414   -0.750139 0.000777981
           9   -0.752854   -0.750441 0.000749492
          10   -0.749528    -0.75035 0.000676554
          11   -0.749154   -0.750241 0.000621546
          12   -0.753973   -0.750552 0.000647044
          13   -0.749719   -0.750488 0.000598634
          14   -0.747255   -0.750257 0.000600421
          15   -0.748371   -0.750131 0.000572934
          16    -0.74862   -0.750037 0.000544193
          17   -0.747418   -0.749883 0.000533889
          18   -0.748666   -0.749815 0.000507873
          19   -0.752182    -0.74994 0.000496282
          20   -0.749268   -0.749906 0.000472012
           1   -0.730976   -0.730976           0
           2   -0.729792   -0.730384    0.000592
           3   -0.729768   -0.730179 0.000398727
           4    -0.73132   -0.730464 0.000401132
           5   -0.727296    -0.72983 0.000705686
           6   -0.734176   -0.730555 0.000925504
           7   -0.730184   -0.730502 0.000783984
           8   -0.730912   -0.730553 0.000680884
           9    -0.73164   -0.730674 0.000612509
          10   -0.728552   -0.730462 0.000587498
          11   -0.728928   -0.730322 0.000549396
          12    -0.73344   -0.730582 0.000564832
          13   -0.732144   -0.730702 0.000533282
          14   -0.727496   -0.730473 0.000544251
          15   -0.729496   -0.730408  0.00051084
          16   -0.730744   -0.730429 0.000478309
          17    -0.72908    -0.73035 0.000456246
          18     -0.7294   -0.730297 0.000433377
          19   -0.732592   -0.730418  0.00042736
          20    -0.72728   -0.730261 0.000434725
           1   -0.733633   -0.733633           0
           2   -0.733114   -0.733373  0.00025916
           3   -0.733739   -0.733495 0.000192984
           4   -0.733731   -0.733554 0.000148637
           5   -0.729452   -0.732734 0.000828495
           6   -0.734197   -0.732978 0.000719061
           7   -0.733427   -0.733042 0.000611103
           8   -0.736031   -0.733415 0.000647863
           9   -0.736833   -0.733795 0.000686018
          10   -0.732785   -0.733694 0.000621857
          11   -0.734189   -0.733739 0.000564285
          12    -0.74011    -0.73427 0.000739762
          13   -0.734258   -0.734269 0.000680483
          14   -0.733171   -0.734191 0.000634871
          15   -0.734553   -0.734215 0.000591527
          16   -0.734145    -0.73421  0.00055334
          17   -0.732237   -0.734094 0.000532574
          18   -0.734433   -0.734113 0.000502468
          19   -0.737008   -0.734266 0.000499114
          20   -0.734121   -0.734258 0.000473556
           1   -0.713912   -0.713912           0
           2   -0.713008    -0.71346    0.000452
           3   -0.712416   -0.713112 0.000434977
           4   -0.715496   -0.713708 0.000670685
           5    -0.71168   -0.713302 0.000659092
           6   -0.719512   -0.714337  0.00116649
           7    -0.71492   -0.714421 0.000989368
           8   -0.712768   -0.714214 0.000881367
           9   -0.715064   -0.714308  0.00078301
          10    -0.71216   -0.714094 0.000732558
          11   -0.711704   -0.713876 0.000697325
          12   -0.716128   -0.714064 0.000663646
          13   -0.717744   -0.714347 0.000672904
          14   -0.711928   -0.714174 0.000646507
          15   -0.715144   -0.714239 0.000605327
          16     -0.7156   -0.714324 0.000572586
          17   -0.712712   -0.714229 0.000546146
          18      -0.715   -0.714272 0.000516689
          19   -0.716376   -0.714383 0.000501127
          20   -0.713992   -0.714363 0.000475812
           1   -0.716224   -0.716224           0
           2   -0.714795    -0.71551  0.00071448
           3   -0.718121    -0.71638 0.000963225
           4   -0.720018    -0.71729  0.00113634
           5   -0.713117   -0.716455  0.00121293
           6   -0.719854   -0.717022   0.0011409
           7    -0.71702   -0.717021 0.000964239
           8   -0.717702   -0.717106 0.000839379
           9    -0.71959   -0.717382 0.000790012
          10   -0.716538   -0.717298  0.00071164
          11   -0.717179   -0.717287 0.000643794
          12   -0.720477   -0.717553 0.000645011
          13   -0.721119   -0.717827  0.00065368
          14   -0.717461   -0.717801 0.000605754
          15   -0.716756   -0.717731 0.000568215
          16   -0.716249   -0.717639 0.000539531
          17   -0.714721   -0.717467 0.000535076
          18   -0.718993   -0.717552 0.000511547
          19   -0.719652   -0.717662 0.000496337
          20   -0.719697   -0.717764 0.000481729
           1   -0.701448   -0.701448           0
           2   -0.698536   -0.699992    0.001456
           3   -0.699312   -0.699765 0.000870645
           4   -0.700928   -0.700056 0.000680807
           5   -0.697792   -0.699603 0.000695073
           6   -0.704416   -0.700405   0.0009826
           7    -0.69956   -0.700285 0.000839183
           8   -0.699168   -0.700145 0.000740035
           9    -0.69992    -0.70012 0.000653128
          10   -0.696768   -0.699785 0.000673513
          11   -0.698016   -0.699624 0.000630079
          12   -0.699416   -0.699607 0.000575442
          13   -0.701648   -0.699764  0.00055213
          14   -0.697744   -0.699619  0.00053114
          15    -0.69952   -0.699613 0.000494509
          16   -0.700728   -0.699683 0.000467792
          17    -0.69596   -0.699464 0.000490951
          18     -0.7008   -0.699538  0.00046879
          19   -0.701112   -0.699621 0.000451105
          20   -0.699392   -0.699609 0.000428109
           1   -0.702589   -0.702589           0
           2   -0.700304   -0.701446  0.00114252
           3   -0.704301   -0.702398  0.00115779
           4   -0.704551   -0.702936 0.000979774
           5   -0.699535   -0.702256  0.00101913
           6    -0.70573   -0.702835  0.00101374
           7   -0.704106   -0.703016 0.000875807
           8   -0.704823   -0.703242 0.000791394
           9   -0.704512   -0.703383  0.00071205
          10    -0.70058   -0.703103 0.000695835
          11   -0.702321   -0.703032  0.00063341
          12   -0.704125   -0.703123 0.000585355
          13    -0.70411   -0.703199  0.00054378
          14   -0.701507   -0.703078 0.000517738
          15    -0.70315   -0.703083 0.000482012
          16   -0.700859   -0.702944 0.000471825
          17   -0.700344   -0.702791 0.000468837
          18   -0.706804   -0.703014 0.000495055
          19   -0.703854   -0.703058  0.00047036
          20   -0.702578   -0.703034 0.000446867
           1   -0.686072   -0.686072           0
           2   -0.683112   -0.684592     0.00148
           3   -0.686224   -0.685136  0.00101295
           4   -0.685984   -0.685348  0.00074698
           5   -0.685136   -0.685306 0.000580159
           6    -0.69036   -0.686148 0.000966451
           7    -0.68488   -0.685967 0.000836645
           8   -0.684832   -0.685825 0.000738312
           9   -0.686528   -0.685903 0.000655799
          10    -0.68204   -0.685517 0.000702349
          11   -0.683136     -0.6853 0.000671155
          12   -0.682512   -0.685068 0.000655261
          13   -0.686576   -0.685184 0.000613813
          14   -0.683512   -0.685065 0.000580694
          15   -0.684928   -0.685055 0.000540674
          16   -0.686336   -0.685136 0.000512047
          17    -0.68208   -0.684956 0.000513469
          18   -0.685624   -0.684993 0.000485525
          19    -0.68624   -0.685059 0.000463927
          20   -0.684152   -0.685013 0.000442448
           1   -0.689361   -0.689361           0
           2   -0.683218    -0.68629  0.00307168
           3   -0.691614   -0.688065  0.00250904
           4   -0.688099   -0.688073  0.00177418
           5   -0.685896   -0.687638  0.00144163
           6   -0.691582   -0.688295  0.00134822
           7   -0.689414   -0.688455  0.00115061
           8   -0.690383   -0.688696  0.00102519
           9   -0.688504   -0.688675 0.000904385
          10   -0.685943   -0.688401 0.000853792
          11   -0.687441   -0.688314   0.0007772
          12    -0.68644   -0.688158 0.000726471
          13   -0.689188   -0.688237 0.000672936
          14   -0.687355   -0.688174 0.000626196
          15   -0.687892   -0.688155 0.000583259
          16    -0.68535    -0.68798 0.000573069
          17   -0.685397   -0.687828 0.000559344
          18   -0.691445   -0.688029 0.000564349
          19   -0.688693   -0.688064 0.000534962
          20   -0.687602   -0.688041 0.000508036
           1   -0.670936   -0.670936           0
           2   -0.669176   -0.670056     0.00088
           3   -0.672232   -0.670781 0.000885574
           4   -0.673184   -0.671382  0.00086771
           5     -0.6696   -0.671026 0.000760772
           6   -0.675272   -0.671733 0.000941666
           7     -0.6726   -0.671857 0.000805426
           8   -0.669672   -0.671584 0.000749093
           9   -0.673408   -0.671787 0.000691026
          10   -0.668416    -0.67145 0.000704008
          11   -0.670496   -0.671363 0.000642673
          12   -0.668392   -0.671115 0.000636776
          13   -0.672448   -0.671218 0.000594652
          14   -0.668432   -0.671019 0.000585399
          15   -0.670672   -0.670996 0.000545467
          16   -0.673632    -0.67116 0.000536181
          17   -0.668392   -0.670998 0.000529329
          18   -0.671752    -0.67104 0.000500813
          19   -0.673752   -0.671182 0.000494765
          20    -0.67104   -0.671175 0.000469429
           1   -0.674226   -0.674226           0
           2   -0.669764   -0.671995   0.0022308
           3   -0.675689   -0.673227  0.00178185
           4    -0.67657   -0.674062  0.00151197
           5    -0.67102   -0.673454  0.00131977
           6   -0.676942   -0.674035  0.00122437
           7   -0.675314   -0.674218  0.00105077
           8   -0.672813   -0.674042 0.000926781
           9   -0.674764   -0.674122 0.000821272
          10   -0.671296    -0.67384 0.000787075
          11   -0.673746   -0.673831 0.000711987
          12   -0.672318   -0.673705 0.000662069
          13   -0.676724   -0.673937 0.000651781
          14   -0.672049   -0.673803 0.000618319
          15   -0.674109   -0.673823 0.000575985
          16   -0.672614   -0.673747 0.000544058
          17   -0.671234   -0.673599 0.000532016
          18   -0.673775   -0.673609 0.000501684
          19   -0.676175   -0.673744 0.000493391
          20   -0.674795   -0.673797 0.000471013
           1     -0.6576     -0.6576           0
           2   -0.654552   -0.656076    0.001524
           3    -0.65892   -0.657024   0.0012934
           4    -0.65944   -0.657628  0.00109602
           5   -0.656408   -0.657384 0.000883343
           6   -0.660672   -0.657932 0.000905815
           7   -0.658848   -0.658063 0.000776656
           8   -0.656176   -0.657827 0.000712759
           9   -0.660032   -0.658072 0.000674652
          10      -0.656   -0.657865  0.00063801
          11   -0.656128   -0.657707 0.000598311
          12   -0.655568   -0.657529 0.000574529
          13   -0.657848   -0.657553  0.00052906
          14   -0.655104   -0.657378 0.000520119
          15   -0.657128   -0.657362 0.000484492
          16   -0.659816   -0.657515 0.000478459
          17   -0.655536   -0.657399 0.000464265
          18    -0.65688    -0.65737 0.000438661
          19   -0.657912   -0.657398 0.000415912
          20   -0.657512   -0.657404 0.000394609
           1   -0.661154   -0.661154           0
           2   -0.655789   -0.658472  0.00268256
           3    -0.66084   -0.659261  0.00173833
           4   -0.662366   -0.660037  0.00145378
           5   -0.657715   -0.659573  0.00121808
           6    -0.66262   -0.660081  0.00111671
           7   -0.661961   -0.660349 0.000981257
           8   -0.658592    -0.66013 0.000877728
           9    -0.66152   -0.660284 0.000789339
          10   -0.658127   -0.660068 0.000738218
          11   -0.658213     -0.6599 0.000688719
          12   -0.659278   -0.659848 0.000630841
          13   -0.660161   -0.659872 0.000580788
          14   -0.658002   -0.659738 0.000554045
          15   -0.660241   -0.659772 0.000516875
          16   -0.660018   -0.659787 0.000483737
          17   -0.658138    -0.65969 0.000464638
          18   -0.660391   -0.659729 0.000439791
          19   -0.662003   -0.659849 0.000432869
          20   -0.660382   -0.659876 0.000411519
           1   -0.644632   -0.644632           0
           2   -0.640856   -0.642744    0.001888
           3   -0.645024   -0.643504  0.00132883
           4   -0.644752   -0.643816 0.000990068
           5   -0.642592   -0.643571 0.000805027
           6    -0.64828   -0.644356   0.0010237
           7    -0.64432   -0.644351 0.000865197
           8   -0.642664    -0.64414 0.000778387
           9    -0.64564   -0.644307 0.000706415
          10   -0.642752   -0.644151 0.000650682
          11   -0.642728   -0.644022 0.000602617
          12    -0.64216   -0.643867 0.000571572
          13   -0.645056   -0.643958 0.000533671
          14   -0.642128   -0.643827 0.000511084
          15   -0.643504   -0.643806 0.000476282
          16   -0.647336   -0.644026  0.00049716
          17    -0.64128   -0.643865 0.000494156
          18   -0.643792   -0.643861 0.000465913
          19   -0.646088   -0.643978 0.000456031
          20   -0.642592   -0.643909 0.000438145
           1    -0.64753    -0.64753           0
           2   -0.643447   -0.645488   0.0020418
           3   -0.647166   -0.646048  0.00130471
           4   -0.648996   -0.646785   0.0011808
           5   -0.644252   -0.646278  0.00104557
           6   -0.650465   -0.646976  0.00110258
           7   -0.646784   -0.646948 0.000932254
           8   -0.646358   -0.646875  0.00081072
           9   -0.648344   -0.647038  0.00073339
          10   -0.644605   -0.646795 0.000699616
          11   -0.644711   -0.646605 0.000660564
          12   -0.645433   -0.646507 0.000610871
          13   -0.646657   -0.646519 0.000562036
          14   -0.644059   -0.646343 0.000549203
          15   -0.645651   -0.646297 0.000513358
          16   -0.647212   -0.646354 0.000483595
          17    -0.64398   -0.646215 0.000475245
          18   -0.646625   -0.646237 0.000448644
          19    -0.64901   -0.646383 0.000448758
          20   -0.645362   -0.646332  0.00042878
           1   -0.630952   -0.630952           0
           2   -0.627704   -0.629328    0.001624
           3   -0.631192   -0.629949   0.0011248
           4   -0.632176   -0.630506 0.000970808
           5   -0.631264   -0.630658 0.000767114
           6   -0.635696   -0.631497   0.0010476
           7   -0.630144   -0.631304 0.000906244
           8   -0.628544   -0.630959 0.000857312
           9   -0.633176   -0.631205 0.000795194
          10   -0.630544   -0.631139 0.000714312
          11   -0.630184   -0.631052 0.000651928
          12   -0.630728   -0.631025  0.00059574
          13    -0.63172   -0.631079   0.0005506
          14   -0.627592    -0.63083 0.000567345
          15    -0.63108   -0.630846 0.000528433
          16   -0.635856   -0.631159 0.000585122
          17   -0.627208   -0.630927 0.000596756
          18   -0.629104   -0.630826 0.000571671
          19   -0.632528   -0.630915 0.000548118
          20   -0.630304   -0.630885 0.000520888
           1   -0.633664   -0.633664           0
           2   -0.629399   -0.631531  0.00213264
           3   -0.633849   -0.632304  0.00145361
           4   -0.634608    -0.63288  0.00117822
           5   -0.632223   -0.632749 0.000922045
           6   -0.636752   -0.633416  0.00100599
           7   -0.632769   -0.633323 0.000855214
           8   -0.632413    -0.63321 0.000749328
           9   -0.634966   -0.633405 0.000689072
          10   -0.631976   -0.633262 0.000632665
          11   -0.632703   -0.633211 0.000574517
          12   -0.633444   -0.633231 0.000524818
          13   -0.632936   -0.633208 0.000483295
          14   -0.631117   -0.633059 0.000471716
          15   -0.631908   -0.632982 0.000445796
          16   -0.635099   -0.633114 0.000437504
          17   -0.629179   -0.632883 0.000471673
          18   -0.631477   -0.632805 0.000451506
          19   -0.635675   -0.632956 0.000453013
          20   -0.632022   -0.632909 0.000432296
           1   -0.618648   -0.618648           0
           2    -0.61572   -0.617184    0.001464
           3   -0.617584   -0.617317 0.000855693
           4   -0.619392   -0.617836 0.000796944
           5    -0.61812   -0.617893 0.000619918
           6   -0.622728   -0.618699 0.000951641
           7    -0.61888   -0.618725   0.0008047
           8   -0.616744   -0.618477  0.00073956
           9   -0.619744   -0.618618  0.00066725
          10     -0.6182   -0.618576 0.000598267
          11     -0.6186   -0.618578 0.000541157
          12   -0.617736   -0.618508 0.000498967
          13   -0.620384   -0.618652 0.000481134
          14   -0.615752   -0.618445 0.000491261
          15    -0.61884   -0.618471 0.000458096
          16   -0.624144   -0.618826  0.00055616
          17   -0.615072   -0.618605 0.000567175
          18   -0.614744   -0.618391 0.000576159
          19   -0.618696   -0.618407 0.000545228
          20    -0.61824   -0.618398 0.000517316
           1   -0.621701   -0.621701           0
           2   -0.617275   -0.619488   0.0022128
           3   -0.619605   -0.619527  0.00127816
           4   -0.621384   -0.619991  0.00101607
           5   -0.619218   -0.619837 0.000802099
           6   -0.623212   -0.620399 0.000863369
           7   -0.620546    -0.62042  0.00072998
           8   -0.618629   -0.620196  0.00067067
           9   -0.622796   -0.620485 0.000658228
          10   -0.620297   -0.620466 0.000589037
          11   -0.620866   -0.620502  0.00053404
          12   -0.620331   -0.620488  0.00048772
          13    -0.62144   -0.620561 0.000454574
          14   -0.619078   -0.620455 0.000433995
          15   -0.619659   -0.620402 0.000407502
          16   -0.623971   -0.620625 0.000441647
          17   -0.617201   -0.620424  0.00046118
          18   -0.618523   -0.620318  0.00044744
          19   -0.622433    -0.62043 0.000437619
          20   -0.619212   -0.620369 0.000419601
           1   -0.606848   -0.606848           0
           2   -0.604296   -0.605572    0.001276
           3    -0.60572   -0.605621 0.000738349
           4    -0.60652   -0.605846 0.000568379
           5   -0.605888   -0.605854 0.000440345
           6    -0.60912   -0.606399   0.0006523
           7   -0.606784   -0.606454 0.000554035
           8    -0.60492   -0.606262 0.000516692
           9   -0.607608   -0.606412 0.000479594
          10    -0.60604   -0.606374 0.000430568
          11   -0.606224   -0.606361 0.000389704
          12   -0.605632     -0.6063 0.000360895
          13   -0.608064   -0.606436 0.000358636
          14   -0.606624   -0.606449 0.000332305
          15    -0.60628   -0.606438 0.000309565
          16   -0.611656   -0.606764 0.000436136
          17   -0.602616    -0.60652 0.000476836
          18   -0.602456   -0.606294 0.000503075
          19   -0.607568   -0.606361  0.00048056
          20   -0.604248   -0.606256 0.000467984
           1   -0.608208   -0.608208           0
           2   -0.604959   -0.606584  0.00162444
           3   -0.607826   -0.606998  0.00102526
           4   -0.608776   -0.607442 0.000850337
           5   -0.606564   -0.607267 0.000681711
           6   -0.610684   -0.607836 0.000796424
           7   -0.609318   -0.608048  0.00070561
           8   -0.606843   -0.607897 0.000629363
           9   -0.609902    -0.60812 0.000598049
          10   -0.607253   -0.608033 0.000541893
          11   -0.607938   -0.608025 0.000490238
          12   -0.607295   -0.607964 0.000451639
          13   -0.610054   -0.608125  0.00044547
          14   -0.607602   -0.608087 0.000414109
          15   -0.607515   -0.608049 0.000387398
          16   -0.610848   -0.608224 0.000402394
          17   -0.605843   -0.608084 0.000403104
          18   -0.605435   -0.607937 0.000407543
          19   -0.611886   -0.608145 0.000437965
          20   -0.606831   -0.608079 0.000420647
           1   -0.594416   -0.594416           0
           2   -0.592792   -0.593604    0.000812
           3    -0.59396   -0.593723 0.000483594
           4   -0.593352    -0.59363 0.000354286
           5    -0.59556   -0.594016 0.000473611
           6   -0.596832   -0.594485 0.000608122
           7   -0.595592   -0.594643 0.000537722
           8   -0.594288   -0.594599 0.000467796
           9   -0.595712   -0.594723 0.000430693
          10   -0.592032   -0.594454 0.000469888
          11   -0.594456   -0.594454 0.000425029
          12   -0.594064   -0.594421 0.000389355
          13   -0.596248   -0.594562 0.000384731
          14   -0.595232    -0.59461 0.000359394
          15   -0.593328   -0.594524 0.000345317
          16   -0.599032   -0.594806 0.000428616
          17   -0.591136    -0.59459 0.000456841
          18   -0.591608   -0.594424 0.000461478
          19   -0.595552   -0.594484  0.00044053
          20   -0.594272   -0.594473 0.000418058
           1   -0.596479   -0.596479           0
           2   -0.593629   -0.595054   0.0014248
           3   -0.595356   -0.595155 0.000828755
           4   -0.596292   -0.595439 0.000651302
           5   -0.595614   -0.595474 0.000505709
           6   -0.598084   -0.595909 0.000599743
           7   -0.597294   -0.596107 0.000544131
           8   -0.596704   -0.596181 0.000477101
           9   -0.598889   -0.596482 0.000517275
          10   -0.593843   -0.596218 0.000532633
          11    -0.59653   -0.596247 0.000482616
          12   -0.596922   -0.596303 0.000444146
          13   -0.597693    -0.59641 0.000422311
          14    -0.59659   -0.596423 0.000391195
          15   -0.594373   -0.596286 0.000388971
          16   -0.599333   -0.596476  0.00041066
          17   -0.594733   -0.596374 0.000399147
          18   -0.592801   -0.596175  0.00042545
          19   -0.598135   -0.596279 0.000415438
          20    -0.59584   -0.596257 0.000394728
           1   -0.583024   -0.583024           0
           2   -0.580448   -0.581736    0.001288
           3    -0.58176   -0.581744  0.00074367
           4   -0.582832   -0.582016 0.000592036
           5   -0.583856   -0.582384 0.000587986
           6   -0.585056   -0.582829 0.000654834
           7   -0.584264   -0.583034 0.000590166
           8    -0.58236    -0.58295 0.000518002
           9   -0.584888   -0.583165 0.000505041
          10    -0.58024   -0.582873 0.000538172
          11   -0.582672   -0.582855 0.000487137
          12   -0.582288   -0.582807 0.000447192
          13    -0.58472   -0.582954 0.000436877
          14   -0.583176    -0.58297 0.000404779
          15   -0.582088   -0.582911 0.000381392
          16   -0.587976   -0.583228 0.000476939
          17   -0.580032    -0.58304 0.000485853
          18   -0.580352   -0.582891 0.000481794
          19   -0.583208   -0.582907 0.000456037
          20    -0.58264   -0.582894 0.000432842
           1   -0.584419   -0.584419           0
           2   -0.581903   -0.583161  0.00125788
           3   -0.582557    -0.58296 0.000753675
           4   -0.584379   -0.583315  0.00064019
           5   -0.583816   -0.583415 0.000505911
           6   -0.585433   -0.583751 0.000532723
           7    -0.58648   -0.584141 0.000595546
           8   -0.585594   -0.584323 0.000546785
           9   -0.586735   -0.584591 0.000551711
          10   -0.581692   -0.584301 0.000572318
          11   -0.585067    -0.58437 0.000522343
          12   -0.584488    -0.58438 0.000476933
          13   -0.586094   -0.584512 0.000458086
          14   -0.584925   -0.584541 0.000425132
          15   -0.582826   -0.584427 0.000411959
          16   -0.587232   -0.584602 0.000423345
          17   -0.582638   -0.584487 0.000414119
          18   -0.582633   -0.584384 0.000403785
          19   -0.586089   -0.584474 0.000392344
          20   -0.584387   -0.584469 0.000372235
           1   -0.571488   -0.571488           0
           2   -0.569384   -0.570436    0.001052
           3    -0.57036   -0.570411 0.000607901
           4     -0.5712   -0.570608 0.000472982
           5   -0.574624   -0.571411 0.000882812
           6   -0.573352   -0.571735 0.000790065
           7   -0.573416   -0.571975 0.000709613
           8   -0.571008   -0.571854 0.000626314
           9    -0.57388   -0.572079 0.000596467
          10    -0.56952   -0.571823   0.0005917
          11   -0.572384   -0.571874 0.000537636
          12   -0.571632   -0.571854 0.000491207
          13   -0.573864   -0.572009 0.000477566
          14   -0.572064   -0.572013 0.000442158
          15   -0.570872   -0.571937 0.000418591
          16   -0.575792   -0.572178 0.000459762
          17   -0.568152   -0.571941 0.000492528
          18   -0.569632   -0.571812 0.000481748
          19    -0.57112   -0.571776 0.000457143
          20   -0.570936   -0.571734 0.000435713
           1   -0.573129   -0.573129           0
           2   -0.571106   -0.572117  0.00101144
           3    -0.57154   -0.571925 0.000614868
           4   -0.572354   -0.572032 0.000447824
           5   -0.574133   -0.572452 0.000544924
           6    -0.57441   -0.572778 0.000551749
           7   -0.574988   -0.573094 0.000563068
           8   -0.572798   -0.573057 0.000489036
           9    -0.57587    -0.57337 0.000532662
          10   -0.569632   -0.572996 0.000605512
          11   -0.573879   -0.573076 0.000553557
          12   -0.574086    -0.57316 0.000512289
          13   -0.574664   -0.573276 0.000485216
          14   -0.573428   -0.573287 0.000449354
          15    -0.57202   -0.573202 0.000426759
          16   -0.576374   -0.573401 0.000445692
          17   -0.571209   -0.573272 0.000438048
          18   -0.571178   -0.573155 0.000429059
          19   -0.573498   -0.573173 0.000406251
          20   -0.573284   -0.573179 0.000385443
           1   -0.559976   -0.559976           0
           2    -0.55868   -0.559328    0.000648
           3   -0.559376   -0.559344 0.000374465
           4    -0.55976   -0.559448 0.000284478
           5    -0.56328   -0.560214  0.00079745
           6   -0.563656   -0.560788 0.000867737
           7   -0.563144   -0.561125 0.000806916
           8   -0.559744   -0.560952 0.000719803
           9   -0.561544   -0.561018 0.000638206
          10   -0.559144    -0.56083 0.000600796
          11   -0.561688   -0.560908 0.000549004
          12   -0.561456   -0.560954 0.000503243
          13    -0.56312   -0.561121 0.000491988
          14   -0.560184   -0.561054  0.00046038
          15    -0.56072   -0.561031 0.000429167
          16   -0.565168    -0.56129 0.000477494
          17   -0.559136   -0.561163 0.000466081
          18   -0.558872   -0.561036 0.000457492
          19   -0.560352      -0.561 0.000434239
          20   -0.561344   -0.561017 0.000412314
           1   -0.561767   -0.561767           0
           2   -0.559353    -0.56056  0.00120664
           3   -0.561225   -0.560782 0.000731033
           4   -0.561466   -0.560953 0.000544535
           5   -0.563296   -0.561421 0.000630474
           6   -0.564862   -0.561995 0.000770555
           7    -0.56472   -0.562384 0.000758762
           8   -0.561277   -0.562246 0.000671516
           9   -0.563744   -0.562412 0.000615172
          10   -0.560104   -0.562182 0.000596665
          11   -0.563812    -0.56233   0.0005597
          12   -0.563887    -0.56246 0.000527158
          13    -0.56415    -0.56259 0.000502043
          14   -0.562813   -0.562606 0.000465074
          15   -0.561664   -0.562543 0.000437488
          16   -0.565752   -0.562743 0.000455736
          17   -0.561179   -0.562651 0.000437871
          18   -0.561744   -0.562601 0.000415897
          19   -0.562891   -0.562616 0.000393696
          20   -0.563661   -0.562668  0.00037713
           1   -0.548944   -0.548944           0
           2   -0.547384   -0.548164     0.00078
           3   -0.548368   -0.548232 0.000455438
           4   -0.548368   -0.548266 0.000323833
           5   -0.552872   -0.549187 0.000954741
           6    -0.55264   -0.549763 0.000968942
           7   -0.552976   -0.550222 0.000938792
           8   -0.549024   -0.550072 0.000826688
           9   -0.551656   -0.550248 0.000750013
          10   -0.548192   -0.550042 0.000701631
          11   -0.550768   -0.550108 0.000638068
          12    -0.55268   -0.550323 0.000620646
          13   -0.551704   -0.550429 0.000580715
          14   -0.550032   -0.550401 0.000538385
          15    -0.55052   -0.550409 0.000501272
          16   -0.555064     -0.5507 0.000551839
          17   -0.548544   -0.550573 0.000533645
          18   -0.549616    -0.55052 0.000505925
          19   -0.549288   -0.550455 0.000482926
          20   -0.552976   -0.550581 0.000475172
           1   -0.550102   -0.550102           0
           2   -0.548313   -0.549208  0.00089472
           3   -0.550548   -0.549655 0.000683057
           4   -0.550429   -0.549848 0.000520385
           5   -0.553124   -0.550503 0.000769148
           6   -0.553821   -0.551056 0.000836738
           7   -0.554165     -0.5515 0.000835036
           8   -0.550301    -0.55135  0.00073853
           9   -0.552889   -0.551521 0.000673383
          10   -0.549496   -0.551319 0.000635446
          11    -0.55369   -0.551534 0.000613876
          12   -0.554409   -0.551774 0.000609457
          13    -0.55314   -0.551879 0.000570384
          14    -0.55215   -0.551898 0.000528428
          15   -0.551352   -0.551862 0.000493288
          16   -0.555071   -0.552063 0.000503136
          17   -0.550573   -0.551975 0.000480673
          18   -0.551832   -0.551967 0.000453253
          19    -0.55211   -0.551975   0.0004288
          20   -0.554648   -0.552108 0.000428202
           1   -0.538256   -0.538256           0
           2   -0.537264    -0.53776    0.000496
           3   -0.538112   -0.537877 0.000309471
           4   -0.538256   -0.537972 0.000238428
           5    -0.54296    -0.53897  0.00101455
           6    -0.54212   -0.539495 0.000980767
           7   -0.543032       -0.54 0.000970792
           8   -0.539216   -0.539902 0.000846423
           9   -0.541648   -0.540096 0.000771272
          10   -0.538696   -0.539956 0.000703909
          11   -0.541968   -0.540139 0.000662462
          12   -0.541712    -0.54027 0.000618787
          13   -0.541512   -0.540366 0.000577164
          14       -0.54   -0.540339 0.000534987
          15   -0.540648    -0.54036 0.000498471
          16    -0.54528   -0.540667 0.000558543
          17    -0.53892   -0.540565 0.000534635
          18   -0.540232   -0.540546 0.000504397
          19   -0.539832   -0.540509 0.000478591
          20   -0.543288   -0.540648 0.000474822
           1   -0.539044   -0.539044           0
           2   -0.538781   -0.538913  0.00013152
           3   -0.540321   -0.539382 0.000475621
           4    -0.53972   -0.539467 0.000346758
           5    -0.54276   -0.540126 0.000711365
           6      -0.543   -0.540605 0.000752942
           7    -0.54415   -0.541111 0.000813287
           8   -0.540811   -0.541074 0.000705325
           9   -0.543263   -0.541317 0.000667927
          10   -0.538102   -0.540995 0.000678444
          11   -0.543335   -0.541208  0.00064948
          12   -0.543791   -0.541423  0.00063075
          13   -0.543114   -0.541553 0.000594608
          14   -0.542373   -0.541612 0.000553601
          15   -0.541209   -0.541585 0.000516073
          16   -0.545047   -0.541801 0.000529017
          17   -0.541245   -0.541769 0.000498003
          18   -0.541776   -0.541769 0.000469522
          19   -0.541747   -0.541768 0.000444124
          20   -0.544321   -0.541896 0.000440244
           1   -0.528888   -0.528888           0
           2     -0.5278   -0.528344    0.000544
           3   -0.529032   -0.528573 0.000388895
           4   -0.527456   -0.528294 0.000391978
           5   -0.532496   -0.529134 0.000893566
           6   -0.531384   -0.529509 0.000820294
           7   -0.532136   -0.529885 0.000788311
           8    -0.52964   -0.529854 0.000683381
           9   -0.530608   -0.529938  0.00060848
          10   -0.527656    -0.52971 0.000590139
          11    -0.53292   -0.530001 0.000608377
          12   -0.532648   -0.530222 0.000597558
          13   -0.530928   -0.530276  0.00055235
          14   -0.529832   -0.530245  0.00051236
          15     -0.5312   -0.530308 0.000481216
          16   -0.534344    -0.53056 0.000515988
          17     -0.5298   -0.530516 0.000486747
          18    -0.53052   -0.530516 0.000458909
          19   -0.529616   -0.530469 0.000436662
          20   -0.533568   -0.530624 0.000442291
           1    -0.52929    -0.52929           0
           2   -0.528505   -0.528897   0.0003924
           3   -0.530309   -0.529368 0.000522401
           4   -0.527837   -0.528985 0.000531851
           5   -0.533183   -0.529825 0.000935125
           6   -0.532403   -0.530254 0.000876123
           7   -0.533758   -0.530755 0.000893788
           8   -0.531298   -0.530823  0.00077701
           9    -0.53239   -0.530997 0.000707036
          10   -0.527688   -0.530666  0.00071371
          11   -0.534133   -0.530981 0.000718392
          12   -0.533556   -0.531196 0.000690004
          13   -0.532403   -0.531289 0.000641472
          14   -0.531424   -0.531298 0.000593966
          15   -0.531758   -0.531329 0.000553801
          16   -0.535374   -0.531582 0.000576424
          17   -0.531679   -0.531587 0.000541486
          18   -0.531864   -0.531603 0.000510749
          19   -0.530732   -0.531557 0.000485292
          20   -0.534181   -0.531688 0.000478724
           1   -0.519136   -0.519136           0
           2    -0.51852   -0.518828    0.000308
           3   -0.519592   -0.519083 0.000310607
           4    -0.51724   -0.518622 0.000510345
           5   -0.522712    -0.51944 0.000908513
           6     -0.5222     -0.5199 0.000872848
           7   -0.523336   -0.520391 0.000886075
           8   -0.519704   -0.520305 0.000772152
           9   -0.521024   -0.520385 0.000685644
          10   -0.518176   -0.520164 0.000651827
          11   -0.523072   -0.520428 0.000646154
          12    -0.52324   -0.520663 0.000634687
          13   -0.522296   -0.520788 0.000597193
          14   -0.521264   -0.520822 0.000553937
          15   -0.521328   -0.520856 0.000516788
          16   -0.525184   -0.521126 0.000553946
          17   -0.520144   -0.521069 0.000523541
          18   -0.521792   -0.521109 0.000495232
          19   -0.519928   -0.521047 0.000472548
          20   -0.523872   -0.521188 0.000470029
           1   -0.520393   -0.520393           0
           2   -0.519831   -0.520112  0.00028088
           3   -0.520843   -0.520355 0.000292641
           4   -0.517957   -0.519756 0.000634227
           5   -0.522918   -0.520388 0.000800835
           6   -0.522682   -0.520771  0.00075741
           7   -0.525019   -0.521377 0.000882068
           8    -0.52064   -0.521285 0.000769437
           9   -0.521642   -0.521325 0.000679739
          10   -0.518703   -0.521063 0.000662119
          11    -0.52432   -0.521359 0.000668121
          12   -0.524085   -0.521586 0.000650852
          13   -0.523521   -0.521735 0.000616916
          14   -0.522916   -0.521819 0.000577354
          15    -0.52159   -0.521804 0.000537704
          16   -0.525572   -0.522039 0.000555371
          17   -0.522665   -0.522076 0.000522975
          18   -0.522496     -0.5221 0.000493617
          19   -0.521139   -0.522049 0.000469642
          20   -0.524416   -0.522167 0.000460987
           1    -0.50952    -0.50952           0
           2   -0.510048   -0.509784    0.000264
           3   -0.510312    -0.50996 0.000232826
           4    -0.50812     -0.5095 0.000488573
           5     -0.5132    -0.51024 0.000831157
           6    -0.51264    -0.51064 0.000787749
           7   -0.514808   -0.511235 0.000893188
           8   -0.510064   -0.511089 0.000787261
           9     -0.5118   -0.511168 0.000698779
          10   -0.508928   -0.510944 0.000663935
          11   -0.513304   -0.511159 0.000637724
          12   -0.513528   -0.511356 0.000614734
          13   -0.512816   -0.511468 0.000576518
          14    -0.51188   -0.511498 0.000534561
          15    -0.51208   -0.511537 0.000499161
          16   -0.515512   -0.511785 0.000528916
          17    -0.51196   -0.511795 0.000496937
          18   -0.512264   -0.511821  0.00046924
          19   -0.511256   -0.511792 0.000444853
          20   -0.513616   -0.511883  0.00043177
           1   -0.510229   -0.510229           0
           2   -0.510255   -0.510242   1.296e-05
           3   -0.511916     -0.5108  0.00055821
           4   -0.509164   -0.510391 0.000568344
           5    -0.51334   -0.510981 0.000736036
           6   -0.512702   -0.511268 0.000665916
           7   -0.515759   -0.511909 0.000853527
           8    -0.51155   -0.511864 0.000740541
           9   -0.513061   -0.511997 0.000666499
          10   -0.509488   -0.511746 0.000646775
          11   -0.515144   -0.512055  0.00066156
          12   -0.514204   -0.512234 0.000629898
          13   -0.513694   -0.512347 0.000590195
          14    -0.51359   -0.512435 0.000553585
          15    -0.51221    -0.51242 0.000515579
          16    -0.51584   -0.512634 0.000527528
          17   -0.513614   -0.512692  0.00049887
          18   -0.513324   -0.512727 0.000471649
          19   -0.512323   -0.512706 0.000446641
          20    -0.51526   -0.512833 0.000442548
           1   -0.500616   -0.500616           0
           2    -0.50072   -0.500668     5.2e-05
           3   -0.502344   -0.501227 0.000559473
           4   -0.499568   -0.500812 0.000573108
           5   -0.505024   -0.501654 0.000952213
           6   -0.503224   -0.501916  0.00082031
           7    -0.50696   -0.502637 0.000999936
           8    -0.50112   -0.502447 0.000886477
           9     -0.5036   -0.502575 0.000792226
          10   -0.500592   -0.502377 0.000735816
          11   -0.504456   -0.502566  0.00069189
          12   -0.504952   -0.502765 0.000662169
          13   -0.504712   -0.502914 0.000627255
          14   -0.502768   -0.502904  0.00058082
          15     -0.5036    -0.50295 0.000542701
          16   -0.506384   -0.503165 0.000551146
          17    -0.50384   -0.503205 0.000519232
          18   -0.503464   -0.503219 0.000489749
          19   -0.502672    -0.50319  0.00046415
          20   -0.504872   -0.503274 0.000448288
           1   -0.501527   -0.501527           0
           2   -0.501092    -0.50131  0.00021756
           3   -0.503528   -0.502049 0.000749914
           4   -0.500886   -0.501758 0.000604792
           5   -0.505605   -0.502527 0.000900704
           6     -0.5038   -0.502739 0.000765385
           7   -0.507679   -0.503445  0.00095728
           8   -0.502103   -0.503277 0.000845842
           9   -0.504878   -0.503455  0.00076687
          10   -0.500914   -0.503201  0.00073146
          11   -0.505917   -0.503448 0.000706187
          12   -0.505778   -0.503642 0.000673258
          13   -0.505056   -0.503751 0.000628781
          14    -0.50469   -0.503818 0.000585994
          15   -0.503463   -0.503794 0.000546044
          16   -0.506616   -0.503971 0.000540368
          17   -0.505624   -0.504068 0.000516817
          18   -0.504541   -0.504094 0.000487968
          19   -0.503723   -0.504075 0.000461985
          20   -0.505637   -0.504153 0.000445185
           1   -0.491936   -0.491936           0
           2   -0.491464     -0.4917    0.000236
           3   -0.493848   -0.492416 0.000728849
           4    -0.49068   -0.491982  0.00067377
           5   -0.496944   -0.492974  0.00112127
           6   -0.495056   -0.493321 0.000979041
           7    -0.49796   -0.493984  0.00106009
           8   -0.492192    -0.49376 0.000944995
           9   -0.494368   -0.493828  0.00083614
          10     -0.4922   -0.493665 0.000765372
          11    -0.49548    -0.49383   0.0007117
          12    -0.49596   -0.494007 0.000673505
          13   -0.495056   -0.494088 0.000624764
          14   -0.494672    -0.49413 0.000579921
          15   -0.494952   -0.494185 0.000542653
          16   -0.497704   -0.494404 0.000553217
          17   -0.494112   -0.494387 0.000519942
          18   -0.495208   -0.494433 0.000492322
          19    -0.49432   -0.494427 0.000465727
          20   -0.495584   -0.494485 0.000445599
           1   -0.493225   -0.493225           0
           2   -0.491475    -0.49235   0.0008752
           3   -0.494856   -0.493185 0.000976295
           4   -0.491646   -0.492801 0.000790317
           5   -0.497469   -0.493734  0.00111639
           6   -0.494881   -0.493925 0.000931361
           7   -0.499283   -0.494691  0.00109791
           8   -0.493378   -0.494527 0.000964879
           9   -0.495576   -0.494643 0.000858891
          10   -0.492548   -0.494434 0.000796273
          11   -0.496137   -0.494589 0.000736711
          12   -0.495935   -0.494701 0.000681822
          13   -0.495928   -0.494795 0.000634245
          14   -0.495656   -0.494857  0.00059041
          15   -0.494951   -0.494863 0.000549678
          16   -0.497694    -0.49504 0.000543762
          17   -0.495857   -0.495088  0.00051303
          18   -0.496015   -0.495139 0.000486423
          19   -0.495701   -0.495169 0.000461057
          20   -0.496975   -0.495259 0.000446617
           1   -0.484416   -0.484416           0
           2   -0.482952   -0.483684    0.000732
           3    -0.48568   -0.484349 0.000788211
           4   -0.482624   -0.483918  0.00070476
           5   -0.488264   -0.484787  0.00102641
           6   -0.487248   -0.485197 0.000933036
           7   -0.488984   -0.485738 0.000956272
           8    -0.48516   -0.485666 0.000831304
           9   -0.486376   -0.485745 0.000737374
          10    -0.48516   -0.485686 0.000662115
          11   -0.487008   -0.485807 0.000610838
          12    -0.48748   -0.485946  0.00057479
          13    -0.48576   -0.485932 0.000528924
          14   -0.485208    -0.48588 0.000492409
          15    -0.48644   -0.485917 0.000459925
          16   -0.489584   -0.486146  0.00048745
          17   -0.486176   -0.486148 0.000457883
          18    -0.48608   -0.486144 0.000431713
          19   -0.485944   -0.486134 0.000408495
          20   -0.487056    -0.48618 0.000390266
           1   -0.484998   -0.484998           0
           2   -0.483318   -0.484158  0.00084028
           3   -0.486211   -0.484842 0.000838872
           4   -0.483843   -0.484593 0.000643625
           5   -0.487826   -0.485239 0.000816596
           6   -0.486799   -0.485499 0.000715616
           7   -0.490829   -0.486261  0.00097235
           8   -0.485536    -0.48617 0.000846936
           9   -0.487225   -0.486287 0.000756062
          10   -0.484772   -0.486136 0.000693016
          11   -0.488252   -0.486328 0.000655717
          12   -0.487611   -0.486435 0.000608055
          13   -0.486843   -0.486466 0.000560208
          14   -0.486968   -0.486502  0.00051989
          15   -0.486219   -0.486483  0.00048436
          16   -0.488791   -0.486627  0.00047548
          17   -0.487534   -0.486681 0.000449805
          18   -0.487228   -0.486711 0.000425168
          19   -0.486738   -0.486713 0.000402172
          20   -0.488205   -0.486787 0.000388762
           1   -0.475256   -0.475256           0
           2     -0.4744   -0.474828    0.000428
           3   -0.477088   -0.475581 0.000792826
           4   -0.474848   -0.475398 0.000589828
           5   -0.479064   -0.476131 0.000863899
           6   -0.479352   -0.476668 0.000886398
           7   -0.481216   -0.477318 0.000991637
           8   -0.477192   -0.477302 0.000858927
           9   -0.478008    -0.47738 0.000761553
          10   -0.476656   -0.477308 0.000684995
          11    -0.47956   -0.477513 0.000652548
          12    -0.47896   -0.477633 0.000607779
          13   -0.477344   -0.477611 0.000559518
          14   -0.476968   -0.477565 0.000520046
          15     -0.4786   -0.477634 0.000489027
          16    -0.48104   -0.477847 0.000504546
          17   -0.478376   -0.477878 0.000474959
          18   -0.477728    -0.47787 0.000447873
          19    -0.47728   -0.477839 0.000424781
          20    -0.47872   -0.477883 0.000405385
           1   -0.476947   -0.476947           0
           2   -0.474677   -0.475812  0.00113484
           3   -0.477844   -0.476489 0.000942211
           4   -0.475125   -0.476148 0.000748442
           5    -0.47928   -0.476775 0.000853382
           6    -0.47979   -0.477277 0.000859076
           7   -0.483283   -0.478135  0.00112397
           8   -0.478721   -0.478208 0.000976144
           9   -0.479056   -0.478303 0.000866019
          10   -0.476461   -0.478118 0.000796183
          11   -0.479936   -0.478284  0.00073888
          12   -0.479701   -0.478402  0.00068477
          13   -0.478851   -0.478436 0.000630842
          14   -0.477969   -0.478403 0.000585001
          15   -0.478453   -0.478406 0.000544617
          16   -0.481631   -0.478608 0.000547853
          17   -0.479064   -0.478635 0.000515317
          18   -0.478553    -0.47863 0.000485867
          19   -0.479063   -0.478653 0.000460148
          20   -0.480721   -0.478756 0.000448614
           1   -0.468632   -0.468632           0
           2   -0.466736   -0.467684    0.000948
           3   -0.469192   -0.468187  0.00074313
           4   -0.466368   -0.467732 0.000694869
           5   -0.471392   -0.468464 0.000908587
           6    -0.47148   -0.468967 0.000896118
           7   -0.472584   -0.469483 0.000916861
           8   -0.469864   -0.469531 0.000795448
           9   -0.470328    -0.46962 0.000707087
          10   -0.468768   -0.469534 0.000638145
          11   -0.471448   -0.469708 0.000602869
          12   -0.470856   -0.469804 0.000558589
          13   -0.469512   -0.469782 0.000514318
          14   -0.469312   -0.469748 0.000477346
          15   -0.470816   -0.469819 0.000450052
          16   -0.473728   -0.470064 0.000486735
          17   -0.469688   -0.470041 0.000457741
          18    -0.47032   -0.470057  0.00043184
          19   -0.469776   -0.470042 0.000408747
          20    -0.47124   -0.470102  0.00039237
           1   -0.469091   -0.469091           0
           2      -0.467   -0.468046  0.00104564
           3   -0.469672   -0.468588 0.000811333
           4   -0.467037     -0.4682 0.000692384
           5   -0.470857   -0.468731  0.00075501
           6   -0.471327   -0.469164 0.000753136
           7   -0.474148   -0.469876 0.000954992
           8   -0.470982   -0.470014 0.000838514
           9   -0.471399   -0.470168 0.000755335
          10   -0.468576   -0.470009 0.000694102
          11   -0.471836   -0.470175 0.000649449
          12   -0.471151   -0.470256 0.000598413
          13   -0.470767   -0.470296 0.000551857
          14   -0.470397   -0.470303 0.000510972
          15   -0.470873   -0.470341 0.000477204
          16   -0.473512   -0.470539 0.000488409
          17   -0.470673   -0.470547 0.000458847
          18   -0.470629   -0.470551  0.00043263
          19   -0.471433   -0.470598 0.000411846
          20   -0.472354   -0.470686  0.00040046
           1   -0.460624   -0.460624           0
           2   -0.458856    -0.45974    0.000884
           3   -0.461408   -0.460296 0.000754733
           4   -0.459368   -0.460064 0.000581923
           5   -0.463384   -0.460728 0.000802544
           6   -0.463616   -0.461209  0.00081306
           7    -0.46376   -0.461574 0.000777794
           8   -0.461352   -0.461546 0.000674159
           9   -0.462424   -0.461644 0.000602503
          10   -0.461304    -0.46161 0.000539964
          11    -0.46408   -0.461834 0.000537575
          12   -0.462576   -0.461896 0.000494615
          13   -0.461528   -0.461868 0.000455859
          14    -0.46212   -0.461886 0.000422428
          15   -0.463192   -0.461973 0.000402786
          16    -0.46604   -0.462227 0.000454505
          17    -0.46188   -0.462207 0.000427421
          18   -0.462264    -0.46221 0.000402989
          19   -0.462416   -0.462221 0.000381344
          20   -0.463384   -0.462279 0.000366421
           1   -0.461255   -0.461255           0
           2   -0.460069   -0.460662    0.000593
           3   -0.462042   -0.461122 0.000573414
           4   -0.459486   -0.460713 0.000576009
           5   -0.463222   -0.461215 0.000671499
           6   -0.463453   -0.461588 0.000663095
           7   -0.465018   -0.462078 0.000744379
           8    -0.46188   -0.462053 0.000645124
           9   -0.464038   -0.462274 0.000610193
          10   -0.460841    -0.46213 0.000564276
          11   -0.464625   -0.462357 0.000558522
          12    -0.46289   -0.462402  0.00051179
          13   -0.462458   -0.462406 0.000470798
          14   -0.462686   -0.462426 0.000436333
          15    -0.46377   -0.462516  0.00041597
          16   -0.466216   -0.462747 0.000452635
          17   -0.462633    -0.46274  0.00042523
          18   -0.463198   -0.462766 0.000401715
          19   -0.463565   -0.462808 0.000382306
          20   -0.464689   -0.462902 0.000374691
