0.5  -0.968744  0.0014142  0.24614  0.0110008  73.1018  1.46981
0.538  -0.960096  0.00176019  0.270227  0.0116734  62.6153  1.74488
0.576  -0.941936  0.0014397  0.339858  0.00818057  46.7537  1.35433
0.615  -0.930304  0.00104324  0.3557  0.00511229  38.6536  0.766632
0.653  -0.914504  0.00097761  0.383863  0.00417847  30.0257  0.766296
0.692  -0.89868  0.000832956  0.40173  0.00311024  23.8372  0.56388
0.73  -0.879696  0.000753061  0.424348  0.00248417  18.4662  0.514973
0.769  -0.862608  0.000677562  0.432743  0.00197472  15.637  0.430117
0.807  -0.848016  0.000591084  0.431277  0.00153685  15.5918  0.199636
0.846  -0.8296  0.000545759  0.435597  0.00126243  13.2927  0.168689
0.884  -0.814968  0.000713945  0.429745  0.00148354  11.8743  0.150156
0.923  -0.794704  0.000511789  0.432484  0.000955248  9.57212  0.124021
0.961  -0.7784  0.000480803  0.426729  0.000810825  8.6112  0.124979
1  -0.758008  0.000573974  0.425424  0.000875866  7.17869  0.111028
1.038  -0.740888  0.000521257  0.418662  0.000721171  6.20028  0.0935815
1.076  -0.72728  0.000434725  0.40687  0.000548569  5.68108  0.0762778
1.115  -0.713992  0.000475812  0.394309  0.000547305  5.0934  0.0673416
1.153  -0.699392  0.000428109  0.384269  0.000450799  4.79217  0.0521537
1.192  -0.684152  0.000442448  0.374375  0.000426969  4.38538  0.0472781
1.23  -0.67104  0.000469429  0.363345  0.000416606  4.07864  0.0443061
1.269  -0.657512  0.000394609  0.352516  0.000322295  3.67151  0.038313
1.307  -0.642592  0.000438145  0.343671  0.000330577  3.46162  0.032993
1.346  -0.630304  0.000520888  0.332677  0.000363098  3.27617  0.0232964
1.384  -0.61824  0.000517316  0.322523  0.000334437  2.98245  0.0189914
1.423  -0.604248  0.000467984  0.313534  0.000280422  2.72308  0.0195869
1.461  -0.594272  0.000418058  0.303038  0.00023297  2.55654  0.0184102
1.5  -0.58264  0.000432842  0.293569  0.000224493  2.42067  0.0174303
1.538  -0.570936  0.000435713  0.284949  0.000210719  2.33905  0.0154762
1.576  -0.561344  0.000412314  0.275747  0.000186453  2.25304  0.0156389
1.615  -0.552976  0.000475172  0.266165  0.000200745  2.17045  0.0142
1.653  -0.543288  0.000474822  0.257955  0.00018801  2.05236  0.0135478
1.692  -0.533568  0.000442291  0.249857  0.000163987  1.94727  0.0130151
1.73  -0.523872  0.000470029  0.242426  0.00016368  1.8465  0.0103189
1.769  -0.513616  0.00043177  0.235255  0.000141215  1.74667  0.00927288
1.807  -0.504872  0.000448288  0.228192  0.000138158  1.68344  0.00890036
1.846  -0.495584  0.000445599  0.221379  0.000129273  1.61262  0.00739729
1.884  -0.487056  0.000390266  0.2149  0.000106889  1.55381  0.00822365
1.923  -0.47872  0.000405385  0.208448  0.000104755  1.49939  0.00842414
1.961  -0.47124  0.00039237  0.202296  9.58888e-05  1.42148  0.00786171
2  -0.463384  0.000366421  0.196319  8.46875e-05  1.35937  0.00667766
