7.05722  0
6.05048  1.00673
5.71144  0.672895
5.5023  0.519742
5.40844  0.413387
5.3174  0.349593
5.27015  0.299214
5.24406  0.260437
5.21951  0.230992
5.20135  0.207402
5.2001  0.187606
5.17516  0.173066
5.16155  0.159779
5.13403  0.150464
5.11864  0.140917
5.11021  0.132085
5.09893  0.124584
5.08323  0.118504
5.08222  0.112098
5.08005  0.106368
5.06961  0.101713
5.06536  0.0970729
5.06242  0.0928031
5.05766  0.0889794
5.05443  0.0854071
5.05483  0.0820575
5.05688  0.0789865
5.0496  0.0764609
5.05088  0.0737884
5.05066  0.0712867
5.04834  0.0689877
5.05091  0.0668465
5.05058  0.0647901
5.04847  0.062891
5.05182  0.0611595
5.05183  0.0594364
5.04951  0.0578544
5.04773  0.0563394
5.04669  0.0548857
5.04292  0.0536284
5.04039  0.0523652
5.03885  0.0511264
5.03845  0.0499249
5.04285  0.0489747
5.04159  0.0478905
5.04319  0.0468653
5.04355  0.0458587
5.04205  0.0449182
5.03939  0.0440724
5.04333  0.043361
5.04344  0.0425025
5.04126  0.0417343
5.04195  0.0409451
5.04055  0.040204
5.04018  0.039468
5.0398  0.0387587
5.04046  0.0380784
5.03666  0.0376081
5.03651  0.0369656
5.03624  0.0363452
5.03644  0.035745
5.03765  0.0351846
5.03703  0.0346271
5.03672  0.0340832
5.03669  0.0335548
5.03335  0.0332109
5.03181  0.0327475
5.03117  0.0322687
5.03093  0.0317985
5.0308  0.0313412
5.0307  0.0308968
5.02947  0.0304895
5.02881  0.0300762
5.0269  0.0297284
5.02622  0.0293372
5.02498  0.0289755
5.02302  0.0286632
5.02336  0.0282954
5.02359  0.0279358
5.02279  0.0275961
5.02069  0.0273336
5.02065  0.0269983
5.01995  0.0266803
5.01819  0.0264196
5.01752  0.0261155
5.01857  0.0258316
5.01808  0.0255376
5.01846  0.0252485
5.01745  0.0249833
5.01816  0.0247143
5.01769  0.0244459
5.01673  0.0241977
5.01735  0.0239442
5.01655  0.0237014
5.01629  0.0234522
5.01759  0.0232431
5.01704  0.0230089
5.0159  0.0228015
5.0152  0.0225808
5.01445  0.0223663
