1.59501  0  5.10721  0  1.49706  0  4.93547  0
1.53383  0.0611775  5.03429  0.0729249  1.53001  0.0329468  5.02738  0.0919164
1.53821  0.0355908  5.07513  0.0586562  1.50951  0.0279642  5.04637  0.0563625
1.51477  0.0343867  5.05802  0.0448669  1.49606  0.0239157  5.03418  0.0416768
1.52918  0.0302842  5.06066  0.0348538  1.48773  0.02031  5.03031  0.0325136
1.53053  0.0247634  5.04973  0.0304839  1.49568  0.0183909  5.05329  0.0351112
1.51916  0.0238145  5.03985  0.0275926  1.4989  0.0158731  5.03985  0.0325762
1.52388  0.0211567  5.01865  0.0319446  1.49724  0.0138465  5.02951  0.0300473
1.51909  0.0192647  5.01599  0.0282976  1.49638  0.0122419  5.01675  0.0294132
1.5135  0.0181137  5.01881  0.0254661  1.49837  0.0111293  5.01575  0.0263268
1.51696  0.016745  5.00932  0.0249108  1.49434  0.0108432  5.02577  0.0258351
1.51698  0.0152861  5.0037  0.023426  1.48944  0.011044  5.02726  0.0236314
1.5128  0.0146703  5.00889  0.0221663  1.48864  0.010191  5.02392  0.021993
1.50951  0.0139752  5.00769  0.0205572  1.4953  0.0115517  5.02845  0.0208583
1.50522  0.013698  5.00176  0.0200345  1.49464  0.0107743  5.02889  0.0194231
1.50579  0.0128259  5.01437  0.0225867  1.49989  0.0113638  5.02126  0.0197071
1.50196  0.0126432  5.00756  0.0222847  1.49968  0.0106765  5.02885  0.0200098
1.50018  0.012051  5.00457  0.0212219  1.49521  0.0110129  5.02666  0.0189921
1.49923  0.0114392  5.01452  0.0224083  1.49987  0.0114106  5.01936  0.0193942
1.49941  0.0108537  5.00488  0.0233415  1.49964  0.0108274  5.01591  0.0187185
1.49982  0.010332  4.99997  0.0227393  1.49899  0.0103195  5.01891  0.0180558
1.50209  0.0101088  4.9985  0.021731  1.49807  0.00988169  5.01374  0.0179765
1.49917  0.0100905  5.00056  0.0208668  1.49561  0.00975828  5.01291  0.0171971
1.50082  0.0098013  4.99945  0.0200094  1.49503  0.00936086  5.00837  0.0170786
1.50141  0.0094196  4.99882  0.0192026  1.49478  0.008982  5.00947  0.016418
1.5008  0.00907061  5.00575  0.0197072  1.49366  0.00870185  5.00649  0.0160526
1.50055  0.00873189  5.00443  0.0190088  1.49162  0.0086204  5.00877  0.0156134
1.50021  0.00842109  5.00189  0.0184936  1.49284  0.00839627  5.00633  0.015242
1.50176  0.00827206  5.00143  0.0178502  1.4917  0.00818045  5.00368  0.0149437
1.50098  0.00802945  4.99718  0.0177622  1.49227  0.00792346  5.00465  0.0144695
1.50106  0.00776651  4.99493  0.0173267  1.494  0.00785612  5.00073  0.0145341
1.50236  0.00763056  4.99252  0.0169488  1.49343  0.0076278  4.99863  0.0142288
1.50317  0.00744052  4.9897  0.016667  1.49314  0.00739901  4.99473  0.01433
1.50366  0.00723477  4.9955  0.0171778  1.4927  0.00719148  4.99416  0.0139137
1.50354  0.00702601  4.99287  0.0168852  1.49245  0.00698753  4.99428  0.0135108
1.5039  0.00683761  4.99441  0.016481  1.49033  0.00711214  4.99268  0.0132267
1.50426  0.0066598  4.99797  0.016421  1.49021  0.00691833  4.99786  0.0138684
1.50334  0.00654678  5.00291  0.016729  1.49001  0.00673685  4.99979  0.0136354
1.50429  0.00644716  5.00121  0.0163826  1.48833  0.00677177  4.99902  0.0133036
1.5026  0.00650732  5.00209  0.0159917  1.48721  0.00669514  5.00011  0.0130131
1.50225  0.00635618  4.99991  0.0157475  1.48807  0.0065855  5.00151  0.0127686
1.50145  0.00625426  5.00257  0.0155964  1.48732  0.00647018  5.00372  0.0126557
1.50136  0.00610776  5.00132  0.0152811  1.48804  0.00635862  5.00927  0.0135436
1.50125  0.00596835  5.001  0.0149331  1.48839  0.00622223  5.01224  0.0135627
1.50167  0.00584901  5.00026  0.0146161  1.4883  0.00608297  5.01209  0.0132587
1.50049  0.00584033  4.99952  0.014314  1.48934  0.00603972  5.01081  0.0130306
1.50013  0.00572594  4.99903  0.0140148  1.4883  0.00600183  5.01041  0.0127568
1.49973  0.00561994  5.00021  0.0137704  1.48946  0.00598965  5.00819  0.0126837
1.50096  0.00564127  4.99961  0.0134996  1.49067  0.00598869  5.01099  0.0127349
1.50066  0.00553594  5.00191  0.0134238  1.49095  0.00587452  5.01093  0.0124778
1.50121  0.00545496  5.00357  0.0132623  1.49054  0.00577273  5.01062  0.0122346
1.50109  0.00535054  5.00238  0.0130585  1.49013  0.00567554  5.00767  0.0123559
1.50092  0.00525115  4.99964  0.0130997  1.49009  0.00556755  5.00925  0.0122234
1.50008  0.00522121  4.99991  0.0128576  1.48986  0.00546849  5.00804  0.012055
1.49993  0.00512755  4.99906  0.0126502  1.49071  0.0054361  5.00787  0.0118351
1.501  0.00514607  5.00048  0.0125034  1.49055  0.00534079  5.00618  0.0117436
1.5009  0.00505583  5.00288  0.0125136  1.49109  0.00527399  5.00337  0.011875
1.50214  0.00511849  5.00158  0.012364  1.49236  0.00533548  5.00053  0.0120075
1.50262  0.00505432  5.00299  0.0122338  1.49167  0.00528887  5.0017  0.0118597
1.50398  0.00515139  5.00521  0.0122309  1.49149  0.00520312  5.00123  0.0116699
1.50386  0.00506751  5.00519  0.0120287  1.48999  0.0053312  5.00301  0.0116151
1.5044  0.00501406  5.0046  0.0118479  1.49066  0.00528695  5.00179  0.0114918
1.50409  0.00494398  5.0032  0.0117419  1.49117  0.00522736  5.00391  0.011505
1.50369  0.00488204  5.00297  0.0115592  1.49157  0.0051603  5.00218  0.011455
1.50286  0.00487815  5.00372  0.0114044  1.49212  0.00511031  5.00135  0.0113077
1.50185  0.00490877  5.00466  0.0112696  1.4919  0.00503711  5.00312  0.0112742
1.50068  0.00497457  5.00313  0.0112054  1.49232  0.00497877  5.00302  0.0111051
1.50133  0.0049437  5.00298  0.0110404  1.49254  0.0049099  5.00185  0.0110035
1.50125  0.00487215  5.00181  0.0109421  1.49245  0.00483898  5.00067  0.0109067
1.50153  0.00480998  5.00414  0.0110324  1.49163  0.00484013  5.00247  0.0108994
1.50097  0.00477449  5.0027  0.0109705  1.49183  0.00477585  5.00093  0.0108537
1.50007  0.00479259  5.00345  0.0108434  1.49264  0.00477862  4.99892  0.0108906
1.50003  0.00472666  5.00349  0.0106939  1.49274  0.00471363  4.99904  0.0107411
1.49907  0.00476083  5.00407  0.0105643  1.49304  0.00465945  5.00009  0.0106463
1.4984  0.0047431  5.00427  0.0104244  1.49305  0.00459691  5.00008  0.0105034
1.49763  0.00474441  5.00463  0.0102926  1.49299  0.00453643  5.00153  0.0104658
1.49767  0.00468262  5.005  0.0101649  1.49212  0.00456076  5.00296  0.0104275
1.49808  0.00463988  5.00527  0.0100373  1.49083  0.00468309  5.00467  0.0104338
1.49789  0.0045848  5.00777  0.0102197  1.49248  0.00491166  5.00555  0.0103383
1.49787  0.00452714  5.00837  0.0101089  1.4923  0.00485329  5.00276  0.0105821
1.49724  0.00451535  5.00718  0.010054  1.49197  0.00480458  5.00303  0.0104542
1.49761  0.00447511  5.00761  0.00994023  1.49217  0.00474994  5.00124  0.0104799
1.49726  0.00443504  5.00673  0.00985968  1.49215  0.00469242  4.99999  0.0104277
1.49724  0.00438196  5.00869  0.00993758  1.49129  0.00471462  5.00101  0.0103526
1.49753  0.00434009  5.00811  0.00983731  1.49154  0.00466567  4.99913  0.0104008
1.49726  0.00429767  5.00766  0.0097325  1.49092  0.00465351  4.99977  0.010299
1.4974  0.00425029  5.00659  0.00967887  1.49108  0.00460269  4.99939  0.010187
1.49685  0.00423831  5.00786  0.00965158  1.49166  0.00458633  5.00021  0.0101041
1.49695  0.0041916  5.00719  0.0095662  1.49128  0.00455019  4.99872  0.0101005
1.49685  0.00414594  5.00557  0.00959648  1.49223  0.00459848  4.99892  0.0099897
1.49687  0.0041002  5.00561  0.00949053  1.4926  0.0045625  4.99913  0.00988167
1.4967  0.00405905  5.00404  0.009518  1.49337  0.00457802  4.99846  0.00979716
1.4974  0.00407536  5.00389  0.00941625  1.49444  0.00465326  4.99936  0.00973313
1.49685  0.00406936  5.00152  0.00961096  1.49468  0.00460953  5.00007  0.00965543
1.49672  0.00402822  5.00119  0.00951528  1.49452  0.00456339  4.99909  0.00960324
1.49674  0.00398607  4.99949  0.00956649  1.49444  0.00451638  5.00008  0.00955421
1.49662  0.00394661  4.99828  0.0095448  1.49447  0.00446971  4.9995  0.00947344
1.49654  0.00390692  4.99939  0.00951221  1.49464  0.00442699  5.00102  0.00949906
1.49684  0.00387887  4.99888  0.00942964  1.49487  0.00438818  4.99936  0.00954811
1.4967  0.00384229  4.99627  0.00969221  1.49458  0.00435387  5.00067  0.00954233
