           1   -0.956264   -0.956264           0
           2   -0.965424   -0.960844     0.00458
           3   -0.964592   -0.962093  0.00292455
           4   -0.965456   -0.962934  0.00223231
           5   -0.968472   -0.964042  0.00205346
           6   -0.964664   -0.964145  0.00167985
           7   -0.975584   -0.965779   0.0021647
           8   -0.969424   -0.966235  0.00192924
           9   -0.959192   -0.965452  0.00187277
          10   -0.967144   -0.965622  0.00168357
          11   -0.962608   -0.965348   0.0015473
          12   -0.979112   -0.966495  0.00181956
          13   -0.978808   -0.967442  0.00192317
          14    -0.96844   -0.967513  0.00178194
          15   -0.972384   -0.967838  0.00169038
          16   -0.984288   -0.968866  0.00188607
          17   -0.980208   -0.969533  0.00189311
          18   -0.962624   -0.969149  0.00182565
          19    -0.98044   -0.969744  0.00182628
          20   -0.973136   -0.969913  0.00174084
           1    -1.00429    -1.00429           0
           2    -1.00137    -1.00283  0.00146124
           3    -1.00356    -1.00307 0.000878094
           4    -1.01058    -1.00495  0.00197613
           5    -1.00264    -1.00449  0.00159873
           6    -0.99382    -1.00271   0.0022058
           7    -1.00807    -1.00348  0.00201557
           8    -1.00357    -1.00349  0.00174557
           9    -1.00544    -1.00371   0.0015547
          10    -1.00188    -1.00352  0.00140252
          11   -0.994747    -1.00272   0.0014986
          12    -1.00327    -1.00277  0.00136878
          13    -1.00642    -1.00305  0.00129001
          14   -0.994935    -1.00247  0.00132758
          15   -0.996587    -1.00208  0.00129666
          16    -1.00168    -1.00205  0.00121318
          17   -0.999745    -1.00192  0.00114765
          18   -0.996342    -1.00161  0.00112549
          19    -1.00442    -1.00176  0.00107483
          20    -1.01187    -1.00226  0.00113823
           1   -0.948648   -0.948648           0
           2   -0.956224   -0.952436    0.003788
           3   -0.960672   -0.955181  0.00350996
           4   -0.957144   -0.955672  0.00252995
           5   -0.961456   -0.956829  0.00227565
           6   -0.959408   -0.957259  0.00190714
           7     -0.9402   -0.954822  0.00292177
           8   -0.963368    -0.95589  0.00274659
           9   -0.947304   -0.954936  0.00260336
          10   -0.953304   -0.954773  0.00233423
          11   -0.940144   -0.953443  0.00249531
          12   -0.967136   -0.954584  0.00254773
          13   -0.965096   -0.955393  0.00247915
          14   -0.961184   -0.955806  0.00233222
          15   -0.957464   -0.955917  0.00217399
          16    -0.96272   -0.956342  0.00207756
          17   -0.962672   -0.956714  0.00198673
          18   -0.955336   -0.956638  0.00187467
          19   -0.965256   -0.957091  0.00183036
          20   -0.958304   -0.957152  0.00173749
           1   -0.996324   -0.996324           0
           2   -0.993493   -0.994908  0.00141528
           3   -0.996119   -0.995312 0.000911342
           4   -0.991966   -0.994475    0.001056
           5   -0.985955   -0.992771  0.00189024
           6   -0.985753   -0.991602  0.00193655
           7   -0.993459   -0.991867  0.00165805
           8   -0.989291   -0.991545  0.00147156
           9   -0.996995   -0.992151  0.00143213
          10   -0.990385   -0.991974  0.00129305
          11   -0.974278   -0.990365  0.00198898
          12   -0.987616   -0.990136  0.00183009
          13   -0.981764   -0.989492  0.00180242
          14   -0.989378   -0.989484  0.00166874
          15   -0.983884   -0.989111  0.00159773
          16   -0.991459   -0.989257  0.00150173
          17   -0.998035   -0.989774  0.00150216
          18    -0.98806   -0.989679  0.00141945
          19   -0.987882   -0.989584  0.00134599
          20   -0.998886   -0.990049  0.00135898
           1   -0.935424   -0.935424           0
           2   -0.945128   -0.940276    0.004852
           3    -0.94996   -0.943504  0.00427402
           4   -0.934872   -0.941346  0.00371357
           5   -0.942944   -0.941666  0.00289422
           6    -0.93816   -0.941081  0.00243428
           7    -0.93444   -0.940133  0.00226557
           8   -0.945016   -0.940743   0.0020548
           9   -0.939744   -0.940632  0.00181556
          10    -0.93384   -0.939953  0.00176021
          11   -0.936264   -0.939617   0.0016271
          12    -0.95076   -0.940546  0.00175169
          13   -0.952992   -0.941503  0.00187428
          14    -0.94612   -0.941833   0.0017663
          15    -0.93408   -0.941316  0.00172366
          16    -0.94308   -0.941427   0.0016161
          17     -0.9436   -0.941554  0.00152344
          18     -0.9548    -0.94229  0.00161384
          19   -0.948776   -0.942632  0.00156424
          20   -0.942768   -0.942638  0.00148399
           1   -0.975293   -0.975293           0
           2   -0.982793   -0.979043  0.00375008
           3   -0.982214     -0.9801  0.00240928
           4   -0.980608   -0.980227  0.00170835
           5   -0.972224   -0.978626  0.00207686
           6   -0.959588   -0.975453  0.00359778
           7   -0.961987    -0.97353  0.00359814
           8   -0.972428   -0.973392  0.00311912
           9   -0.982341   -0.974386  0.00292501
          10   -0.974911   -0.974439  0.00261674
          11   -0.967874   -0.973842    0.002441
          12   -0.980218   -0.974373  0.00229078
          13   -0.967816   -0.973869  0.00216674
          14   -0.966531   -0.973345  0.00207336
          15   -0.963846   -0.972711  0.00203141
          16   -0.981822   -0.973281  0.00198369
          17   -0.974525   -0.973354  0.00186479
          18   -0.984173   -0.973955  0.00185805
          19   -0.974094   -0.973962  0.00175755
          20   -0.988776   -0.974703  0.00182446
           1   -0.920864   -0.920864           0
           2   -0.931536     -0.9262    0.005336
           3   -0.933992   -0.928797  0.00402953
           4   -0.917256   -0.925912  0.00405508
           5    -0.92928   -0.926586  0.00321247
           6   -0.924144   -0.926179  0.00265435
           7   -0.924536   -0.925944  0.00225557
           8   -0.927016   -0.926078  0.00195798
           9   -0.925128   -0.925972     0.00173
          10   -0.915928   -0.924968  0.00184478
          11     -0.9224   -0.924735  0.00168492
          12   -0.934384   -0.925539  0.00173563
          13   -0.935328   -0.926292  0.00176522
          14   -0.930672   -0.926605  0.00166396
          15   -0.923744   -0.926414  0.00156075
          16    -0.92364    -0.92624  0.00147021
          17   -0.930784   -0.926508  0.00140665
          18   -0.925032   -0.926426  0.00132873
          19   -0.928736   -0.926547  0.00126272
          20   -0.938336   -0.927137  0.00133508
           1   -0.949371   -0.949371           0
           2   -0.965983   -0.957677    0.008306
           3   -0.964385   -0.959913  0.00529112
           4   -0.956847   -0.959146  0.00381911
           5   -0.961018   -0.959521  0.00298186
           6   -0.950573   -0.958029  0.00285509
           7   -0.948104   -0.956611  0.00279875
           8   -0.960633   -0.957114  0.00247537
           9   -0.960937   -0.957539  0.00222402
          10    -0.95833   -0.957618   0.0019908
          11   -0.945405   -0.956508  0.00211553
          12   -0.960329   -0.956826  0.00195728
          13   -0.952059   -0.956459  0.00183741
          14   -0.953763   -0.956267  0.00171198
          15   -0.943584   -0.955421  0.00180416
          16   -0.956918   -0.955515  0.00169023
          17   -0.958728   -0.955704   0.0015989
          18   -0.959437   -0.955911  0.00152166
          19   -0.964946   -0.956387  0.00151585
          20   -0.975697   -0.957352  0.00173212
           1     -0.9058     -0.9058           0
           2   -0.913232   -0.909516    0.003716
           3   -0.919624   -0.912885  0.00399441
           4    -0.91104   -0.912424   0.0028619
           5   -0.911848   -0.912309  0.00221981
           6   -0.913376   -0.912487  0.00182117
           7      -0.911   -0.912274  0.00155376
           8   -0.913184   -0.912388  0.00135039
           9   -0.903776   -0.911431  0.00152773
          10   -0.909632   -0.911251  0.00137823
          11   -0.912224    -0.91134  0.00124979
          12   -0.920984   -0.912143  0.00139556
          13   -0.911816   -0.912118  0.00128397
          14   -0.906576   -0.911722  0.00125291
          15   -0.905488   -0.911307  0.00123823
          16    -0.91176   -0.911335  0.00115861
          17   -0.908696    -0.91118  0.00109934
          18   -0.919608   -0.911648  0.00113732
          19   -0.912536   -0.911695  0.00107681
          20   -0.922328   -0.912226  0.00115163
           1    -0.92917    -0.92917           0
           2    -0.94168   -0.935425  0.00625488
           3   -0.941236   -0.937362  0.00409784
           4   -0.931254   -0.935835  0.00327539
           5   -0.937262    -0.93612   0.0025531
           6    -0.93497   -0.935929   0.0020934
           7    -0.93387   -0.935635  0.00179351
           8   -0.943677    -0.93664  0.00185017
           9   -0.933031   -0.936239  0.00168023
          10   -0.938405   -0.936456  0.00151837
          11   -0.923851    -0.93531  0.00178868
          12   -0.939656   -0.935672  0.00167253
          13   -0.939953   -0.936001  0.00157335
          14   -0.940568   -0.936327  0.00149272
          15   -0.929851   -0.935896  0.00145518
          16   -0.942698   -0.936321  0.00142604
          17   -0.939733   -0.936521  0.00135449
          18    -0.94025   -0.936729  0.00129372
          19   -0.943955   -0.937109  0.00128147
          20   -0.950459   -0.937776   0.0013869
           1   -0.899008   -0.899008           0
           2   -0.897336   -0.898172    0.000836
           3   -0.902816    -0.89972   0.0016215
           4   -0.892176   -0.897834  0.00220718
           5   -0.894168   -0.897101  0.00186026
           6    -0.89896   -0.897411  0.00155018
           7   -0.889672   -0.896305  0.00171425
           8   -0.897464    -0.89645  0.00149163
           9   -0.888304   -0.895545   0.0015968
          10   -0.896048   -0.895595   0.0014291
          11   -0.893896   -0.895441  0.00130187
          12   -0.905752     -0.8963  0.00146654
          13     -0.8914   -0.895923  0.00140069
          14   -0.888184    -0.89537  0.00140969
          15   -0.890504   -0.895046  0.00135186
          16   -0.888472   -0.894635  0.00132962
          17     -0.8942   -0.894609  0.00124922
          18   -0.905152   -0.895195  0.00131537
          19   -0.894904    -0.89518  0.00124431
          20   -0.907208   -0.895781  0.00132483
           1   -0.922617   -0.922617           0
           2   -0.915236   -0.918926  0.00369052
           3   -0.927957   -0.921937  0.00368801
           4   -0.918508   -0.921079  0.00274505
           5   -0.916157   -0.920095  0.00234313
           6   -0.913247   -0.918954   0.0022277
           7   -0.915724   -0.918492  0.00193846
           8   -0.915663   -0.918139   0.0017156
           9   -0.915038   -0.917794  0.00155176
          10   -0.922933   -0.918308  0.00148001
          11   -0.906415   -0.917227  0.00172082
          12   -0.917586   -0.917257  0.00157117
          13    -0.92184   -0.917609  0.00148765
          14   -0.919794   -0.917765  0.00138611
          15   -0.910232   -0.917263  0.00138468
          16   -0.921419   -0.917523  0.00132104
          17   -0.922128   -0.917794  0.00127012
          18   -0.919373   -0.917882  0.00120069
          19   -0.919321   -0.917957  0.00113826
          20   -0.927661   -0.918442  0.00118385
           1   -0.879264   -0.879264           0
           2     -0.8762   -0.877732    0.001532
           3   -0.881616   -0.879027  0.00156796
           4   -0.880472   -0.879388  0.00116611
           5    -0.88032   -0.879574 0.000922298
           6   -0.879104   -0.879496 0.000757123
           7   -0.878776   -0.879393   0.0006481
           8   -0.881104   -0.879607 0.000600633
           9    -0.87108    -0.87866  0.00108547
          10   -0.878232   -0.878617 0.000971814
          11   -0.880968   -0.878831 0.000904652
          12   -0.886376   -0.879459  0.00103796
          13    -0.87696   -0.879267 0.000973953
          14   -0.872472   -0.878782  0.00102404
          15    -0.87876    -0.87878 0.000953326
          16   -0.870848   -0.878285   0.0010203
          17   -0.876224   -0.878163 0.000966039
          18   -0.888224   -0.878722  0.00106862
          19    -0.87612   -0.878585  0.00102005
          20   -0.881008   -0.878706 0.000975253
           1   -0.895569   -0.895569           0
           2   -0.888693   -0.892131  0.00343772
           3   -0.902831   -0.895698  0.00408166
           4   -0.895974   -0.895767    0.002887
           5    -0.89724   -0.896061   0.0022556
           6   -0.896748   -0.896176  0.00184524
           7   -0.894512   -0.895938  0.00157752
           8    -0.90342   -0.896873  0.00165565
           9   -0.901147   -0.897348  0.00153541
          10   -0.900628   -0.897676  0.00141194
          11   -0.891016   -0.897071  0.00141342
          12   -0.896536   -0.897026  0.00129104
          13   -0.898742   -0.897158   0.0011949
          14   -0.901954   -0.897501  0.00115808
          15   -0.890946   -0.897064  0.00116331
          16   -0.900834   -0.897299  0.00111341
          17   -0.895789   -0.897211  0.00104963
          18   -0.896863   -0.897191 0.000989789
          19   -0.899289   -0.897302 0.000942732
          20   -0.902122   -0.897543 0.000926258
           1   -0.865328   -0.865328           0
           2   -0.860256   -0.862792    0.002536
           3   -0.857896    -0.86116  0.00219253
           4   -0.858176   -0.860414   0.0017205
           5     -0.8618   -0.860691  0.00136121
           6   -0.861112   -0.860761  0.00111364
           7   -0.863248   -0.861117    0.001006
           8   -0.865248   -0.861633  0.00101278
           9   -0.858296   -0.861262 0.000967092
          10     -0.8622   -0.861356 0.000870062
          11   -0.866384   -0.861813 0.000910111
          12   -0.869776   -0.862477  0.00106329
          13   -0.862488   -0.862478 0.000978085
          14   -0.861296   -0.862393 0.000909455
          15   -0.861576   -0.862339 0.000848407
          16   -0.855416   -0.861906 0.000903892
          17   -0.860296   -0.861811 0.000854324
          18    -0.86728   -0.862115 0.000860859
          19   -0.858896   -0.861946  0.00083173
          20   -0.862784   -0.861988 0.000790161
           1   -0.880374   -0.880374           0
           2   -0.868884   -0.874629   0.0057448
           3   -0.879291   -0.876183  0.00366273
           4   -0.872355   -0.875226  0.00276114
           5   -0.873091   -0.874799  0.00218097
           6   -0.877439   -0.875239  0.00183433
           7   -0.880592   -0.876004  0.00172862
           8   -0.885384   -0.877176  0.00190152
           9    -0.87887   -0.877364   0.0016875
          10   -0.872383   -0.876866  0.00158944
          11   -0.870015   -0.876243  0.00156683
          12   -0.879511   -0.876516    0.001456
          13   -0.875866   -0.876466  0.00134026
          14   -0.877512    -0.87654  0.00124309
          15   -0.874243   -0.876387  0.00116735
          16   -0.876335   -0.876384  0.00109196
          17   -0.879072   -0.876542  0.00103783
          18   -0.878928   -0.876675 0.000987417
          19   -0.875156   -0.876595 0.000937419
          20   -0.886101    -0.87707  0.00100837
           1   -0.845664   -0.845664           0
           2   -0.844504   -0.845084     0.00058
           3   -0.841208   -0.843792  0.00133469
           4   -0.847472   -0.844712  0.00131799
           5   -0.843744   -0.844518  0.00103911
           6   -0.842352   -0.844157 0.000922061
           7   -0.846496   -0.844491 0.000847881
           8    -0.84876   -0.845025 0.000907676
           9   -0.842904   -0.844789 0.000834464
          10   -0.845248   -0.844835 0.000747776
          11   -0.849144   -0.845227 0.000781625
          12   -0.851312   -0.845734  0.00087536
          13   -0.844832   -0.845665 0.000808198
          14   -0.844352   -0.845571 0.000754097
          15   -0.842488   -0.845365 0.000731492
          16   -0.841336   -0.845114  0.00072912
          17   -0.838824   -0.844744 0.000778429
          18     -0.8474   -0.844891 0.000748601
          19   -0.841576   -0.844717 0.000729285
          20   -0.845992    -0.84478 0.000694793
           1   -0.862418   -0.862418           0
           2   -0.856435   -0.859426  0.00299108
           3   -0.858699   -0.859184  0.00174384
           4    -0.85779   -0.858836  0.00128136
           5   -0.857778   -0.858624  0.00101482
           6   -0.861234   -0.859059 0.000935802
           7   -0.859257   -0.859087 0.000791403
           8   -0.865663   -0.859909  0.00107025
           9   -0.863902   -0.860353  0.00104295
          10   -0.857037   -0.860021 0.000990019
          11   -0.853922   -0.859467  0.00105325
          12   -0.859561   -0.859475 0.000961517
          13   -0.861515   -0.859632 0.000898284
          14    -0.86127   -0.859749  0.00083984
          15   -0.850363   -0.859123  0.00100141
          16   -0.853456   -0.858769  0.00100146
          17   -0.857296   -0.858682 0.000944693
          18   -0.852731   -0.858352  0.00095005
          19   -0.857326   -0.858298 0.000900276
          20   -0.869934   -0.858879  0.00103341
           1    -0.82476    -0.82476           0
           2   -0.831488   -0.828124    0.003364
           3   -0.822112    -0.82612  0.00279073
           4   -0.831088   -0.827362  0.00233166
           5   -0.828056   -0.827501  0.00181142
           6   -0.827784   -0.827548  0.00147977
           7    -0.82896    -0.82775   0.0012668
           8   -0.826456   -0.827588  0.00110894
           9    -0.82916   -0.827763 0.000993465
          10   -0.827704   -0.827757 0.000888601
          11   -0.830168   -0.827976 0.000833124
          12   -0.826984   -0.827893 0.000765014
          13   -0.823936   -0.827589 0.000766729
          14   -0.828096   -0.827625 0.000710777
          15   -0.823536   -0.827353 0.000715653
          16   -0.824832   -0.827195 0.000687718
          17   -0.824992   -0.827065 0.000658868
          18    -0.82924   -0.827186 0.000632826
          19   -0.826728   -0.827162 0.000599079
          20   -0.826656   -0.827137 0.000568899
           1   -0.839722   -0.839722           0
           2   -0.840806   -0.840264   0.0005418
           3   -0.834403    -0.83831   0.0019786
           4   -0.837637   -0.838142  0.00140918
           5    -0.83509   -0.837532  0.00125062
           6   -0.840951   -0.838101  0.00116937
           7   -0.838853   -0.838209 0.000994106
           8   -0.841067   -0.838566 0.000932114
           9    -0.84179   -0.838924 0.000896684
          10   -0.837287   -0.838761  0.00081855
          11   -0.835728   -0.838485 0.000790053
          12   -0.838096   -0.838452 0.000721944
          13   -0.838064   -0.838423 0.000664763
          14   -0.844916   -0.838886  0.00077064
          15   -0.831484   -0.838393 0.000870766
          16   -0.835126   -0.838189 0.000839723
          17   -0.839016   -0.838237 0.000790282
          18   -0.834257   -0.838016 0.000777207
          19   -0.838963   -0.838066 0.000736852
          20   -0.841169   -0.838221 0.000716045
           1   -0.805896   -0.805896           0
           2   -0.816832   -0.811364    0.005468
           3    -0.80548   -0.809403  0.00371661
           4   -0.812352    -0.81014  0.00272951
           5   -0.810936   -0.810299  0.00212026
           6   -0.808168   -0.809944  0.00176725
           7   -0.813448   -0.810445  0.00157525
           8   -0.812904   -0.810752  0.00139841
           9   -0.812416   -0.810937  0.00124707
          10   -0.810608   -0.810904   0.0011159
          11   -0.815424   -0.811315   0.0010898
          12    -0.81084   -0.811275 0.000995634
          13   -0.808128   -0.811033  0.00094731
          14   -0.810616   -0.811003 0.000877545
          15   -0.807792   -0.810789 0.000844537
          16   -0.808648   -0.810656 0.000801249
          17    -0.81192    -0.81073 0.000756309
          18   -0.811656   -0.810781 0.000714908
          19   -0.812664    -0.81088 0.000683457
          20   -0.812024   -0.810938   0.0006509
           1   -0.816675   -0.816675           0
           2   -0.825414   -0.821045  0.00436976
           3   -0.818012   -0.820034  0.00271781
           4   -0.819244   -0.819837  0.00193189
           5   -0.816835   -0.819236  0.00161235
           6   -0.822922   -0.819851  0.00145275
           7    -0.81999    -0.81987  0.00122796
           8   -0.823206   -0.820287  0.00114224
           9   -0.824179    -0.82072  0.00109626
          10    -0.82262    -0.82091 0.000998765
          11   -0.821344   -0.820949  0.00090428
          12   -0.818439    -0.82074 0.000851576
          13   -0.817057   -0.820457 0.000833005
          14   -0.825694   -0.820831 0.000857164
          15   -0.813289   -0.820328 0.000943182
          16   -0.815839   -0.820048 0.000925809
          17   -0.820325   -0.820064 0.000869799
          18   -0.818737    -0.81999 0.000823359
          19   -0.822258    -0.82011 0.000787913
          20   -0.819955   -0.820102  0.00074752
           1    -0.79244    -0.79244           0
           2    -0.79912    -0.79578     0.00334
           3   -0.790432   -0.793997  0.00262611
           4    -0.79312   -0.793778  0.00186985
           5   -0.794144   -0.793851  0.00145023
           6   -0.792672   -0.793655   0.0012003
           7   -0.796232   -0.794023  0.00107919
           8   -0.795624   -0.794223 0.000955797
           9   -0.796288   -0.794452 0.000873603
          10   -0.796752   -0.794682 0.000814509
          11   -0.797648   -0.794952  0.00078453
          12    -0.79176   -0.794686 0.000763978
          13   -0.793288   -0.794578 0.000710937
          14   -0.796048   -0.794683 0.000666518
          15   -0.793968   -0.794636 0.000622324
          16   -0.792248   -0.794487 0.000600955
          17   -0.792272   -0.794356 0.000579334
          18   -0.794888   -0.794386    0.000547
          19    -0.79812   -0.794582  0.00055348
          20   -0.795224   -0.794614 0.000526057
           1   -0.803952   -0.803952           0
           2   -0.807242   -0.805597  0.00164508
           3   -0.800146    -0.80378  0.00205022
           4   -0.797486   -0.802206  0.00213963
           5   -0.798209   -0.801407  0.00184012
           6    -0.80699   -0.802337  0.00176727
           7   -0.804127   -0.802593  0.00151533
           8   -0.802797   -0.802619  0.00131257
           9   -0.804682   -0.802848  0.00118006
          10   -0.803127   -0.802876  0.00105584
          11   -0.804644   -0.803036 0.000968481
          12   -0.802014   -0.802951 0.000888192
          13   -0.801403   -0.802832  0.00082565
          14    -0.80889   -0.803265 0.000878392
          15   -0.797111   -0.802855 0.000914894
          16   -0.800924   -0.802734 0.000864271
          17   -0.803702   -0.802791 0.000813837
          18   -0.802005   -0.802747 0.000768533
          19   -0.804759   -0.802853 0.000734627
          20   -0.803465   -0.802884   0.0006976
           1    -0.77768    -0.77768           0
           2   -0.779712   -0.778696    0.001016
           3    -0.77556   -0.777651  0.00119867
           4   -0.773736   -0.776672  0.00129468
           5   -0.775792   -0.776496  0.00101818
           6   -0.779168   -0.776941 0.000943106
           7   -0.778504   -0.777165 0.000827742
           8   -0.777392   -0.777193 0.000717409
           9   -0.777752   -0.777255 0.000635736
          10   -0.780336   -0.777563  0.00064672
          11   -0.781512   -0.777922 0.000686346
          12   -0.775408   -0.777713 0.000660648
          13   -0.778632   -0.777783 0.000611808
          14   -0.779648   -0.777917 0.000581872
          15   -0.774976   -0.777721 0.000576075
          16   -0.778792   -0.777787 0.000543014
          17   -0.776176   -0.777693 0.000518807
          18   -0.778688   -0.777748 0.000492251
          19   -0.777808   -0.777751 0.000465634
          20    -0.77692    -0.77771 0.000443689
           1   -0.786494   -0.786494           0
           2   -0.788526    -0.78751    0.001016
           3   -0.785074   -0.786698  0.00100158
           4   -0.779219   -0.784828  0.00199932
           5   -0.780423   -0.783947  0.00178177
           6   -0.787567    -0.78455  0.00157495
           7   -0.782883   -0.784312  0.00135222
           8   -0.784556   -0.784343  0.00117145
           9   -0.783288   -0.784225  0.00103975
          10   -0.787395   -0.784542 0.000982498
          11   -0.784165   -0.784508 0.000889365
          12   -0.782951   -0.784378  0.00082218
          13   -0.784718   -0.784404 0.000756748
          14    -0.79038   -0.784831 0.000820396
          15   -0.781188   -0.784588 0.000801438
          16   -0.784565   -0.784587 0.000749678
          17    -0.78359   -0.784528 0.000706635
          18   -0.785452    -0.78458 0.000668197
          19   -0.784929   -0.784598 0.000632318
          20   -0.784152   -0.784576 0.000600285
           1   -0.760656   -0.760656           0
           2   -0.766448   -0.763552    0.002896
           3    -0.76084   -0.762648  0.00190074
           4   -0.757288   -0.761308   0.0018979
           5   -0.759784   -0.761003  0.00150137
           6    -0.76224   -0.761209  0.00124307
           7   -0.763528   -0.761541  0.00110157
           8   -0.763912   -0.761837  0.00099898
           9   -0.763792   -0.762054 0.000907401
          10    -0.76044   -0.761893 0.000827502
          11   -0.763072      -0.762 0.000756141
          12    -0.75868   -0.761723 0.000743641
          13   -0.763784   -0.761882 0.000702176
          14   -0.763456   -0.761994 0.000659741
          15   -0.758256   -0.761745 0.000662823
          16   -0.760584   -0.761672 0.000624246
          17   -0.760032   -0.761576 0.000594264
          18   -0.759304    -0.76145  0.00057432
          19   -0.763056   -0.761534 0.000549791
          20     -0.7584   -0.761378 0.000544612
           1   -0.766949   -0.766949           0
           2    -0.77243    -0.76969  0.00274008
           3   -0.767853   -0.769077   0.0016963
           4   -0.760631   -0.766966  0.00242852
           5    -0.76677   -0.766927  0.00188153
           6   -0.772471   -0.767851  0.00179276
           7   -0.768932   -0.768005  0.00152302
           8   -0.768632   -0.768084   0.0013213
           9   -0.767378   -0.768005  0.00116791
          10   -0.769318   -0.768136  0.00105283
          11   -0.768189   -0.768141 0.000952334
          12   -0.766758   -0.768026 0.000876968
          13   -0.768023   -0.768026 0.000806694
          14   -0.772632   -0.768355 0.000816116
          15   -0.764283   -0.768083 0.000806792
          16   -0.767578   -0.768052 0.000755344
          17   -0.767166      -0.768 0.000711431
          18   -0.765862   -0.767881  0.00068118
          19   -0.767985   -0.767886 0.000644355
          20   -0.765589   -0.767772 0.000621984
           1   -0.743896   -0.743896           0
           2   -0.752648   -0.748272    0.004376
           3   -0.747016   -0.747853  0.00256094
           4   -0.743312   -0.746718  0.00213733
           5     -0.7456   -0.746494   0.0016706
           6     -0.7502   -0.747112  0.00149734
           7   -0.748368   -0.747291  0.00127814
           8   -0.748024   -0.747383  0.00111069
           9   -0.748768   -0.747537 0.000991547
          10   -0.748576   -0.747641 0.000892933
          11   -0.748088   -0.747681 0.000808711
          12   -0.742656   -0.747263 0.000848761
          13   -0.747072   -0.747248 0.000780884
          14   -0.747632   -0.747275 0.000723478
          15   -0.741632   -0.746899 0.000771479
          16   -0.745656   -0.746822 0.000725823
          17   -0.744592    -0.74669 0.000694291
          18   -0.742496   -0.746457 0.000694822
          19   -0.747368   -0.746505 0.000658981
          20   -0.743872   -0.746374 0.000638879
           1   -0.750446   -0.750446           0
           2   -0.759114    -0.75478  0.00433396
           3   -0.754295   -0.754618  0.00250742
           4    -0.74475   -0.752151  0.00303809
           5   -0.752282   -0.752177  0.00235344
           6   -0.756532   -0.752903  0.00205404
           7   -0.753642   -0.753009  0.00173919
           8   -0.754646   -0.753213  0.00152002
           9   -0.751842   -0.753061  0.00134917
          10   -0.752701   -0.753025  0.00120727
          11   -0.750353   -0.752782  0.00111871
          12   -0.748685    -0.75244   0.0010768
          13   -0.750584   -0.752298  0.00100075
          14   -0.753804   -0.752405 0.000932745
          15   -0.746894   -0.752038 0.000942868
          16   -0.749656   -0.751889 0.000894447
          17   -0.752298   -0.751913 0.000840531
          18    -0.74728   -0.751656 0.000833218
          19   -0.751416   -0.751643 0.000788247
          20   -0.746393    -0.75138 0.000792532
           1   -0.732856   -0.732856           0
           2     -0.7374   -0.735128    0.002272
           3   -0.733248   -0.734501  0.00145374
           4   -0.728112   -0.732904  0.00189952
           5   -0.730848   -0.732493  0.00152774
           6   -0.736752   -0.733203  0.00143523
           7   -0.733496   -0.733245  0.00121372
           8   -0.732984   -0.733212  0.00105162
           9   -0.732136   -0.733092 0.000935112
          10   -0.731688   -0.732952 0.000848099
          11   -0.731584   -0.732828  0.00077715
          12    -0.72752   -0.732385 0.000836022
          13   -0.729984   -0.732201 0.000790902
          14   -0.732544   -0.732225 0.000732643
          15   -0.726016   -0.731811 0.000797839
          16     -0.7304   -0.731723 0.000751503
          17   -0.731352   -0.731701 0.000706252
          18   -0.727976   -0.731494 0.000697281
          19   -0.729968   -0.731414 0.000664435
          20    -0.72852   -0.731269 0.000646733
           1   -0.736814   -0.736814           0
           2   -0.741582   -0.739198  0.00238404
           3   -0.737905   -0.738767   0.0014423
           4   -0.729541   -0.736461  0.00252188
           5   -0.735833   -0.736335  0.00195747
           6    -0.74097   -0.737107  0.00177516
           7   -0.738346   -0.737284  0.00151068
           8   -0.738952   -0.737493   0.0013248
           9   -0.736383    -0.73737  0.00117485
          10   -0.735837   -0.737216  0.00106193
          11   -0.733733     -0.7369   0.0010114
          12   -0.732115   -0.736501  0.00100571
          13   -0.734491   -0.736346 0.000937951
          14   -0.736805   -0.736379 0.000868991
          15   -0.730724   -0.736002 0.000892512
          16   -0.733537   -0.735848  0.00084896
          17   -0.736566    -0.73589 0.000798575
          18   -0.732462     -0.7357 0.000776626
          19   -0.735645   -0.735697  0.00073462
          20   -0.732673   -0.735546 0.000713133
           1   -0.718352   -0.718352           0
           2   -0.721024   -0.719688    0.001336
           3    -0.71648   -0.718619   0.0013185
           4   -0.712824    -0.71717  0.00172275
           5   -0.714504   -0.716637  0.00143702
           6   -0.720448   -0.717272  0.00133422
           7   -0.718296   -0.717418  0.00113707
           8   -0.719176   -0.717638  0.00100895
           9   -0.715952   -0.717451 0.000909316
          10   -0.713776   -0.717083 0.000892477
          11   -0.716256   -0.717008 0.000810771
          12   -0.712368   -0.716621 0.000835046
          13   -0.715136   -0.716507 0.000776582
          14   -0.718464   -0.716647 0.000732437
          15   -0.710872   -0.716262 0.000783041
          16   -0.714784   -0.716169 0.000738269
          17    -0.71408   -0.716047 0.000704291
          18   -0.711784    -0.71581 0.000704976
          19   -0.713208   -0.715673 0.000680755
          20   -0.713536   -0.715566 0.000654599
           1   -0.723313   -0.723313           0
           2   -0.724673   -0.723993     0.00068
           3   -0.720758   -0.722914  0.00114742
           4   -0.715322   -0.721016  0.00206429
           5   -0.717329   -0.720279  0.00176086
           6   -0.723347    -0.72079  0.00152596
           7   -0.721616   -0.720908  0.00129506
           8   -0.725216   -0.721447  0.00124412
           9   -0.719144   -0.721191  0.00112664
          10   -0.719224   -0.720994  0.00102671
          11   -0.720433   -0.720943 0.000930094
          12   -0.717486   -0.720655 0.000896598
          13   -0.718248    -0.72047 0.000845282
          14   -0.721644   -0.720554 0.000787056
          15   -0.714173   -0.720128  0.00084725
          16   -0.717259   -0.719949 0.000812565
          17   -0.718267    -0.71985 0.000769655
          18   -0.715693   -0.719619 0.000761507
          19   -0.718027   -0.719535 0.000725172
          20   -0.717805   -0.719449 0.000693375
           1    -0.70224    -0.70224           0
           2   -0.704008   -0.703124    0.000884
           3   -0.699664   -0.701971  0.00126121
           4   -0.698592   -0.701126  0.00122833
           5   -0.699408   -0.700782   0.0010116
           6     -0.7042   -0.701352  0.00100333
           7   -0.703104   -0.701602 0.000884134
           8   -0.703536   -0.701844 0.000802929
           9   -0.702016   -0.701863 0.000708375
          10   -0.700008   -0.701678 0.000660189
          11   -0.703312   -0.701826 0.000615371
          12   -0.697688   -0.701481 0.000659157
          13   -0.700128   -0.701377 0.000615208
          14   -0.700272   -0.701298 0.000575017
          15   -0.696304   -0.700965 0.000630409
          16   -0.700328   -0.700925 0.000591038
          17     -0.6994   -0.700836 0.000562389
          18   -0.698936    -0.70073 0.000540627
          19   -0.698384   -0.700607  0.00052608
          20   -0.698104   -0.700482 0.000514532
           1   -0.705263   -0.705263           0
           2   -0.708389   -0.706826  0.00156284
           3   -0.704034   -0.705896   0.0012962
           4   -0.700803   -0.704623  0.00156865
           5   -0.703799   -0.704458  0.00122617
           6   -0.708377   -0.705111  0.00119539
           7   -0.705703   -0.705196  0.00101382
           8   -0.708292   -0.705583 0.000959515
           9   -0.706043   -0.705634  0.00084776
          10   -0.703732   -0.705444 0.000781751
          11   -0.707163     -0.7056 0.000724187
          12    -0.70173   -0.705277 0.000735553
          13   -0.703864   -0.705169 0.000685291
          14   -0.703748   -0.705067 0.000642518
          15   -0.700597   -0.704769 0.000668285
          16   -0.701759   -0.704581 0.000652826
          17   -0.704886   -0.704599 0.000613486
          18   -0.700996   -0.704399  0.00061206
          19   -0.703373   -0.704345 0.000581464
          20   -0.702159   -0.704236 0.000562344
           1   -0.686728   -0.686728           0
           2   -0.687976   -0.687352    0.000624
           3   -0.685344   -0.686683 0.000760131
           4   -0.684576   -0.686156 0.000752514
           5   -0.682592   -0.685443 0.000920788
           6   -0.688136   -0.685892 0.000875588
           7   -0.689264   -0.686374 0.000882983
           8   -0.687896   -0.686564 0.000788006
           9   -0.687224   -0.686637 0.000698814
          10   -0.686152   -0.686589  0.00062692
          11   -0.686096   -0.686544 0.000568837
          12   -0.685336   -0.686443 0.000528943
          13   -0.687976   -0.686561 0.000500637
          14   -0.686616   -0.686565 0.000463516
          15   -0.680512   -0.686162 0.000590802
          16   -0.686552   -0.686186 0.000553184
          17    -0.68748   -0.686262 0.000525171
          18   -0.683776   -0.686124 0.000514039
          19   -0.684752   -0.686052 0.000491565
          20   -0.684408    -0.68597 0.000473527
           1   -0.689677   -0.689677           0
           2    -0.69127   -0.690473  0.00079636
           3   -0.688318   -0.689755 0.000853034
           4   -0.683936     -0.6883  0.00157485
           5   -0.686143   -0.687869  0.00129388
           6   -0.692062   -0.688568  0.00126674
           7   -0.692024   -0.689061  0.00117897
           8   -0.690793   -0.689278  0.00104371
           9   -0.691661   -0.689543 0.000957785
          10   -0.689504   -0.689539 0.000856678
          11   -0.690868    -0.68966 0.000784265
          12   -0.688282   -0.689545 0.000725071
          13   -0.691339   -0.689683 0.000681103
          14   -0.689532   -0.689672 0.000630671
          15   -0.685141    -0.68937 0.000660261
          16   -0.686708   -0.689204 0.000639636
          17   -0.689705   -0.689233 0.000601557
          18   -0.685506   -0.689026 0.000603762
          19   -0.690299   -0.689093  0.00057502
          20   -0.688493   -0.689063 0.000546337
           1   -0.671864   -0.671864           0
           2      -0.676   -0.673932    0.002068
           3   -0.671488   -0.673117  0.00144541
           4    -0.67268   -0.673008  0.00102789
           5    -0.66996   -0.672398  0.00100277
           6   -0.676064   -0.673009  0.00102157
           7   -0.676184   -0.673463 0.000975253
           8   -0.673384   -0.673453 0.000844651
           9   -0.673072   -0.673411 0.000746114
          10   -0.672344   -0.673304 0.000675816
          11   -0.670712   -0.673068 0.000655141
          12   -0.670224   -0.672831 0.000643318
          13   -0.674256   -0.672941 0.000601829
          14   -0.672904   -0.672938 0.000557191
          15   -0.668104   -0.672616 0.000610684
          16   -0.673656   -0.672681 0.000574929
          17   -0.672904   -0.672694 0.000540211
          18   -0.668776   -0.672476 0.000553881
          19   -0.669968   -0.672344 0.000540298
          20   -0.669264    -0.67219 0.000535212
           1   -0.674182   -0.674182           0
           2   -0.677617     -0.6759   0.0017174
           3    -0.67569    -0.67583 0.000993999
           4   -0.672129   -0.674905  0.00116191
           5   -0.671894   -0.674302  0.00108279
           6   -0.679117   -0.675105  0.00119391
           7    -0.67851   -0.675591  0.00112019
           8   -0.675064   -0.675525 0.000972355
           9   -0.677874   -0.675786 0.000896356
          10   -0.675299   -0.675738 0.000803207
          11    -0.67576    -0.67574 0.000726531
          12   -0.674671   -0.675651 0.000669178
          13   -0.677857    -0.67582 0.000638518
          14   -0.675179   -0.675775 0.000592923
          15    -0.67178   -0.675508 0.000612864
          16   -0.675614   -0.675515  0.00057332
          17   -0.675253   -0.675499  0.00053876
          18   -0.672766   -0.675348 0.000530165
          19   -0.675438   -0.675352 0.000501509
          20   -0.671627   -0.675166 0.000510933
           1   -0.658008   -0.658008           0
           2    -0.66204   -0.660024    0.002016
           3   -0.656504   -0.658851  0.00165271
           4   -0.657704   -0.658564  0.00120329
           5   -0.657456   -0.658342 0.000958046
           6   -0.662128   -0.658973  0.00100498
           7   -0.660592   -0.659205 0.000880275
           8   -0.658736   -0.659146 0.000764587
           9   -0.659408   -0.659175 0.000674931
          10   -0.657968   -0.659054 0.000615627
          11   -0.656232   -0.658798 0.000613125
          12   -0.655616   -0.658533 0.000619333
          13   -0.660192    -0.65866 0.000583828
          14   -0.659824   -0.658743 0.000546873
          15   -0.654784   -0.658479 0.000573472
          16   -0.659744   -0.658559 0.000542225
          17   -0.656512   -0.658438 0.000523364
          18   -0.654552   -0.658222 0.000538597
          19    -0.65708   -0.658162 0.000512996
          20    -0.65396   -0.657952 0.000530088
           1   -0.659729   -0.659729           0
           2   -0.663032    -0.66138  0.00165116
           3   -0.659604   -0.660788  0.00112231
           4   -0.658076    -0.66011  0.00104376
           5    -0.65891    -0.65987 0.000843358
           6   -0.665028    -0.66073  0.00110139
           7   -0.664027   -0.661201  0.00104327
           8   -0.661376   -0.661223 0.000903759
           9   -0.662152   -0.661326 0.000803699
          10   -0.660644   -0.661258  0.00072208
          11   -0.661648   -0.661293  0.00065411
          12   -0.659402   -0.661136  0.00061757
          13   -0.663108   -0.661287  0.00058799
          14   -0.661649   -0.661313 0.000544985
          15   -0.658492   -0.661125 0.000541092
          16   -0.660731     -0.6611 0.000506744
          17   -0.658442   -0.660944 0.000501038
          18   -0.658348     -0.6608 0.000493909
          19    -0.66161   -0.660842 0.000469131
          20   -0.657594    -0.66068 0.000473775
           1    -0.64332    -0.64332           0
           2    -0.64796    -0.64564     0.00232
           3   -0.643224   -0.644835  0.00156291
           4   -0.643944   -0.644612  0.00112735
           5   -0.643896   -0.644469 0.000884908
           6    -0.64804   -0.645064 0.000936112
           7   -0.646232   -0.645231 0.000808563
           8   -0.644912   -0.645191 0.000701369
           9   -0.646704   -0.645359 0.000640987
          10   -0.645664    -0.64539 0.000574127
          11   -0.644024   -0.645265  0.00053395
          12   -0.642472   -0.645033 0.000540162
          13   -0.647248   -0.645203 0.000525287
          14   -0.645624   -0.645233  0.00048725
          15   -0.642504   -0.645051 0.000488734
          16   -0.645296   -0.645066 0.000457425
          17   -0.642848   -0.644936 0.000449056
          18   -0.640032   -0.644664  0.00050346
          19   -0.643672   -0.644611 0.000479076
          20   -0.641304   -0.644446 0.000483642
           1   -0.644985   -0.644985           0
           2   -0.648631   -0.646808  0.00182328
           3   -0.645957   -0.646524  0.00109025
           4   -0.645036   -0.646152 0.000856058
           5   -0.644547   -0.645831 0.000736692
           6   -0.651543   -0.646783  0.00112614
           7   -0.648639   -0.647048 0.000987998
           8   -0.647138    -0.64706 0.000855705
           9   -0.648693   -0.647241 0.000776174
          10    -0.64682   -0.647199 0.000695506
          11   -0.649385   -0.647398 0.000659743
          12   -0.645647   -0.647252 0.000619673
          13   -0.649715   -0.647441 0.000600679
          14   -0.647708    -0.64746 0.000556446
          15   -0.645067   -0.647301 0.000542029
          16   -0.646768   -0.647267 0.000508114
          17   -0.644527   -0.647106 0.000503769
          18   -0.644064   -0.646937  0.00050414
          19   -0.647564    -0.64697 0.000478007
          20   -0.643421   -0.646793 0.000486962
           1    -0.62992    -0.62992           0
           2   -0.634808   -0.632364    0.002444
           3   -0.630704   -0.631811  0.00151566
           4   -0.630408    -0.63146  0.00112764
           5      -0.631   -0.631368   0.0008783
           6   -0.632712   -0.631592 0.000751299
           7   -0.632296   -0.631693 0.000642879
           8   -0.633256   -0.631888 0.000590053
           9   -0.633016   -0.632013 0.000535258
          10   -0.632216   -0.632034 0.000479178
          11   -0.630784    -0.63192 0.000448073
          12   -0.630696   -0.631818 0.000421559
          13   -0.634344   -0.632012 0.000433736
          14    -0.63092   -0.631934 0.000409071
          15   -0.628992   -0.631738 0.000428372
          16   -0.632176   -0.631765 0.000401639
          17   -0.630408   -0.631686 0.000385632
          18     -0.6284   -0.631503 0.000406827
          19   -0.631264   -0.631491 0.000385025
          20   -0.627568   -0.631294 0.000414591
           1    -0.63088    -0.63088           0
           2    -0.63593   -0.633405  0.00252496
           3   -0.633379   -0.633396  0.00145781
           4   -0.632163   -0.633088  0.00107595
           5   -0.632237   -0.632918 0.000850625
           6   -0.636646   -0.633539 0.000931955
           7   -0.635611   -0.633835 0.000841432
           8   -0.634701   -0.633943 0.000736691
           9   -0.635529    -0.63412 0.000673174
          10   -0.634705   -0.634178 0.000604944
          11   -0.635376   -0.634287 0.000557923
          12   -0.632975   -0.634178 0.000520923
          13     -0.6359    -0.63431 0.000497166
          14    -0.63374    -0.63427 0.000462082
          15    -0.63088   -0.634044 0.000485929
          16   -0.632645   -0.633956 0.000462872
          17   -0.632362   -0.633862  0.00044479
          18    -0.63218   -0.633769 0.000429642
          19   -0.634707   -0.633818  0.00040939
          20   -0.630315   -0.633643 0.000426049
           1   -0.618056   -0.618056           0
           2   -0.620672   -0.619364    0.001308
           3   -0.616928   -0.618552  0.00110889
           4     -0.6182   -0.618464 0.000789025
           5    -0.61816   -0.618403 0.000614193
           6   -0.619784   -0.618633  0.00055177
           7   -0.619544   -0.618763 0.000484137
           8   -0.620504   -0.618981 0.000472365
           9   -0.621088   -0.619215 0.000477863
          10    -0.61928   -0.619222 0.000427463
          11   -0.620296   -0.619319   0.0003988
          12   -0.618776   -0.619274 0.000366857
          13   -0.621752   -0.619465 0.000387574
          14   -0.618032   -0.619362 0.000373129
          15   -0.616512   -0.619172 0.000395941
          16   -0.619904   -0.619218 0.000373182
          17    -0.61808   -0.619151 0.000356878
          18   -0.616168   -0.618985 0.000375067
          19    -0.61952   -0.619013 0.000355892
          20    -0.61692   -0.618909 0.000353483
           1   -0.619113   -0.619113           0
           2   -0.622309   -0.620711  0.00159804
           3   -0.619732   -0.620385 0.000978578
           4   -0.620249   -0.620351 0.000692794
           5    -0.62077   -0.620435 0.000543164
           6   -0.622467   -0.620773 0.000558028
           7   -0.622599   -0.621034 0.000538922
           8    -0.62123   -0.621059 0.000467363
           9    -0.62292   -0.621265 0.000461157
          10    -0.62165   -0.621304 0.000414265
          11   -0.621651   -0.621335 0.000376044
          12   -0.620876   -0.621297 0.000345407
          13   -0.623468   -0.621464 0.000358925
          14   -0.619808   -0.621346 0.000352732
          15   -0.617827   -0.621111 0.000403552
          16   -0.618886   -0.620972 0.000402297
          17   -0.619425   -0.620881 0.000388698
          18    -0.61934   -0.620796 0.000376342
          19    -0.62231   -0.620875 0.000364801
          20   -0.617957   -0.620729 0.000375576
           1   -0.606296   -0.606296           0
           2   -0.608552   -0.607424    0.001128
           3   -0.605928   -0.606925 0.000820242
           4   -0.604992   -0.606442  0.00075499
           5   -0.605944   -0.606342 0.000593233
           6   -0.607992   -0.606617 0.000556961
           7   -0.607384   -0.606727 0.000483292
           8   -0.607216   -0.606788 0.000422985
           9   -0.608144   -0.606939 0.000402316
          10   -0.608424   -0.607087 0.000389292
          11   -0.606288   -0.607015 0.000359545
          12   -0.607304   -0.607039 0.000329104
          13    -0.60868   -0.607165 0.000328004
          14    -0.60684   -0.607142 0.000304559
          15   -0.604232   -0.606948 0.000343536
          16   -0.607776   -0.606999 0.000325492
          17   -0.605416   -0.606906  0.00031962
          18     -0.6044   -0.606767 0.000331956
          19   -0.606752   -0.606766    0.000314
          20    -0.60404    -0.60663 0.000327595
           1   -0.606689   -0.606689           0
           2   -0.609612   -0.608151  0.00146108
           3   -0.608309   -0.608203 0.000845207
           4   -0.607384   -0.607998 0.000631798
           5    -0.60827   -0.608053 0.000492396
           6   -0.610651   -0.608486 0.000590909
           7   -0.609589   -0.608643 0.000523673
           8   -0.608966   -0.608684 0.000455302
           9   -0.610463   -0.608881 0.000447556
          10   -0.608904   -0.608884 0.000400312
          11   -0.609103   -0.608904 0.000362644
          12   -0.608865     -0.6089 0.000331063
          13   -0.610233   -0.609003 0.000321335
          14   -0.609106    -0.60901  0.00029759
          15   -0.604661    -0.60872  0.00040103
          16   -0.608391     -0.6087 0.000375694
          17   -0.606273   -0.608557  0.00038069
          18   -0.607351    -0.60849 0.000365119
          19   -0.609947   -0.608567 0.000353777
          20   -0.606312   -0.608454 0.000354051
           1   -0.594216   -0.594216           0
           2    -0.59664   -0.595428    0.001212
           3   -0.593872   -0.594909 0.000871013
           4   -0.593528   -0.594564 0.000706107
           5     -0.5932   -0.594291 0.000611205
           6   -0.597232   -0.594781 0.000699485
           7    -0.59528   -0.594853 0.000595449
           8   -0.595432   -0.594925 0.000520736
           9   -0.595504   -0.594989  0.00046373
          10    -0.59732   -0.595222 0.000475769
          11   -0.592648   -0.594988 0.000489871
          12   -0.594904   -0.594981 0.000447244
          13   -0.595944   -0.595055 0.000418016
          14    -0.59544   -0.595083 0.000387982
          15   -0.592928   -0.594939 0.000388711
          16   -0.594744   -0.594927 0.000363811
          17    -0.59296   -0.594811 0.000360797
          18   -0.593272   -0.594726 0.000350748
          19   -0.594344   -0.594706 0.000332382
          20   -0.592952   -0.594618  0.00032729
           1   -0.594658   -0.594658           0
           2   -0.598331   -0.596495  0.00183636
           3   -0.596369   -0.596453  0.00106106
           4   -0.593491   -0.595712  0.00105408
           5   -0.595237   -0.595617 0.000822014
           6   -0.599522   -0.596268 0.000934838
           7   -0.598423   -0.596576 0.000847926
           8    -0.59667   -0.596588 0.000734421
           9   -0.598333   -0.596782 0.000676118
          10   -0.597411   -0.596845  0.00060801
          11    -0.59646    -0.59681 0.000551074
          12   -0.596612   -0.596793  0.00050333
          13   -0.598004   -0.596886 0.000472267
          14   -0.597259   -0.596913 0.000438047
          15   -0.594104   -0.596726  0.00044875
          16   -0.594716     -0.5966 0.000438161
          17   -0.594317   -0.596466 0.000432938
          18   -0.595376   -0.596405 0.000412641
          19   -0.596461   -0.596408  0.00039033
          20   -0.594856   -0.596331 0.000378346
           1   -0.582472   -0.582472           0
           2   -0.585032   -0.583752     0.00128
           3   -0.581496      -0.583  0.00105434
           4   -0.580488   -0.582372 0.000974783
           5   -0.581752   -0.582248 0.000765178
           6   -0.586328   -0.582928 0.000923435
           7   -0.584312   -0.583126 0.000805099
           8   -0.581944   -0.582978 0.000712712
           9   -0.583056   -0.582987 0.000628613
          10    -0.58488   -0.583176 0.000593271
          11    -0.58132   -0.583007 0.000562534
          12     -0.5832   -0.583023 0.000513772
          13   -0.585056    -0.58318 0.000497795
          14   -0.583256   -0.583185 0.000460901
          15   -0.582456   -0.583137  0.00043182
          16   -0.582512   -0.583097 0.000405813
          17   -0.581048   -0.582977 0.000399805
          18   -0.582616   -0.582957 0.000377472
          19   -0.582544   -0.582935 0.000357714
          20   -0.580952   -0.582836 0.000353547
           1   -0.582107   -0.582107           0
           2   -0.586259   -0.584183  0.00207604
           3   -0.583328   -0.583898  0.00123208
           4   -0.581771   -0.583366  0.00102067
           5   -0.584159   -0.583525 0.000806354
           6   -0.588599   -0.584371  0.00107177
           7   -0.586159   -0.584626 0.000941147
           8   -0.583653   -0.584504 0.000824083
           9   -0.585749   -0.584643 0.000739812
          10   -0.586384   -0.584817 0.000684236
          11    -0.58259   -0.584614 0.000651183
          12   -0.583874   -0.584553 0.000597644
          13   -0.586202    -0.58468   0.0005642
          14   -0.583958   -0.584628 0.000524881
          15    -0.58325   -0.584536 0.000497194
          16   -0.584353   -0.584525 0.000465223
          17   -0.582911    -0.58443 0.000447187
          18   -0.583654   -0.584387 0.000423807
          19   -0.585521   -0.584446   0.0004053
          20   -0.582231   -0.584336 0.000400145
           1   -0.572096   -0.572096           0
           2    -0.57284   -0.572468    0.000372
           3   -0.570864   -0.571933 0.000576191
           4   -0.569536   -0.571334 0.000724706
           5    -0.57056   -0.571179 0.000582308
           6     -0.5752   -0.571849 0.000821665
           7   -0.573312   -0.572058 0.000725189
           8   -0.571264   -0.571959 0.000635832
           9   -0.571296   -0.571885 0.000565569
          10   -0.575784   -0.572275 0.000638663
          11   -0.569568   -0.572029 0.000627932
          12   -0.570664   -0.571915   0.0005844
          13   -0.574656   -0.572126 0.000577431
          14   -0.572288   -0.572138 0.000534722
          15   -0.571624   -0.572103 0.000498976
          16   -0.571608   -0.572072 0.000467775
          17    -0.57136   -0.572031 0.000441393
          18   -0.571008   -0.571974 0.000420009
          19    -0.57308   -0.572032 0.000401532
          20    -0.56876   -0.571868 0.000414572
           1   -0.572988   -0.572988           0
           2   -0.574687   -0.573838  0.00084964
           3   -0.571472   -0.573049 0.000928832
           4   -0.569441   -0.572147  0.00111574
           5   -0.571964   -0.572111 0.000865019
           6   -0.578007   -0.573093  0.00121018
           7   -0.576208   -0.573538   0.0011154
           8   -0.573401   -0.573521 0.000966117
           9   -0.573319   -0.573499  0.00085233
          10   -0.576413    -0.57379 0.000816158
          11   -0.572266   -0.573652 0.000751137
          12   -0.571935   -0.573508 0.000700456
          13   -0.575914   -0.573693  0.00067036
          14   -0.573425   -0.573674 0.000620929
          15   -0.571789   -0.573549 0.000591555
          16   -0.572047   -0.573455 0.000561249
          17   -0.572915   -0.573423 0.000528158
          18   -0.572418   -0.573367 0.000501075
          19   -0.575286   -0.573468 0.000484615
          20   -0.570705    -0.57333 0.000480058
           1   -0.560576   -0.560576           0
           2   -0.562264    -0.56142    0.000844
           3   -0.559688   -0.560843 0.000755486
           4   -0.558656   -0.560296 0.000764345
           5    -0.55876   -0.559989 0.000667013
           6    -0.56468   -0.560771 0.000952848
           7   -0.563792   -0.561202 0.000913679
           8   -0.561072   -0.561186 0.000791437
           9    -0.56232   -0.561312 0.000709263
          10   -0.565104   -0.561691 0.000739078
          11   -0.559336   -0.561477 0.000701971
          12   -0.559872   -0.561343  0.00065462
          13   -0.563168   -0.561484 0.000618304
          14   -0.561664   -0.561497 0.000572584
          15   -0.560344    -0.56142 0.000538556
          16   -0.561648   -0.561434 0.000503975
          17   -0.560472   -0.561377 0.000476772
          18   -0.560848   -0.561348 0.000450466
          19      -0.563   -0.561435 0.000434879
          20   -0.558984   -0.561312 0.000430378
           1   -0.561295   -0.561295           0
           2   -0.564714   -0.563005  0.00170956
           3    -0.56106   -0.562356  0.00118095
           4   -0.558204   -0.561318  0.00133221
           5   -0.560402   -0.561135  0.00104808
           6   -0.567298   -0.562162  0.00133695
           7   -0.565768   -0.562677  0.00124182
           8   -0.561584   -0.562541  0.00108409
           9   -0.563803   -0.562681 0.000966314
          10   -0.564841   -0.562897 0.000890876
          11    -0.56161    -0.56278 0.000814274
          12   -0.560519   -0.562592  0.00076684
          13   -0.564205   -0.562716 0.000716221
          14   -0.563106   -0.562744 0.000663676
          15   -0.560703   -0.562607  0.00063265
          16   -0.561447   -0.562535 0.000596219
          17   -0.561057   -0.562448  0.00056676
          18   -0.562072   -0.562427 0.000534755
          19   -0.564137   -0.562517 0.000513772
          20   -0.559728   -0.562378 0.000506958
           1   -0.550176   -0.550176           0
           2   -0.552056   -0.551116     0.00094
           3   -0.549816   -0.550683 0.000694486
           4   -0.547552     -0.5499 0.000923971
           5    -0.54816   -0.549552 0.000795825
           6   -0.553232   -0.550165 0.000893534
           7    -0.55276   -0.550536 0.000841238
           8   -0.550952   -0.550588 0.000730387
           9   -0.550632   -0.550593 0.000644159
          10   -0.554384   -0.550972 0.000689694
          11   -0.548984   -0.550791 0.000649503
          12   -0.548864   -0.550631 0.000614279
          13    -0.55232   -0.550761 0.000579805
          14   -0.550904   -0.550771 0.000536893
          15   -0.550008    -0.55072   0.0005024
          16   -0.550256   -0.550691 0.000470847
          17   -0.548968    -0.55059 0.000453748
          18   -0.550344   -0.550576 0.000428015
          19     -0.5512   -0.550609 0.000406192
          20    -0.54752   -0.550454 0.000415144
           1   -0.550283   -0.550283           0
           2   -0.553363   -0.551823  0.00154004
           3   -0.550884    -0.55151  0.00094259
           4   -0.548362   -0.550723   0.0010312
           5   -0.549761   -0.550531 0.000821598
           6   -0.555527   -0.551363   0.0010693
           7   -0.554771    -0.55185  0.00102652
           8   -0.551753   -0.551838 0.000889075
           9   -0.553018   -0.551969  0.00079498
          10   -0.553964   -0.552169 0.000738508
          11   -0.551453   -0.552104 0.000671168
          12   -0.549356   -0.551875 0.000654089
          13   -0.553908   -0.552031 0.000621683
          14   -0.551207   -0.551972 0.000578568
          15   -0.550003   -0.551841 0.000554388
          16   -0.550843   -0.551779 0.000522321
          17   -0.550833   -0.551723 0.000493778
          18   -0.551577   -0.551715 0.000465609
          19   -0.553221   -0.551794 0.000447497
          20   -0.549788   -0.551694 0.000436221
           1   -0.540096   -0.540096           0
           2   -0.542296   -0.541196      0.0011
           3   -0.540968    -0.54112 0.000639617
           4   -0.537896   -0.540314 0.000924224
           5   -0.538504   -0.539952 0.000802221
           6    -0.54268   -0.540407 0.000797346
           7      -0.543   -0.540777 0.000769004
           8   -0.540144   -0.540698 0.000670663
           9   -0.541512   -0.540788 0.000598345
          10   -0.544016   -0.541111 0.000624967
          11   -0.539784   -0.540991 0.000578037
          12   -0.539536   -0.540869 0.000541416
          13   -0.542664   -0.541007  0.00051681
          14   -0.540152   -0.540946 0.000482358
          15    -0.54076   -0.540934 0.000449222
          16   -0.539336   -0.540834 0.000431913
          17   -0.538552     -0.5407 0.000427342
          18   -0.539776   -0.540648 0.000406157
          19    -0.54084   -0.540659 0.000384319
          20   -0.537304   -0.540491 0.000401326
           1   -0.541109   -0.541109           0
           2   -0.543603   -0.542356  0.00124716
           3   -0.542436   -0.542383 0.000720541
           4   -0.538618   -0.541441  0.00107034
           5   -0.540072   -0.541168 0.000873116
           6   -0.544363     -0.5417 0.000889869
           7    -0.54459   -0.542113 0.000857954
           8   -0.540923   -0.541964 0.000757746
           9   -0.543296   -0.542112 0.000684443
          10   -0.544551   -0.542356 0.000658965
          11   -0.541642   -0.542291 0.000599578
          12   -0.539846   -0.542087 0.000584047
          13   -0.543761   -0.542216 0.000552447
          14   -0.542167   -0.542213 0.000511479
          15   -0.540519     -0.5421 0.000489365
          16   -0.540353   -0.541991 0.000470598
          17   -0.540369   -0.541895 0.000452221
          18   -0.541637   -0.541881   0.0004266
          19   -0.542283   -0.541902 0.000404078
          20   -0.539724   -0.541793 0.000398509
           1     -0.5302     -0.5302           0
           2   -0.532288   -0.531244    0.001044
           3    -0.53072   -0.531069 0.000627551
           4    -0.52804   -0.530312 0.000877761
           5   -0.529112   -0.530072 0.000721026
           6   -0.532264   -0.530437 0.000692859
           7   -0.533024   -0.530807 0.000692419
           8   -0.529528   -0.530647 0.000620594
           9   -0.530848   -0.530669 0.000547768
          10     -0.5332   -0.530922 0.000551437
          11   -0.529624   -0.530804 0.000512569
          12   -0.528992   -0.530653  0.00049168
          13    -0.53248   -0.530794 0.000473605
          14    -0.53112   -0.530817 0.000439091
          15   -0.529976   -0.530761   0.0004126
          16   -0.530488   -0.530744 0.000386329
          17   -0.529072   -0.530646 0.000375985
          18    -0.52984   -0.530601 0.000357296
          19   -0.530776    -0.53061 0.000338094
          20   -0.526664   -0.530413 0.000376572
           1   -0.530393   -0.530393           0
           2   -0.533917   -0.532155  0.00176208
           3   -0.532975   -0.532429  0.00105342
           4   -0.528625   -0.531478  0.00120784
           5   -0.530418   -0.531266 0.000959313
           6   -0.533994   -0.531721 0.000905676
           7   -0.534854   -0.532168 0.000886736
           8   -0.530189   -0.531921 0.000806791
           9   -0.532972   -0.532038 0.000721037
          10     -0.5329   -0.532124 0.000650659
          11   -0.531692   -0.532085 0.000589853
          12   -0.529832   -0.531897 0.000570242
          13   -0.533736   -0.532038 0.000543288
          14   -0.532135   -0.532045 0.000503034
          15   -0.530261   -0.531926 0.000483176
          16   -0.530812   -0.531857 0.000457307
          17   -0.530241   -0.531762 0.000439949
          18    -0.53145   -0.531744 0.000415149
          19   -0.532105   -0.531763  0.00039315
          20   -0.529042   -0.531627 0.000397025
           1   -0.520344   -0.520344           0
           2   -0.523184   -0.521764     0.00142
           3      -0.521   -0.521509  0.00085848
           4   -0.516704   -0.520308  0.00134599
           5   -0.520848   -0.520416  0.00104818
           6   -0.522608   -0.520781  0.00093055
           7   -0.523672   -0.521194 0.000888283
           8   -0.520088   -0.521056 0.000781606
           9   -0.521576   -0.521114 0.000691729
          10    -0.52328    -0.52133 0.000655527
          11   -0.519552   -0.521169 0.000614592
          12   -0.520032   -0.521074 0.000568984
          13   -0.521656   -0.521119 0.000525301
          14   -0.521464   -0.521143 0.000486959
          15   -0.520984   -0.521133 0.000453458
          16   -0.520088   -0.521067 0.000429168
          17   -0.519968   -0.521003 0.000408289
          18   -0.520448   -0.520972  0.00038617
          19   -0.522008   -0.521027 0.000369328
          20   -0.516736   -0.520812 0.000410834
           1   -0.520331   -0.520331           0
           2   -0.524342   -0.522337  0.00200516
           3   -0.522273   -0.522315  0.00115788
           4   -0.517705   -0.521163  0.00141381
           5    -0.52181   -0.521292  0.00110276
           6   -0.524153   -0.521769  0.00101883
           7   -0.524782   -0.522199 0.000962681
           8   -0.521306   -0.522088 0.000841158
           9   -0.523872   -0.522286 0.000767873
          10   -0.522679   -0.522325 0.000687933
          11   -0.521452   -0.522246 0.000627305
          12     -0.5207   -0.522117 0.000586956
          13   -0.523272   -0.522206 0.000547182
          14   -0.522879   -0.522254  0.00050887
          15   -0.520542    -0.52214 0.000487279
          16   -0.520445   -0.522034  0.00046796
          17    -0.52114   -0.521981 0.000442709
          18   -0.522276   -0.521998 0.000417711
          19   -0.523764   -0.522091 0.000405907
          20   -0.518281     -0.5219 0.000429604
           1   -0.511864   -0.511864           0
           2   -0.513448   -0.512656    0.000792
           3    -0.51128   -0.512197  0.00064766
           4   -0.507272   -0.510966  0.00131374
           5   -0.511208   -0.511014  0.00101877
           6   -0.514176   -0.511541 0.000984675
           7    -0.51396   -0.511887 0.000901082
           8   -0.510888   -0.511762 0.000790285
           9   -0.511904   -0.511778 0.000697144
          10    -0.51336   -0.511936 0.000643306
          11   -0.510904   -0.511842 0.000589407
          12    -0.51076   -0.511752 0.000545557
          13   -0.511808   -0.511756 0.000501858
          14    -0.51296   -0.511842 0.000472519
          15   -0.512632   -0.511895  0.00044303
          16    -0.50992   -0.511772 0.000432408
          17   -0.509976   -0.511666 0.000419684
          18    -0.51168   -0.511667 0.000395683
          19   -0.513744   -0.511776 0.000389921
          20   -0.506736   -0.511524 0.000447592
           1   -0.511684   -0.511684           0
           2   -0.513838   -0.512761  0.00107716
           3   -0.512208   -0.512576 0.000648657
           4   -0.507834   -0.511391   0.0012713
           5   -0.512379   -0.511588  0.00100436
           6   -0.515701   -0.512274  0.00106879
           7   -0.515391   -0.512719  0.00100709
           8   -0.511699   -0.512592 0.000881432
           9   -0.513611   -0.512705  0.00078556
          10   -0.513177   -0.512752 0.000704211
          11    -0.51214   -0.512696  0.00063941
          12   -0.511331   -0.512583 0.000594686
          13     -0.5141   -0.512699 0.000559339
          14   -0.513711   -0.512772 0.000522862
          15   -0.511765   -0.512705  0.00049136
          16   -0.511639   -0.512638 0.000464425
          17   -0.511614   -0.512578 0.000440388
          18   -0.512887   -0.512595 0.000415557
          19   -0.514694   -0.512705 0.000408305
          20   -0.509536   -0.512547 0.000418513
           1    -0.50296    -0.50296           0
           2   -0.504008   -0.503484    0.000524
           3   -0.501648   -0.502872 0.000682693
           4   -0.499664    -0.50207 0.000936076
           5   -0.503016   -0.502259  0.00074936
           6   -0.505456   -0.502792 0.000811317
           7   -0.505448   -0.503171 0.000783667
           8    -0.50244    -0.50308 0.000684807
           9   -0.502912   -0.503061 0.000604231
          10    -0.50496   -0.503251 0.000572822
          11   -0.502224   -0.503158 0.000526485
          12    -0.50272   -0.503121 0.000481996
          13   -0.502648   -0.503085 0.000444864
          14   -0.504552    -0.50319 0.000424986
          15   -0.503008   -0.503178 0.000395826
          16   -0.502408    -0.50313 0.000373373
          17   -0.501512   -0.503034 0.000363399
          18   -0.502976   -0.503031 0.000342632
          19   -0.505992   -0.503187 0.000359616
          20   -0.498184   -0.502937 0.000423043
           1   -0.503681   -0.503681           0
           2     -0.5052   -0.504441  0.00075952
           3   -0.502919   -0.503933 0.000670539
           4   -0.499944   -0.502936  0.00110424
           5   -0.503841   -0.503117 0.000874277
           6   -0.506607   -0.503699 0.000920798
           7   -0.506697   -0.504127 0.000888329
           8   -0.503156   -0.504006 0.000778839
           9   -0.504905   -0.504106 0.000694103
          10   -0.504047     -0.5041 0.000620852
          11    -0.50352   -0.504047 0.000564048
          12    -0.50308   -0.503967 0.000521168
          13   -0.503931   -0.503964 0.000479412
          14   -0.505404   -0.504067 0.000455621
          15    -0.50398   -0.504061 0.000424199
          16   -0.502596   -0.503969 0.000407229
          17   -0.502608   -0.503889 0.000390825
          18   -0.503915   -0.503891 0.000368476
          19   -0.505881   -0.503995 0.000363942
          20   -0.500128   -0.503802 0.000395734
           1   -0.495008   -0.495008           0
           2   -0.495648   -0.495328     0.00032
           3   -0.493008   -0.494555 0.000795096
           4   -0.490336     -0.4935  0.00119516
           5   -0.494168   -0.493634 0.000935358
           6   -0.496784   -0.494159   0.0009268
           7   -0.496448   -0.494486 0.000848824
           8   -0.493624   -0.494378 0.000742953
           9   -0.494248   -0.494364 0.000655382
          10   -0.495424    -0.49447 0.000595706
          11    -0.49316   -0.494351 0.000551832
          12   -0.494272   -0.494344 0.000503794
          13    -0.49432   -0.494342 0.000463427
          14    -0.49576   -0.494443 0.000440841
          15   -0.494024   -0.494415 0.000411352
          16    -0.49344   -0.494354 0.000389584
          17    -0.49272   -0.494258  0.00037837
          18   -0.494016   -0.494245 0.000356985
          19   -0.496432    -0.49436 0.000356755
          20   -0.489368    -0.49411 0.000420532
           1   -0.494963   -0.494963           0
           2    -0.49557   -0.495267  0.00030372
           3   -0.493837    -0.49479 0.000507835
           4   -0.491687   -0.494014 0.000854895
           5   -0.494565   -0.494124 0.000671285
           6     -0.4983    -0.49482 0.000885821
           7   -0.497392   -0.495188 0.000833956
           8   -0.493686      -0.495 0.000746215
           9   -0.495937   -0.495104 0.000666291
          10   -0.495211   -0.495115 0.000596045
          11   -0.495124   -0.495116 0.000539144
          12   -0.494754   -0.495085  0.00049309
          13   -0.495316   -0.495103 0.000453925
          14   -0.496564   -0.495208  0.00043302
          15   -0.494232   -0.495143 0.000408336
          16   -0.495036   -0.495136 0.000382021
          17   -0.494887   -0.495121 0.000359144
          18   -0.495006   -0.495115 0.000338665
          19     -0.4975    -0.49524 0.000344066
          20   -0.491121   -0.495034 0.000385958
           1   -0.486992   -0.486992           0
           2   -0.486688    -0.48684    0.000152
           3   -0.484432   -0.486037  0.00080745
           4     -0.4824   -0.485128  0.00107372
           5   -0.485512   -0.485205 0.000835238
           6    -0.48828   -0.485717 0.000853096
           7   -0.487816   -0.486017 0.000780848
           8   -0.484672   -0.485849 0.000696825
           9   -0.485304   -0.485788 0.000617518
          10   -0.487488   -0.485958 0.000577882
          11    -0.48472   -0.485846   0.0005347
          12   -0.485704   -0.485834 0.000488255
          13   -0.485272   -0.485791 0.000451205
          14   -0.486856   -0.485867 0.000424608
          15   -0.485576   -0.485847 0.000395764
          16   -0.485384   -0.485819 0.000371335
          17   -0.484864   -0.485762 0.000353298
          18    -0.48668   -0.485813 0.000336972
          19   -0.487912   -0.485924 0.000337339
          20   -0.481328   -0.485694 0.000393981
           1   -0.486449   -0.486449           0
           2   -0.487782   -0.487115  0.00066664
           3   -0.485941   -0.486724 0.000548945
           4   -0.483038   -0.485802 0.000999922
           5   -0.486034   -0.485849 0.000775917
           6   -0.490579   -0.486637  0.00101144
           7   -0.488973   -0.486971 0.000917646
           8    -0.48567   -0.486808 0.000811156
           9   -0.487179   -0.486849 0.000716556
          10   -0.486761   -0.486841 0.000640968
          11   -0.486323   -0.486793 0.000581685
          12   -0.486094   -0.486735 0.000534195
          13   -0.487119   -0.486765 0.000492273
          14   -0.488367   -0.486879 0.000469912
          15   -0.485734   -0.486803 0.000444071
          16   -0.486511   -0.486785  0.00041579
          17   -0.485096   -0.486685 0.000402992
          18   -0.487509   -0.486731  0.00038269
          19   -0.488967   -0.486849 0.000380636
          20   -0.481994   -0.486606   0.0004351
           1   -0.478128   -0.478128           0
           2   -0.478616   -0.478372    0.000244
           3   -0.476416    -0.47772 0.000667045
           4    -0.47408    -0.47681  0.00102498
           5   -0.477088   -0.476866 0.000795887
           6   -0.480232   -0.477427 0.000858537
           7   -0.479952   -0.477787 0.000810333
           8   -0.477112   -0.477703 0.000706829
           9   -0.477376   -0.477667 0.000624423
          10   -0.478712   -0.477771 0.000568199
          11   -0.476704   -0.477674 0.000523032
          12   -0.478536   -0.477746 0.000482832
          13   -0.477104   -0.477697 0.000446878
          14    -0.47816    -0.47773 0.000415051
          15    -0.47768   -0.477726 0.000386405
          16   -0.476984    -0.47768 0.000364415
          17    -0.47772   -0.477682 0.000342317
          18   -0.478392   -0.477722 0.000325138
          19   -0.479664   -0.477824 0.000324093
          20   -0.472848   -0.477575 0.000395518
           1   -0.478348   -0.478348           0
           2   -0.479493    -0.47892  0.00057236
           3   -0.477273   -0.478371 0.000640803
           4   -0.474194   -0.477327  0.00113836
           5   -0.477575   -0.477376 0.000883161
           6   -0.481919   -0.478134  0.00104559
           7   -0.481195   -0.478571 0.000985971
           8   -0.477332   -0.478416 0.000867798
           9   -0.479108   -0.478493 0.000769181
          10   -0.478799   -0.478524 0.000688656
          11   -0.478216   -0.478496 0.000623539
          12   -0.478517   -0.478497 0.000569213
          13   -0.478689   -0.478512 0.000523808
          14   -0.480189   -0.478632 0.000499526
          15   -0.477665   -0.478568  0.00046948
          16   -0.477527   -0.478502 0.000443951
          17   -0.478783   -0.478519 0.000417347
          18   -0.479272   -0.478561 0.000395696
          19    -0.48002   -0.478638 0.000382094
          20   -0.474518   -0.478432 0.000416927
           1   -0.469904   -0.469904           0
           2    -0.47072   -0.470312    0.000408
           3   -0.468744   -0.469789 0.000573296
           4   -0.465608   -0.468744  0.00112119
           5   -0.468536   -0.468702 0.000869462
           6   -0.472088   -0.469267 0.000906848
           7   -0.471488   -0.469584 0.000829524
           8   -0.468984   -0.469509 0.000722293
           9   -0.470208   -0.469587  0.00064172
          10   -0.471904   -0.469818 0.000618986
          11   -0.469208   -0.469763 0.000562637
          12   -0.470584   -0.469831 0.000518153
          13   -0.469336   -0.469793 0.000478152
          14     -0.4706   -0.469851 0.000446418
          15   -0.470056   -0.469865 0.000415817
          16   -0.469232   -0.469825 0.000390965
          17   -0.469304   -0.469794 0.000368524
          18   -0.470536   -0.469836 0.000349883
          19    -0.47124   -0.469909  0.00033911
          20   -0.465888   -0.469708 0.000379377
           1   -0.470226   -0.470226           0
           2   -0.471384   -0.470805  0.00057868
           3   -0.469851   -0.470487 0.000461255
           4    -0.46605   -0.469378  0.00115607
           5   -0.469318   -0.469366 0.000895567
           6   -0.473516   -0.470057  0.00100654
           7   -0.472923   -0.470467 0.000944046
           8    -0.47066   -0.470491 0.000817922
           9   -0.471448   -0.470597 0.000729139
          10   -0.472063   -0.470744 0.000668433
          11   -0.470896   -0.470758 0.000604778
          12   -0.471677   -0.470834 0.000557372
          13   -0.470899   -0.470839 0.000512732
          14   -0.471464   -0.470884 0.000476789
          15   -0.469544   -0.470795 0.000452763
          16   -0.470234    -0.47076 0.000424966
          17   -0.470265    -0.47073 0.000400247
          18   -0.471591   -0.470778 0.000380376
          19   -0.472257   -0.470856 0.000368119
          20   -0.467593   -0.470693 0.000385464
           1    -0.46216    -0.46216           0
           2   -0.461888   -0.462024    0.000136
           3   -0.460496   -0.461515  0.00051535
           4   -0.458232   -0.460694 0.000897935
           5     -0.4596   -0.460475  0.00072914
           6   -0.464472   -0.461141   0.0008934
           7   -0.462896   -0.461392 0.000795582
           8   -0.461576   -0.461415 0.000689378
           9   -0.462128   -0.461494 0.000613114
          10   -0.464368   -0.461782 0.000619123
          11   -0.460992    -0.46171 0.000564599
          12   -0.463184   -0.461833 0.000529845
          13   -0.461368   -0.461797 0.000488695
          14    -0.46232   -0.461834 0.000453984
          15   -0.461992   -0.461845 0.000422767
          16   -0.461768    -0.46184 0.000395491
          17   -0.461888   -0.461843  0.00037151
          18   -0.461968    -0.46185 0.000350332
          19    -0.46372   -0.461948 0.000345691
          20   -0.459272   -0.461814   0.0003542
           1   -0.462385   -0.462385           0
           2   -0.462965   -0.462675  0.00028968
           3   -0.462016   -0.462455  0.00027593
           4   -0.458108   -0.461369  0.00110415
           5     -0.4607   -0.461235 0.000865647
           6   -0.465585    -0.46196  0.00101253
           7   -0.463638     -0.4622 0.000888689
           8   -0.462088   -0.462186 0.000769755
           9     -0.4635   -0.462332 0.000694393
          10   -0.464175   -0.462516 0.000647859
          11   -0.463314   -0.462589 0.000590479
          12   -0.463481   -0.462663 0.000544141
          13    -0.46308   -0.462695 0.000501561
          14   -0.463062   -0.462721 0.000465095
          15   -0.462192   -0.462686 0.000434418
          16   -0.462591    -0.46268 0.000406404
          17   -0.462457   -0.462667 0.000381976
          18   -0.462851   -0.462677 0.000360276
          19   -0.464254    -0.46276 0.000350752
          20    -0.45983   -0.462614 0.000363584
