12.605
0
0
45.0074
40.7029
19.31
58.3148
0
0
2.59513
6.69891
12.7981
7.51877
0
7.7088
0
0
12.0744
7.87979
39.2693
0
14.7001
41.2823
1.34887
25.0676
0
56.8135
25.4266
72.6737
62.2997
19.5101
40.5729
0
6.27384
0.573866
38.5754
24.7139
0
19.1195
47.6459
15.6597
0
15.6304
46.3286
0
0
35.6702
0
27.7351
30.8587
26.337
77.3244
0
59.2949
40.7054
34.1508
18.8688
36.2184
0
49.4799
7.84697
1.36082
0
65.6573
14.0219
16.1111
46.2176
16.1624
33.8125
74.2301
5.25131
0
0
5.58446
12.3818
3.65733
21.2158
10.5019
90.8723
1.8723
6.75916
0
30.5878
21.095
0
0
0
0
6.2865
0
0
10.9362
32.8226
35.959
27.091
5.52964
21.0952
57.8795
28.4241
0
0
26.498
23.1
34.7868
24.1126
12.5064
0
0
0
73.9063
0
15.1598
13.7996
2.6317
0.00840663
13.4082
15.517
0
56.6001
33.1862
14.644
0
55.7993
74.0518
16.352
23.8834
0
0.102535
0
0
18.3976
0
2.36797
0
0
0.482381
26.9865
3.82002
0
0
29.4844
0
0
10.2101
0
31.7254
0
0
4.64264
3.40304
0
0
124.907
0
0
14.4049
0
3.41967
0
0
57.9168
23.1642
33.1529
0
20.3118
13.6968
0
10.9211
6.24549
0
4.48862
1.4084
53.3749
10.8473
36.3538
25.2224
26.0545
15.7149
54.1432
0
0
88.1771
0
0
23.222
0
0
31.9052
0
81.2616
39.2755
21.4625
8.05268
30.6885
0
0
22.5025
11.8823
0
108.004
10.3013
30.4425
20.3592
0
0
4.03516
0
0
33.2473
0
44.5923
0
0
21.9553
58.6492
0
28.8106
0
13.9928
7.41754
4.55475
39.3297
7.39121
7.79984
0
14.5466
26.9905
0
0
0
0
0
18.0915
1.1777
0
63.5278
31.0399
34.6689
3.46198
0
0
10.9287
0
2.95209
0
0
0
0
46.5195
9.4192
0
0
17.4227
0
0
17.418
45.2059
0
0
10.4201
0
0
16.007
8.68826
0
1.67701
19.8537
0
51.9503
26.3332
18.3182
14.3118
5.66277
1.62357
22.8
42.399
15.1993
61.9607
0
0
0
0
42.1628
0
35.9279
1.33396
0
10.109
57.9294
86.2183
14.589
29.4424
28.759
0
0
1.70097
0
19.0486
2.16879
0
25.4865
0
0
1.40514
0
3.7864
3.43156
2.4334
17.5599
0
5.47364
0
29.4351
27.4488
9.6032
0
53.0687
0
0
52.1555
0.83597
0
0
26.1887
24.1415
0
0
28.9797
3.10936
65.2718
22.3868
0
0
0
46.8863
10.3077
62.5179
45.0651
0
3.97571
21.2963
0
6.33082
15.3216
0
5.25998
38.9128
0
35.51
0
46.1384
47.5776
19.7286
0
24.5802
0
43.5967
8.0108
54.5684
4.44972
22.976
9.56298
37.9668
0
4.24428
43.2148
43.4572
39.6895
0
29.9795
0
7.25245
0
0
0
44.0871
6.87807
40.9465
0
0
36.2885
15.0473
20.5857
4.07205
0.130674
1.00539
34.7239
0
37.7249
13.5862
13.9836
23.2168
13.3416
0
0
27.9146
19.7764
24.2958
0
16.4121
0
26.235
0
38.1076
52.8831
0
51.5729
0
33.6905
6.02381
0
9.73266
8.05518
107.752
0
0
19.0728
0
37.1542
0
0
69.0707
9.47445
37.3797
0
0
26.9536
0
0
0.588182
0
29.8976
0
5.04009
49.2854
0
0
0
49.0317
0
0
0
0
0
0
0
27.4597
0
16.2987
0
30.7601
12.4907
3.31766
0
8.694
0
0
11.7898
22.8547
10.5764
41.2005
34.5534
36.4111
0
0
14.6718
16.6873
31.6334
29.2622
11.2147
0
0
0
0
0
1.76545
6.78579
0
53.1347
0
64.4001
36.6211
31.6587
17.6315
0
10.57
0
0
43.8914
31.7689
3.89483
0
0
0
2.96662
55.4046
9.25183
22.5155
6.42368
36.8751
0
0
46.1993
5.3524
24.0509
28.6312
15.7301
9.14433
0
8.18277
0
32.6899
10.9199
11.6963
36.1561
16.5344
60.8593
0
0
61.5238
13.3638
21.1345
50.902
23.19
43.4706
0
0
32.0222
14.5738
112.491
24.4845
11.8477
16.3933
14.4301
6.23505
0
19.2593
0
34.3569
0
0
15.7249
1.77256
0
27.3272
0.671925
13.7157
56.5951
16.3693
25.4717
43.8703
0
0
0
15.3441
0
0
16.3118
4.29204
0
8.93749
0
0
0
65.43
0
0
14.7581
0
50.1841
57.2817
0
0
0
0
55.0132
0
15.8605
36.7746
0
0
0
49.7551
0.0395231
0.330761
51.6165
27.8271
0
53.8677
3.43281
58.213
9.13699
0
0
7.86091
34.6753
0
0
0
49.5229
0
19.7517
0
0
0.733324
0.15777
46.0588
0
43.4123
4.03686
0
0.633913
17.7222
27.0091
11.464
43.9524
6.51455
66.1308
0
0
3.92644
42.4532
0
72.1848
23.2562
0
0
7.86401
0
44.2617
33.4436
0
59.2913
0.098214
7.71833
0
2.6375
0
0
0
0
53.4682
0
0
12.5266
1.47008
24.1959
18.0973
85.5385
2.89098
0
23.0889
2.60422
37.8706
16.2628
0
0
0
0
4.40608
27.7581
77.7082
29.9635
8.61613
0
35.32
10.4126
0
29.3279
1.97425
0
0
0
27.6499
15.5896
7.75715
0
0
45.9347
0
0
76.81
0
28.4766
14.5017
0
12.4485
0
40.0411
2.75171
10.578
0
47.9718
0
39.6952
0
0
2.70746
25.7329
0
0
0
33.2546
7.27634
3.17631
0
23.8216
0
18.4952
2.5967
10.5786
13.3474
3.25306
4.6599
23.154
9.26533
0
59.0523
27.5177
0
42.0563
0
0
0.878052
0
56.7741
0
12.0783
9.11813
0
6.2353
25.2872
0
13.2272
13.4043
0
6.74215
0
34.0735
57.2792
0
0
12.6654
26.2984
54.5288
0
0
2.33947
30.0989
0
1.04915
0
0
0
48.4226
0
10.1049
0
61.7092
18.193
11.4903
18.435
0
0
17.7294
19.9698
72.1882
0
7.9582
60.2674
23.9834
32.3903
0
13.6498
0
12.2495
12.6794
53.5907
122.752
51.7309
0
21.1051
4.06253
0
5.7267
14.9577
54.4666
0
0.460085
0
0
65.2602
5.69643
17.7279
40.2531
21.6989
0
0
2.49723
47.3357
15.0117
0
19.1542
0
31.0379
0
1.5552
0
8.33356
58.8262
43.7533
95.1308
0.692413
0
3.49221
20.4665
25.388
0
2.90535
0
47.0902
0
0
0
0
0
4.52724
14.0713
3.96607
28.3523
27.3147
6.52774
0
0
67.7341
0
8.93928
13.2755
24.0803
32.793
32.8535
0
0
27.0077
0
0
0
43.0991
12.7896
16.6196
0
0
39.4207
4.65333
4.31235
0
21.1375
26.8435
0
9.26638
8.21413
0
0
7.97231
0
0
19.8528
0
0
0
0
0
0
40.7798
19.5478
27.1349
0
61.0241
0
66.1096
36.6514
32.4786
4.81001
0
8.20751
13.8612
52.8801
0
7.46689
0
32.6257
0
9.13184
2.53908
0
2.95747
20.0498
15.4139
8.2026
1.06571
0
0
0
19.7157
0
58.6853
12.9672
14.8437
32.2576
6.15896
0.860298
6.7596
0
0
13.449
13.2352
17.3087
8.4111
0.684657
0
33.5505
3.12006
25.9129
24.5647
28.3392
0
10.0769
58.4552
0
12.8153
2.9939
28.3425
44.9223
31.8921
8.31999
0
28.9851
0
0
0
0
0
18.9245
26.3028
0
0
0
0
20.4277
0
12.7413
7.75523
11.3161
51.7212
20.3925
145.981
14.755
0
33.451
8.33817
0
46.2254
0
0
2.80759
5.75722
34.015
6.89297
0
0
9.34482
12.798
0
16.8666
0
0
11.9549
35.7024
0
0.74855
0
0
31.6015
68.9389
2.00819
72.42
0
27.5662
0
30.0792
46.9605
47.3733
0
0
0
16.793
0
60.2549
64.6324
11.3913
