0.5  0.88165  0.00800661
0.538  0.809485  0.00867543
0.576  0.728256  0.00786823
0.615  0.645805  0.00570464
0.653  0.585618  0.00545291
0.692  0.490549  0.00539631
0.73  0.389803  0.00364187
0.769  0.35621  0.00400741
0.807  0.297674  0.00353393
0.846  0.237734  0.00300122
0.884  0.210908  0.00265621
0.923  0.190767  0.00200387
0.961  0.175031  0.0018892
1  0.152481  0.001644
1.038  0.13512  0.00156843
1.076  0.116708  0.00126443
1.115  0.0982628  0.00151809
1.153  0.0901288  0.00127877
1.192  0.0844128  0.00121322
1.23  0.078806  0.00111987
1.269  0.0723148  0.00103599
1.307  0.06528  0.00109467
1.346  0.0601372  0.000876162
1.384  0.0538204  0.000865716
1.423  0.0505684  0.000761168
1.461  0.0462972  0.000742342
1.5  0.0445228  0.000639754
1.538  0.0443064  0.000613554
1.576  0.040724  0.000632543
1.615  0.0397544  0.000534982
1.653  0.0366844  0.000565114
1.692  0.0352296  0.000502817
1.73  0.0345212  0.000545848
1.769  0.0335392  0.000586053
1.807  0.031002  0.000615065
1.846  0.0294696  0.000574823
1.884  0.0276704  0.000535404
1.923  0.0266928  0.00053931
1.961  0.0260988  0.000518289
2  0.0251256  0.000484178
