           1     75.6683     75.6683           0
           2     81.4871     78.5777     2.90939
           3     75.7716     77.6424     1.92261
           4     77.4565     77.5959     1.36028
           5     78.1278     77.7023     1.05903
           6     75.3168     77.3047    0.951712
           7      80.312     77.7343    0.911888
           8     81.0349     78.1469    0.890995
           9     81.5768      78.528    0.873326
          10     80.3073     78.7059    0.801136
          11     80.8856     78.9041    0.751257
          12     79.2575     78.9335    0.686433
          13     79.1656     78.9514    0.631679
          14     78.5578     78.9233    0.585496
          15     84.8494     79.3183    0.673188
          16     75.7447      79.095    0.668147
          17      77.331     78.9912    0.636135
          18     79.4088     79.0144    0.600202
          19     82.3094     79.1878    0.593631
          20     78.1578     79.1363    0.565517
           1     88.0926     88.0926           0
           2      91.794     89.9433     1.85071
           3     88.5752     89.4873     1.16175
           4     91.6744     90.0341    0.986816
           5     88.2302     89.6733    0.845248
           6       89.59     89.6594    0.690282
           7     88.0985     89.4364     0.62456
           8     89.5367      89.449     0.54103
           9     91.2627     89.6505    0.517957
          10     89.3364     89.6191    0.464338
          11     89.6029     89.6176    0.420012
          12     91.6835     89.7898    0.420292
          13      90.452     89.8407    0.389954
          14     88.6202     89.7535    0.371404
          15     92.7301      89.952    0.398655
          16     89.3787     89.9161    0.374625
          17     88.0548     89.8066    0.368539
          18     91.2312     89.8858    0.356361
          19     91.3495     89.9628    0.345775
          20     87.8711     89.8582      0.3443
           1     61.7613     61.7613           0
           2     68.1739     64.9676     3.20629
           3     64.5304     64.8219     1.85688
           4     60.6881     63.7884     1.67092
           5     65.9834     64.2274     1.36671
           6     64.5639     64.2835     1.11732
           7     65.3303      64.433    0.956077
           8     66.6984     64.7162    0.875068
           9     65.7638     64.8326    0.780466
          10     66.1101     64.9604    0.709664
          11     64.4205     64.9113    0.643788
          12     62.6615     64.7238    0.616875
          13     64.3715     64.6967    0.568089
          14     63.1352     64.5852    0.537645
          15     62.3559     64.4365    0.522119
          16     62.8923       64.34    0.497843
          17     65.0691     64.3829    0.469605
          18     63.7228     64.3462    0.444264
          19     68.3478     64.5569    0.470053
          20     61.7848     64.4183    0.466975
           1     75.4868     75.4868           0
           2     77.2702     76.3785    0.891693
           3     76.6517     76.4696    0.522814
           4     78.4433      76.963     0.61655
           5     77.7691     77.1242    0.504054
           6     77.2382     77.1432    0.411997
           7     78.2225     77.2974    0.380811
           8     76.5688     77.2063    0.342135
           9     77.4416     77.2325    0.302865
          10     75.7361     77.0828    0.309473
          11      78.625      77.223    0.313075
          12     78.3403     77.3161     0.30058
          13     78.7083     77.4232    0.296508
          14     76.3166     77.3442    0.285667
          15     77.4372     77.3504    0.266014
          16     77.8261     77.3801    0.250603
          17     75.7107     77.2819    0.255063
          18     78.6213     77.3563    0.251725
          19     78.7323     77.4287    0.248878
          20     76.7008     77.3924    0.238895
           1     49.3587     49.3587           0
           2     53.8373      51.598     2.23932
           3     51.3818     51.5259     1.29488
           4     51.3956     51.4933    0.916198
           5     50.1295     51.2206    0.760295
           6     52.2689     51.3953    0.644898
           7     53.8463     51.7455     0.64782
           8     54.2072     52.0532     0.63988
           9      50.721     51.9052    0.583412
          10     52.7878     51.9934    0.529231
          11     52.5734     52.0461    0.481603
          12     49.3771     51.8237    0.492701
          13     50.5636     51.7268    0.463469
          14     50.0442     51.6066    0.445602
          15     49.0053     51.4332    0.449624
          16     52.5766     51.5046    0.426613
          17     52.7131     51.5757    0.406989
          18     51.9731     51.5978    0.384347
          19     54.8375     51.7683    0.401555
          20     51.7603     51.7679    0.380949
           1     61.1123     61.1123           0
           2      65.697     63.4047     2.29236
           3     64.1513     63.6535     1.34669
           4     65.8859     64.2116     1.10375
           5     65.7206     64.5134    0.906663
           6     64.0325     64.4333    0.744615
           7     68.2968     64.9852    0.837062
           8     63.4333     64.7912    0.750424
           9     65.1644     64.8327     0.66311
          10      63.365     64.6859    0.610994
          11     65.9169     64.7978     0.56388
          12     67.0241     64.9834    0.547163
          13     64.4338     64.9411    0.505089
          14     64.3411     64.8982    0.469581
          15      64.598     64.8782    0.437614
          16     62.5555      64.733    0.434329
          17     63.8051     64.6785    0.411616
          18     64.8384     64.6873    0.388177
          19     64.6289     64.6843    0.367191
          20     65.3917     64.7196    0.350139
           1     39.2829     39.2829           0
           2     41.8524     40.5677     1.28475
           3     40.9205     40.6853    0.751017
           4      40.292     40.5869    0.540075
           5     39.7829     40.4261    0.448182
           6      41.166     40.5495    0.386158
           7     42.6704     40.8525    0.445333
           8     40.7594     40.8408    0.385845
           9     38.7039     40.6034    0.414931
          10     41.8557     40.7286    0.391686
          11     42.5901     40.8978    0.392632
          12     38.8406     40.7264    0.397312
          13     39.7712     40.6529    0.372787
          14     39.9593     40.6034    0.348672
          15     40.1444     40.5728    0.326034
          16     41.3938     40.6241    0.309264
          17      39.984     40.5864    0.292933
          18       39.57       40.53    0.281894
          19     40.6071      40.534    0.266676
          20     40.1205     40.5134    0.253835
           1     50.2765     50.2765           0
           2     52.3454     51.3109     1.03444
           3     52.8625     51.8281    0.790053
           4       54.54     52.5061     0.87848
           5     52.5348     52.5118    0.680492
           6     53.7695     52.7214    0.593841
           7      56.009     53.1911    0.687365
           8     51.7948     53.0166    0.620335
           9     51.5073     52.8489    0.572208
          10     48.7307      52.437    0.656912
          11     54.1593     52.5936     0.61448
          12     54.4301     52.7466    0.581443
          13      51.584     52.6572    0.542275
          14     51.6317      52.584    0.507365
          15     53.3084     52.6323    0.474793
          16     53.1696     52.6658    0.445397
          17     50.9008      52.562    0.431067
          18        54.2      52.653    0.416478
          19     51.9172     52.6143    0.395847
          20     53.5317     52.6602    0.378325
           1     30.6599     30.6599           0
           2      32.186     31.4229    0.763062
           3     33.3216     32.0558    0.771134
           4     30.6826     31.7125    0.644346
           5     31.8838     31.7468    0.500282
           6     33.1226     31.9761    0.468437
           7     33.9367     32.2562    0.484966
           8     30.9267       32.09    0.451677
           9     29.0172     31.7486    0.524636
          10     32.4557     31.8193    0.474547
          11     33.7515     31.9949    0.463793
          12     30.6279      31.881    0.438442
          13     31.1041     31.8213    0.407711
          14     32.4897      31.869    0.380475
          15     32.7444     31.9274    0.358979
          16     30.8854     31.8622     0.34205
          17     31.3749     31.8336    0.322576
          18     32.2038     31.8541    0.304823
          19     32.4429     31.8851    0.289994
          20     31.1255     31.8471    0.277722
           1     41.9329     41.9329           0
           2     43.2582     42.5955    0.662657
           3     43.0734     42.7548    0.414426
           4     42.7389     42.7509     0.29307
           5     41.7864      42.558    0.297896
           6      43.748     42.7563    0.313848
           7     42.6238     42.7374    0.265925
           8     42.1531     42.6643    0.241603
           9     41.1371     42.4946    0.272391
          10      40.166     42.2618     0.33702
          11     44.4345     42.4593    0.363244
          12     43.5652     42.5515    0.344163
          13     42.7372     42.5658    0.316906
          14     42.2009     42.5397    0.294553
          15     42.0222     42.5052    0.276376
          16     41.2674     42.4278    0.269853
          17     41.5858     42.3783    0.258277
          18     43.1716     42.4224    0.247462
          19     44.1302     42.5123    0.250741
          20     43.9907     42.5862    0.249095
           1     24.4599     24.4599           0
           2     25.5762     25.0181    0.558166
           3     25.3566     25.1309    0.341441
           4     25.2912      25.171    0.244739
           5     26.2167     25.3801     0.28227
           6     26.5745     25.5792    0.304538
           7     26.4975     25.7104    0.288887
           8     23.6154     25.4485    0.362171
           9     24.8397     25.3808    0.326489
          10     25.4385     25.3866    0.292078
          11     26.8804     25.5224    0.297054
          12     24.1385     25.4071    0.294676
          13     24.9279     25.3702    0.273557
          14     26.1316     25.4246    0.259038
          15     25.8366     25.4521    0.242711
          16     24.2786     25.3787    0.238587
          17     25.7495     25.4005    0.225172
          18     25.0015     25.3784    0.213448
          19     27.2841     25.4787    0.225443
          20     25.7888     25.4942    0.214435
           1     32.8186     32.8186           0
           2      33.517     33.1678    0.349219
           3      34.266     33.5339     0.41794
           4     34.3688     33.7426    0.361808
           5     33.9184     33.7777    0.282451
           6     34.9014      33.965    0.297084
           7     32.9045     33.8135    0.293249
           8     32.0855     33.5975    0.333401
           9     33.5383     33.5909    0.294106
          10     31.3307     33.3649    0.346821
          11     34.5671     33.4742    0.332205
          12     33.8138     33.5025    0.304578
          13     33.6213     33.5116     0.28032
          14     33.5326     33.5131     0.25953
          15      32.576     33.4507    0.249557
          16     32.7915     33.4095    0.237046
          17      32.255     33.3416    0.232792
          18     34.3324     33.3966    0.226277
          19     34.0052     33.4286     0.21642
          20      34.662     33.4903    0.214376
           1     20.1762     20.1762           0
           2     21.5451     20.8606    0.684441
           3       20.94     20.8871    0.396048
           4     19.8949      20.639     0.37411
           5      21.513     20.8138    0.338419
           6     20.4413     20.7517    0.283208
           7      20.956     20.7809    0.241127
           8     19.9204     20.6734    0.234896
           9     20.8165     20.6893    0.207768
          10      20.787      20.699    0.186091
          11      22.121     20.8283    0.212237
          12     20.2868     20.7832    0.198931
          13     21.5478      20.842    0.192209
          14     21.4241     20.8836    0.182744
          15     20.7984     20.8779     0.17022
          16     21.3061     20.9047     0.16146
          17     21.6519     20.9486    0.157907
          18     21.2535     20.9656    0.149837
          19     21.5574     20.9967    0.145114
          20     21.5785     21.0258    0.140707
           1     26.0309     26.0309           0
           2      26.734     26.3824    0.351554
           3     26.0899     26.2849     0.22517
           4     27.0248     26.4699    0.244065
           5     27.4349     26.6629    0.270158
           6     27.3442     26.7764    0.248091
           7      26.696      26.765    0.209989
           8     25.8418     26.6496     0.21538
           9     26.9062     26.6781    0.192077
          10     26.2761     26.6379    0.176438
          11     27.6768     26.7323    0.185449
          12     26.9967     26.7544    0.170718
          13     27.1963     26.7884    0.160676
          14     27.3958     26.8317    0.154955
          15      25.959     26.7736    0.155546
          16     25.5164      26.695     0.16536
          17     27.1165     26.7198    0.157295
          18     27.4822     26.7621     0.15423
          19     26.5371     26.7503    0.146366
          20     27.4469     26.7851    0.143157
           1     16.6432     16.6432           0
           2     17.8037     17.2235    0.580257
           3     17.3693     17.2721     0.33852
           4     17.2372     17.2634    0.239529
           5     17.6444     17.3396    0.200576
           6     17.6977     17.3992    0.174306
           7     17.9509      17.478    0.167067
           8     16.9673     17.4142    0.158142
           9     17.3134      17.403    0.139918
          10     17.2151     17.3842    0.126549
          11     17.3828     17.3841    0.114468
          12     16.2784     17.2919    0.139317
          13     18.0889     17.3533    0.142063
          14     18.3924     17.4275    0.151025
          15     17.7716     17.4504    0.142456
          16     17.0643     17.4263    0.135423
          17     17.8692     17.4523    0.129848
          18     17.6177     17.4615    0.122766
          19     17.2515     17.4505     0.11665
          20     17.5744     17.4567    0.110837
           1     21.1206     21.1206           0
           2     21.7734      21.447    0.326401
           3     20.9408     21.2782    0.252942
           4     22.1741     21.5022    0.286625
           5     22.6421     21.7302     0.31823
           6     22.3198     21.8285    0.277797
           7      21.943     21.8448    0.235351
           8     20.9247     21.7298     0.23403
           9     21.7718     21.7345    0.206448
          10     20.5285     21.6139    0.220545
          11     22.8325     21.7247    0.228187
          12     21.8592     21.7359    0.208606
          13     22.9378     21.8283    0.213003
          14     21.7967     21.8261    0.197215
          15     21.6353     21.8134    0.184037
          16     21.4084      21.788    0.174002
          17     21.5936     21.7766    0.163846
          18     21.6803     21.7713    0.154568
          19     21.1848     21.7404     0.14943
          20     22.7304     21.7899    0.150155
           1     14.7522     14.7522           0
           2     14.8663     14.8093   0.0570682
           3     14.5033     14.7073    0.107169
           4     14.9209     14.7607   0.0927122
           5     15.1103     14.8306    0.100224
           6     14.4603     14.7689    0.102496
           7     14.9684     14.7974   0.0911944
           8     13.9811     14.6954    0.129028
           9      14.825     14.7098      0.1147
          10     14.6105     14.6998    0.103069
          11     14.7559     14.7049   0.0933691
          12     14.0104     14.6471    0.103028
          13     14.9752     14.6723   0.0980755
          14     15.4208     14.7258    0.105373
          15     15.0558     14.7478    0.100534
          16     14.4307      14.728   0.0961064
          17     15.0123     14.7447   0.0918123
          18     14.4194     14.7266   0.0884276
          19     14.8072     14.7308   0.0837515
          20     15.6218     14.7754    0.091089
           1     17.8743     17.8743           0
           2     18.2626     18.0685    0.194145
           3     17.3513     17.8294    0.264023
           4     18.3073     17.9489    0.221647
           5     18.6783     18.0948    0.225294
           6     17.7557     18.0383    0.192434
           7     17.9239     18.0219    0.163456
           8     17.6994     17.9816    0.147184
           9     17.7798     17.9592    0.131726
          10     16.9176      17.855    0.157258
          11     18.8212     17.9429    0.167179
          12     17.7168      17.924    0.153771
          13     17.8858     17.9211    0.141479
          14     18.0623     17.9312    0.131372
          15     18.0919     17.9419    0.122769
          16     17.3068     17.9022    0.121506
          17     18.2002     17.9197    0.115474
          18      18.219     17.9364    0.110132
          19     17.4869     17.9127    0.106827
          20     18.9472     17.9644    0.113782
           1     12.2812     12.2812           0
           2     12.3479     12.3146   0.0333499
           3     12.3753     12.3348   0.0279269
           4     12.7256     12.4325   0.0996572
           5       12.67       12.48   0.0906379
           6     12.4209     12.4702   0.0746579
           7     12.6472     12.4954   0.0679752
           8     12.0521       12.44   0.0808519
           9     12.4975     12.4464     0.07159
          10     12.7167     12.4734   0.0695042
          11      12.567     12.4819   0.0634415
          12     12.3533     12.4712   0.0588973
          13      12.596     12.4808   0.0550207
          14     12.9907     12.5172   0.0626193
          15      13.166     12.5605   0.0725885
          16     12.5918     12.5625   0.0679285
          17      13.129     12.5958   0.0719875
          18     12.8883      12.612   0.0697896
          19     12.8149     12.6227   0.0668726
          20     13.0056     12.6419   0.0662671
           1     14.6782     14.6782           0
           2     14.7917      14.735   0.0567296
           3     14.6778     14.7159   0.0378999
           4     15.3023     14.8625    0.149038
           5     15.3799      14.966    0.155028
           6     14.6344     14.9107    0.138118
           7     15.2923     14.9652    0.128833
           8     14.9592     14.9645    0.111575
           9      14.943     14.9621   0.0984291
          10     14.3611      14.902    0.106594
          11     15.2873      14.937    0.102583
          12     14.9046     14.9343   0.0936843
          13     15.3125     14.9634   0.0909543
          14     15.4737     14.9999   0.0917567
          15     15.5059     15.0336   0.0918409
          16     14.8452     15.0218   0.0867126
          17     15.6173     15.0568   0.0886642
          18     15.2756      15.069   0.0844724
          19     14.5111     15.0396   0.0851266
          20     15.0593     15.0406   0.0807642
           1     10.8031     10.8031           0
           2     10.8764     10.8397   0.0366688
           3      10.872     10.8505   0.0237427
           4     10.7561     10.8269   0.0289589
           5     10.6665     10.7948   0.0391455
           6     10.4784     10.7421   0.0616626
           7     10.9241     10.7681   0.0582406
           8      10.633     10.7512   0.0531888
           9     10.8877     10.7664   0.0493006
          10     10.8951     10.7792   0.0459378
          11      10.996     10.7989   0.0459886
          12     10.6127     10.7834    0.044759
          13     10.6904     10.7763   0.0417892
          14     11.2559     10.8105   0.0516765
          15     11.0555     10.8269   0.0508043
          16     10.8945     10.8311   0.0477108
          17     11.0645     10.8448   0.0468725
          18     10.7153     10.8376    0.044774
          19     10.8624     10.8389   0.0423721
          20     10.8699     10.8405   0.0402274
           1     12.3658     12.3658           0
           2     12.7354     12.5506    0.184838
           3     12.4747     12.5253    0.109674
           4     12.5524     12.5321    0.077847
           5     12.8737     12.6004   0.0911248
           6     12.5653     12.5945   0.0746332
           7     13.1093     12.6681   0.0968803
           8     12.4107     12.6359   0.0898595
           9     12.6798     12.6408    0.079399
          10     12.1301     12.5897   0.0874701
          11     12.6764     12.5976   0.0795115
          12     12.7186     12.6077    0.073281
          13     12.7074     12.6154   0.0678439
          14     13.1293     12.6521   0.0727527
          15     12.8761      12.667   0.0693556
          16     12.4283     12.6521   0.0665696
          17     13.0077      12.673   0.0659382
          18     13.0178     12.6922   0.0650515
          19     12.3655      12.675   0.0638894
          20     12.7315     12.6778   0.0606768
           1       9.303       9.303           0
           2     9.60241      9.4527    0.149702
           3     9.58425     9.49655   0.0969179
           4     9.41478     9.47611   0.0715158
           5     9.35686     9.45226   0.0603117
           6     9.34353     9.43414   0.0524729
           7     9.68152     9.46948   0.0567069
           8     9.46803      9.4693     0.04911
           9     9.41679     9.46346   0.0437021
          10     9.53768     9.47089   0.0397867
          11     9.27021     9.45264    0.040348
          12     9.32402     9.44192   0.0383604
          13     9.32443     9.43289   0.0364254
          14     9.84835     9.46256   0.0449215
          15     9.58609      9.4708   0.0426228
          16     9.43245      9.4684   0.0399419
          17     9.34761      9.4613   0.0381858
          18     9.51086     9.46405   0.0361071
          19     9.44917     9.46327   0.0341628
          20     9.53721     9.46696   0.0326199
           1     10.7289     10.7289           0
           2     10.6613     10.6951   0.0338366
           3     10.8481     10.7461   0.0546071
           4     10.6216      10.715   0.0495888
           5      10.986     10.7692   0.0664279
           6     10.7924     10.7731   0.0543764
           7     11.3207     10.8513   0.0907337
           8     10.9789     10.8672   0.0801802
           9     10.9578     10.8773   0.0714237
          10     10.4081     10.8304   0.0792607
          11     10.5723     10.8069   0.0754345
          12     10.8426     10.8099   0.0689261
          13     10.9825     10.8232   0.0647775
          14     11.0404     10.8387   0.0619471
          15     11.0223     10.8509   0.0589541
          16     10.6884     10.8408   0.0560744
          17      10.713     10.8333   0.0532061
          18     11.1146     10.8489   0.0525422
          19     10.5629     10.8338   0.0519291
          20     11.1222     10.8483   0.0513302
           1     8.35965     8.35965           0
           2     8.39843     8.37904   0.0193902
           3     8.30261     8.35356    0.027826
           4     8.24184     8.32563   0.0341655
           5     8.19162     8.29883   0.0376655
           6     8.32096     8.30252   0.0309741
           7     8.58335     8.34264    0.047904
           8     8.46318      8.3577   0.0441376
           9     8.39518     8.36187   0.0391479
          10     8.25096     8.35078   0.0367294
          11     8.09907      8.3279   0.0403407
          12     8.15364     8.31337   0.0395856
          13     8.05433     8.29345   0.0415091
          14     8.67526     8.32072   0.0471237
          15     8.48861     8.33191   0.0452751
          16     8.33488      8.3321   0.0423513
          17     8.46613     8.33998   0.0405559
          18     8.39364     8.34296   0.0383525
          19     8.48377     8.35037   0.0370271
          20     8.40125     8.35292    0.035219
           1     9.28814     9.28814           0
           2     9.17901     9.23358    0.054569
           3     9.28482     9.25066   0.0358382
           4     9.51676     9.31718   0.0711896
           5     9.35565     9.32488   0.0556773
           6     9.36938     9.33229   0.0460615
           7     9.68011     9.38198   0.0631223
           8     9.38515     9.38238    0.054667
           9     9.49709     9.39512    0.049868
          10     9.06449     9.36206   0.0555216
          11     9.03641     9.33246   0.0582975
          12     9.50676     9.34698   0.0551648
          13     9.59302     9.36591   0.0541588
          14      9.7345     9.39224   0.0566332
          15     9.57066     9.40413   0.0540477
          16     9.12751     9.38684   0.0534313
          17     9.36009     9.38527   0.0502147
          18     9.65655     9.40034   0.0496839
          19     9.42447     9.40161   0.0470134
          20     9.74215     9.41864   0.0477404
           1     7.53466     7.53466           0
           2     7.40327     7.46896   0.0656912
           3     7.26224     7.40006   0.0786548
           4     7.37886     7.39476   0.0558693
           5     7.23942     7.36369   0.0532728
           6     7.42036     7.37314   0.0445108
           7     7.61599     7.40783   0.0511743
           8     7.43785     7.41158   0.0444769
           9     7.47316     7.41842   0.0398171
          10     7.26522      7.4031    0.038769
          11     7.25245     7.38941   0.0376475
          12      7.2755     7.37992   0.0356541
          13     7.05285     7.35476   0.0413355
          14      7.5894     7.37152   0.0417784
          15     7.43081     7.37547   0.0390939
          16     7.48413     7.38226   0.0371943
          17      7.3255     7.37892   0.0350971
          18     7.48981     7.38508   0.0336585
          19     7.55781     7.39417   0.0331103
          20     7.36879      7.3929   0.0314368
           1     8.14366     8.14366           0
           2     7.87234       8.008    0.135657
           3      8.1392     8.05173   0.0897047
           4     8.31181     8.11675   0.0908349
           5     8.12446     8.11829   0.0703772
           6     8.31378     8.15088   0.0660567
           7     8.35447     8.17996     0.06295
           8      8.1719     8.17895   0.0545256
           9     8.36424     8.19954   0.0523086
          10     7.89981     8.16957   0.0555639
          11     8.10692     8.16387    0.050581
          12     8.32048     8.17692   0.0479829
          13     8.28028     8.18487   0.0448482
          14     8.49962     8.20735    0.047217
          15     8.44384     8.22312   0.0466985
          16     8.07365     8.21378   0.0446702
          17     8.07088     8.20537    0.042794
          18     8.42098     8.21735    0.042087
          19     8.27227     8.22024   0.0399151
          20     8.35343      8.2269   0.0384479
           1     6.73539     6.73539           0
           2     6.55068     6.64304   0.0923549
           3     6.49504     6.59371   0.0726416
           4     6.68424     6.61634   0.0561308
           5     6.39678     6.57243   0.0617956
           6     6.57146     6.57227   0.0504561
           7     6.67397     6.58679   0.0450503
           8     6.61831     6.59073    0.039213
           9     6.64499     6.59676   0.0351041
          10      6.5029     6.58738   0.0327709
          11     6.51255     6.58057   0.0304129
          12     6.49987     6.57385   0.0285661
          13     6.47062     6.56591   0.0274507
          14     6.75378     6.57933   0.0287399
          15     6.59006     6.58004    0.026765
          16     6.57151     6.57951    0.025042
          17     6.65702     6.58407   0.0239607
          18     6.60775     6.58538   0.0226286
          19     6.65269     6.58893   0.0216957
          20     6.56228     6.58759   0.0206254
           1     7.19829     7.19829           0
           2     7.12981     7.16405   0.0342424
           3     7.01218     7.11343   0.0543485
           4     7.19613      7.1341    0.043639
           5     7.20738     7.14876   0.0368431
           6     7.35435     7.18302    0.045596
           7     7.40323     7.21448   0.0497452
           8     7.25037     7.21897   0.0433135
           9     7.44447     7.24402   0.0456832
          10     7.11696     7.23132   0.0427903
          11     7.08185     7.21773    0.041021
          12     7.38428     7.23161   0.0399363
          13     7.19768       7.229   0.0368286
          14     7.52154     7.24989   0.0399903
          15     7.47436     7.26486   0.0401238
          16     7.08704     7.25374   0.0391432
          17     7.23284     7.25251   0.0367892
          18      7.3237     7.25647   0.0349099
          19     7.38294     7.26313   0.0336856
          20       7.349     7.26742   0.0322441
           1     6.01718     6.01718           0
           2     6.00517     6.01118  0.00600409
           3     5.82173     5.94803   0.0632451
           4     5.97791      5.9555   0.0453406
           5     5.92284     5.94897   0.0357229
           6      5.9208     5.94427   0.0295429
           7     5.90137     5.93814   0.0257094
           8     6.06803     5.95438   0.0275563
           9     6.02596     5.96233   0.0255708
          10     5.73612     5.93971   0.0321683
          11     5.84453     5.93106   0.0303568
          12     5.95204     5.93281   0.0277669
          13     5.77773     5.92088   0.0281901
          14     6.01025     5.92726   0.0268683
          15     6.00225     5.93226   0.0255077
          16     5.92259     5.93166   0.0238679
          17     6.02804     5.93733   0.0231258
          18     5.97204     5.93926   0.0218883
          19     6.02667     5.94386   0.0212093
          20     5.88965     5.94115   0.0203026
           1     6.42989     6.42989           0
           2     6.45209     6.44099   0.0111022
           3     6.21283     6.36494   0.0763208
           4     6.41755     6.37809   0.0555467
           5      6.4525     6.39297   0.0455275
           6      6.5901     6.42583   0.0496106
           7     6.39944     6.42206   0.0420977
           8      6.4409     6.42441   0.0365337
           9     6.56972     6.44056   0.0360385
          10       6.222      6.4187   0.0389445
          11     6.34116     6.41165   0.0359249
          12     6.53497     6.42193   0.0343673
          13      6.4797     6.42637   0.0319242
          14     6.68877     6.44512   0.0349978
          15     6.61096     6.45617   0.0344061
          16     6.34819     6.44942    0.032884
          17     6.58679      6.4575   0.0319285
          18     6.51212     6.46054    0.030255
          19     6.55774     6.46565   0.0290721
          20     6.52092     6.46842   0.0277183
           1     5.39464     5.39464           0
           2     5.43545     5.41505   0.0204061
           3     5.27814     5.36941   0.0471319
           4     5.42784     5.38402   0.0363881
           5     5.34642      5.3765   0.0291721
           6     5.42714     5.38494   0.0252702
           7     5.32314     5.37611     0.02311
           8     5.53421     5.39587   0.0281263
           9     5.45447     5.40238   0.0256452
          10     5.25924     5.38807   0.0270379
          11     5.30322     5.38036   0.0256443
          12     5.28551     5.37245   0.0247081
          13     5.23309     5.36173   0.0251295
          14     5.42259     5.36608    0.023668
          15       5.426     5.37007   0.0223929
          16     5.39189     5.37144    0.020991
          17     5.42193     5.37441     0.01994
          18     5.37768     5.37459   0.0188005
          19     5.39349     5.37558   0.0178113
          20     5.37402     5.37551   0.0168975
           1     5.71353     5.71353           0
           2     5.71428      5.7139 0.000372735
           3     5.60726     5.67836    0.035548
           4     5.80665     5.71043   0.0407492
           5     5.80902     5.73015   0.0372167
           6     5.96263     5.76889   0.0492413
           7     5.75781     5.76731   0.0416466
           8     5.85622     5.77842   0.0377404
           9     5.80173     5.78101   0.0333844
          10     5.63751     5.76666    0.033129
          11     5.67753     5.75856   0.0310427
          12     5.80404     5.76235   0.0285902
          13     5.78741     5.76428   0.0263697
          14     5.89261     5.77344   0.0260779
          15     5.90691     5.78234   0.0258564
          16     5.83982     5.78593   0.0244518
          17     5.97039     5.79678   0.0254024
          18      5.8172     5.79792   0.0239765
          19     5.90061     5.80332   0.0233146
          20     5.75621     5.80097   0.0222432
           1     4.92321     4.92321           0
           2     4.90558     4.91439    0.008817
           3     4.82091     4.88323   0.0315743
           4      4.9764     4.90652   0.0322637
           5     4.88163     4.90155   0.0254824
           6     4.97925      4.9145   0.0245072
           7     4.92717     4.91631   0.0207913
           8     5.07689     4.93638   0.0269656
           9     4.97132     4.94026   0.0240963
          10     4.82184     4.92842   0.0245916
          11     4.80774     4.91745   0.0248023
          12     4.91044     4.91686   0.0226489
          13     4.74932     4.90398   0.0244979
          14     4.98858     4.91002    0.023472
          15     4.96685     4.91381   0.0221773
          16      4.9339     4.91506   0.0207829
          17      4.9767     4.91869   0.0198559
          18     4.94472     4.92014   0.0187761
          19     4.86069     4.91701   0.0180339
          20      4.9151     4.91691   0.0171087
           1     5.21625     5.21625           0
           2     5.21376     5.21501  0.00124579
           3      5.0611     5.16371   0.0513078
           4     5.19365     5.17119   0.0370447
           5     5.29666     5.19629   0.0381189
           6     5.43914     5.23676   0.0510584
           7     5.22932      5.2357   0.0431653
           8     5.23495      5.2356   0.0373824
           9     5.38295     5.25198   0.0368094
          10     5.17291     5.24407   0.0338594
          11     5.14395     5.23497    0.031951
          12     5.30001     5.24039   0.0296665
          13     5.19197     5.23666   0.0275422
          14     5.38522     5.24727   0.0276189
          15     5.36621      5.2552   0.0269066
          16     5.30215     5.25814   0.0253393
          17     5.34989     5.26354   0.0244063
          18     5.27623     5.26424   0.0230213
          19      5.2519     5.26359   0.0217857
          20     5.24557     5.26269   0.0206874
           1     4.54025     4.54025           0
           2     4.48878     4.51452   0.0257346
           3       4.386     4.47168   0.0453433
           4     4.52856      4.4859   0.0350746
           5     4.46039      4.4808   0.0276434
           6     4.57337     4.49623   0.0273405
           7     4.56962     4.50671   0.0253746
           8     4.59796     4.51812   0.0247589
           9     4.59115     4.52623   0.0232944
          10     4.49238     4.52285   0.0211084
          11     4.43279     4.51466   0.0207744
          12     4.59628     4.52146    0.020147
          13     4.36182     4.50918   0.0222318
          14     4.52452     4.51028   0.0206117
          15     4.48537     4.50862   0.0192602
          16      4.5231     4.50952    0.018039
          17     4.53854     4.51123   0.0170304
          18     4.50193     4.51071   0.0160647
          19     4.43866     4.50692   0.0156617
          20      4.4214     4.50264    0.015461
           1     4.72411     4.72411           0
           2     4.76463     4.74437   0.0202611
           3     4.62242     4.70372   0.0423021
           4     4.76142     4.71814   0.0332081
           5     4.80404     4.73532   0.0309317
           6     4.98824     4.77748   0.0491401
           7     4.82642     4.78447   0.0421155
           8     4.74919     4.78006   0.0367387
           9     4.91836     4.79543   0.0358598
          10     4.72174     4.78806   0.0329096
          11     4.71274     4.78121   0.0305451
          12     4.89256     4.79049   0.0293872
          13     4.71274     4.78451    0.027686
          14     4.85645     4.78965   0.0261422
          15     4.80067     4.79038   0.0243482
          16     4.85305      4.7943   0.0231099
          17     4.87269     4.79891   0.0221923
          18     4.77777     4.79774   0.0209561
          19     4.78457     4.79704   0.0198345
          20     4.66762     4.79057   0.0198984
           1     4.16118     4.16118           0
           2     4.14674     4.15396  0.00722211
           3     4.06216     4.12336   0.0308831
           4     4.14956     4.12991   0.0227993
           5     4.15973     4.13587   0.0186401
           6     4.21494     4.14905   0.0201315
           7     4.16263     4.15099   0.0171245
           8     4.22012     4.15963   0.0171641
           9     4.22317     4.16669   0.0167028
          10     4.14936     4.16496   0.0150396
          11     4.11691     4.16059   0.0142878
          12     4.23628      4.1669   0.0144879
          13     4.01907     4.15553    0.017519
          14      4.1982     4.15858   0.0165034
          15     4.13587     4.15706   0.0154382
          16     4.11313     4.15432   0.0146999
          17      4.2182     4.15807   0.0143103
          18     4.20228     4.16053   0.0137135
          19      4.1237     4.15859   0.0131158
          20     4.08234     4.15478   0.0130137
           1     4.35258     4.35258           0
           2     4.33703     4.34481  0.00777236
           3     4.22072     4.30344   0.0416038
           4     4.33919     4.31238   0.0307457
           5     4.40071     4.33005   0.0296521
           6     4.54502     4.36588   0.0432423
           7     4.39206     4.36962   0.0367373
           8     4.36764     4.36937   0.0318164
           9      4.4486     4.37817   0.0294079
          10      4.3551     4.37586   0.0264043
          11     4.33248     4.37192    0.024207
          12     4.46009     4.37927   0.0232875
          13     4.29427     4.37273   0.0223971
          14     4.44886     4.37817   0.0214368
          15     4.40378     4.37987   0.0200295
          16     4.36721     4.37908   0.0187526
          17      4.4732     4.38462   0.0184646
          18     4.39588     4.38525   0.0174198
          19      4.3654      4.3842   0.0165105
          20     4.26282     4.37813    0.016798
           1     3.84533     3.84533           0
           2     3.79789     3.82161   0.0237185
           3     3.77161     3.80494   0.0215707
           4     3.81083     3.80641   0.0153236
           5      3.8278     3.81069   0.0126168
           6     3.83172      3.8142   0.0108813
           7     3.82254     3.81539  0.00927332
           8     3.86499     3.82159   0.0101457
           9     3.87697     3.82774   0.0108597
          10     3.83281     3.82825  0.00972646
          11     3.80621     3.82625  0.00902308
          12     3.88391     3.83105  0.00953616
          13     3.72779     3.82311   0.0118337
          14     3.86792     3.82631    0.011414
          15     3.79095     3.82395   0.0108841
          16     3.80709      3.8229   0.0102356
          17     3.87482     3.82595   0.0100881
          18     3.89329     3.82969   0.0102204
          19     3.83331     3.82988  0.00966939
          20     3.76134     3.82646  0.00979247
           1     4.00151     4.00151           0
           2     3.98371     3.99261  0.00889992
           3     3.92843     3.97122   0.0220024
           4     3.97437     3.97201    0.015578
           5     4.01248      3.9801   0.0145301
           6     4.14606     4.00776   0.0300967
           7        4.03     4.01094   0.0256339
           8     4.01211     4.01109   0.0222001
           9      4.0808     4.01883   0.0210551
          10     4.01107     4.01805   0.0188483
          11     4.01679     4.01794   0.0170493
          12     4.06635     4.02197   0.0160781
          13     3.91325     4.01361   0.0169905
          14     4.08087     4.01842   0.0164475
          15     3.99152     4.01662   0.0154164
          16     4.03989     4.01808   0.0144938
          17      4.0923     4.02244   0.0142975
          18     4.05654     4.02434   0.0136122
          19     4.03755     4.02503   0.0128947
          20     3.92269     4.01991   0.0132601
           1     3.56037     3.56037           0
           2     3.54655     3.55346   0.0069114
           3     3.51646     3.54113   0.0129627
           4     3.53339     3.53919  0.00936795
           5     3.56202     3.54376  0.00857348
           6     3.55682     3.54594  0.00733106
           7     3.56585     3.54878  0.00681754
           8     3.58582     3.55341  0.00750275
           9     3.53524     3.55139  0.00691781
          10     3.55216     3.55147  0.00618795
          11     3.53294     3.54978  0.00584513
          12     3.58786     3.55296   0.0062082
          13     3.44924     3.54498  0.00981139
          14     3.59809     3.54877  0.00984394
          15     3.53494     3.54785  0.00921047
          16      3.5118      3.5456  0.00890543
          17     3.59839      3.5487  0.00892307
          18     3.62975     3.55321  0.00954196
          19     3.53236     3.55211  0.00909225
          20     3.49192      3.5491  0.00913559
           1     3.69501     3.69501           0
           2      3.6788      3.6869  0.00810344
           3     3.61166     3.66182   0.0255136
           4     3.68495      3.6676   0.0189445
           5     3.68145     3.67037   0.0149335
           6     3.76068     3.68542   0.0193698
           7     3.76003     3.69608   0.0195341
           8     3.67696     3.69369    0.017085
           9      3.6876     3.69302   0.0150828
          10     3.71553     3.69527    0.013677
          11     3.71607     3.69716   0.0125151
          12     3.73859     3.70061    0.011935
          13     3.64281     3.69616   0.0118448
          14     3.75819     3.70059   0.0118273
          15     3.68997     3.69989   0.0110334
          16     3.72752     3.70161   0.0104643
          17     3.80359     3.70761   0.0115154
          18     3.76652     3.71088   0.0113393
          19     3.71183     3.71093    0.010726
          20     3.62075     3.70643     0.01113
           1     3.33463     3.33463           0
           2     3.28131     3.30797   0.0266624
           3     3.25822     3.29139   0.0226262
           4     3.26791     3.28552   0.0170421
           5     3.31403     3.29122   0.0143797
           6     3.31164     3.29462   0.0122242
           7     3.27892     3.29238   0.0105721
           8       3.336     3.29783   0.0106563
           9     3.26215     3.29387      0.0102
          10     3.29381     3.29386  0.00912317
          11     3.31071     3.29539  0.00839319
          12     3.37967     3.30242   0.0103936
          13     3.20911     3.29524   0.0119551
          14     3.32627     3.29746    0.011288
          15     3.28012      3.2963   0.0105719
          16     3.29968     3.29651  0.00989135
          17     3.37785      3.3013   0.0104509
          18     3.37093     3.30516   0.0105854
          19     3.24275     3.30188   0.0105379
          20     3.24926     3.29925   0.0103375
           1     3.44514     3.44514           0
           2     3.38412     3.41463   0.0305088
           3     3.34747     3.39224   0.0284863
           4     3.43609      3.4032   0.0229328
           5     3.41633     3.40583   0.0179565
           6      3.4763     3.41757   0.0187858
           7     3.44233     3.42111   0.0162661
           8     3.41431     3.42026   0.0141125
           9     3.40534      3.4186   0.0125559
          10     3.43747     3.42049   0.0113877
          11     3.43479     3.42179   0.0103822
          12      3.4781     3.42648   0.0105755
          13     3.35236     3.42078   0.0112759
          14     3.46271     3.42378   0.0108607
          15     3.41014     3.42287   0.0101515
          16     3.46942     3.42578  0.00993171
          17     3.52125     3.43139   0.0108891
          18     3.45961     3.43296   0.0103854
          19     3.41936     3.43224  0.00984962
          20     3.37373     3.42932  0.00979154
           1     3.11406     3.11406           0
           2     3.05138     3.08272   0.0313373
           3     3.06693     3.07746   0.0188423
           4     3.09525     3.08191   0.0140468
           5     3.09913     3.08535   0.0114127
           6     3.09916     3.08765  0.00959835
           7     3.03651     3.08035   0.0109169
           8     3.07807     3.08006  0.00945861
           9     3.04902     3.07661  0.00902672
          10     3.07675     3.07663  0.00807376
          11     3.08329     3.07723  0.00732806
          12     3.14379     3.08278   0.0086899
          13     2.98191     3.07502   0.0111402
          14     3.07574     3.07507   0.0103139
          15      3.0642     3.07435  0.00962904
          16     3.05336     3.07303  0.00910214
          17     3.14949     3.07753  0.00966059
          18     3.14917     3.08151  0.00993977
          19     3.04995     3.07985  0.00954769
          20     3.04853     3.07828  0.00919212
           1     3.18474     3.18474           0
           2     3.17322     3.17898  0.00576156
           3     3.14088     3.16628   0.0131276
           4     3.22296     3.18045   0.0169389
           5     3.20059     3.18448   0.0137252
           6     3.23906     3.19358   0.0144336
           7     3.17802     3.19135   0.0123995
           8      3.1614     3.18761   0.0113725
           9     3.17611     3.18633   0.0101107
          10     3.18738     3.18644  0.00904391
          11     3.18521     3.18632  0.00818129
          12     3.26162      3.1926  0.00975457
          13      3.1212     3.18711   0.0105202
          14     3.20885     3.18866  0.00986284
          15     3.20349     3.18965   0.0092349
          16     3.19763     3.19015  0.00865286
          17     3.28105      3.1955  0.00972929
          18      3.2651     3.19936   0.0099546
          19     3.19478     3.19912   0.0094192
          20     3.15665       3.197  0.00918466
           1     2.90792     2.90792           0
           2     2.85455     2.88123   0.0266831
           3     2.86118     2.87455   0.0167937
           4     2.88365     2.87682   0.0120911
           5     2.88918     2.87929  0.00968602
           6     2.88714      2.8806  0.00801586
           7     2.83883     2.87463    0.009028
           8     2.88061     2.87538  0.00785406
           9      2.8359     2.87099   0.0081989
          10     2.88145     2.87204  0.00740756
          11     2.85651     2.87063   0.0068475
          12     2.93215     2.87576  0.00808435
          13     2.78266     2.86859   0.0103238
          14     2.88628     2.86986  0.00964107
          15     2.84604     2.86827  0.00911476
          16     2.86762     2.86823  0.00852617
          17      2.9623     2.87376  0.00973473
          18     2.93752      2.8773  0.00983775
          19      2.8582      2.8763  0.00935972
          20     2.85251     2.87511  0.00895875
           1     2.98106     2.98106           0
           2     2.97245     2.97675  0.00430218
           3     2.92909     2.96087   0.0160801
           4     2.99987     2.97062   0.0149779
           5     2.97328     2.97115   0.0116141
           6     3.03033     2.98101   0.0136828
           7     2.95138     2.97678   0.0123148
           8     2.95273     2.97377   0.0110806
           9     2.95404     2.97158   0.0100152
          10     2.95821     2.97024  0.00905707
          11     2.96188     2.96948  0.00822766
          12     3.02444     2.97406  0.00879678
          13     2.89677     2.96812   0.0100414
          14     2.99488     2.97003  0.00949111
          15     2.97953     2.97066  0.00885842
          16     2.98129     2.97133  0.00831286
          17      3.0482     2.97585  0.00902339
          18     3.03943     2.97938  0.00921142
          19     2.98891     2.97988  0.00872755
          20     2.93819      2.9778  0.00853804
           1     2.72788     2.72788           0
           2     2.69996     2.71392   0.0139636
           3     2.68442     2.70409   0.0127156
           4     2.69119     2.70086  0.00955169
           5     2.72502     2.70569  0.00883709
           6     2.72285     2.70855   0.0077611
           7      2.6719     2.70332  0.00839255
           8     2.71245     2.70446  0.00735735
           9     2.66084     2.69961  0.00809882
          10      2.7082     2.70047  0.00729456
          11     2.68383     2.69896   0.0067695
          12     2.73836     2.70224  0.00699784
          13     2.65326     2.69847  0.00745861
          14     2.70585       2.699  0.00692538
          15      2.6895     2.69837  0.00647824
          16     2.66083     2.69602  0.00649825
          17     2.77574     2.70071  0.00769733
          18     2.76696     2.70439  0.00813714
          19     2.67946     2.70308  0.00780802
          20     2.68191     2.70202  0.00748256
           1     2.79866     2.79866           0
           2     2.78835      2.7935  0.00515154
           3     2.74066     2.77589   0.0178638
           4     2.79608     2.78094   0.0136023
           5     2.79475      2.7837   0.0108926
           6     2.82932      2.7913   0.0117011
           7     2.77371     2.78879   0.0102038
           8     2.77816     2.78746  0.00893607
           9     2.73574     2.78171  0.00975375
          10     2.77481     2.78102  0.00875129
          11     2.78697     2.78156  0.00793428
          12     2.83411     2.78594  0.00846383
          13     2.73852     2.78229  0.00859767
          14     2.78883     2.78276  0.00797357
          15      2.7792     2.78252  0.00742678
          16     2.78165     2.78247  0.00694733
          17     2.85921     2.78698  0.00793493
          18     2.85653     2.79085  0.00841993
          19     2.78046      2.7903  0.00798318
          20      2.7383      2.7877  0.00800731
           1     2.58648     2.58648           0
           2     2.53303     2.55976   0.0267213
           3     2.50962     2.54304   0.0227446
           4     2.54646      2.5439   0.0161055
           5     2.56514     2.54814   0.0131787
           6     2.53651     2.54621   0.0109337
           7     2.50678     2.54057   0.0108217
           8     2.55659     2.54258  0.00958326
           9     2.48115     2.53575   0.0108636
          10     2.55089     2.53726  0.00983403
          11     2.52217     2.53589   0.0090004
          12     2.56941     2.53869  0.00867791
          13     2.50209     2.53587  0.00846442
          14     2.54853     2.53677  0.00788851
          15     2.51198     2.53512  0.00752757
          16      2.4863     2.53207  0.00767409
          17     2.59967     2.53605  0.00823252
          18     2.60019     2.53961  0.00854072
          19     2.51729     2.53844  0.00816365
          20     2.55645     2.53934   0.0077969
           1     2.63158     2.63158           0
           2     2.60526     2.61842   0.0131595
           3     2.56365     2.60016   0.0197765
           4     2.63349      2.6085   0.0162783
           5     2.63306     2.61341   0.0135323
           6      2.6418     2.61814   0.0120197
           7     2.60168     2.61579   0.0104272
           8     2.61001     2.61507  0.00905904
           9     2.58247     2.61145  0.00877186
          10      2.6063     2.61093  0.00786263
          11     2.59828     2.60978  0.00720442
          12     2.66945     2.61475  0.00824472
          13     2.58842     2.61273  0.00784987
          14     2.62583     2.61366  0.00732756
          15     2.60827      2.6133  0.00683104
          16      2.5901     2.61185  0.00655231
          17      2.6748     2.61556  0.00718263
          18     2.68043     2.61916  0.00767129
          19     2.59259     2.61776  0.00738986
          20     2.60793     2.61727  0.00702783
           1     2.44538     2.44538           0
           2     2.37884     2.41211   0.0332697
           3     2.35647     2.39356   0.0267008
           4     2.39308     2.39344   0.0188807
           5     2.41469     2.39769   0.0152297
           6      2.3945     2.39716   0.0124464
           7     2.36305     2.39229   0.0115931
           8     2.40841      2.3943   0.0102402
           9     2.34738     2.38909   0.0104276
          10     2.41516      2.3917  0.00968434
          11     2.37314     2.39001  0.00892076
          12      2.4252     2.39294   0.0086554
          13     2.37576     2.39162  0.00807081
          14     2.40079     2.39227  0.00750081
          15     2.38839     2.39202  0.00698767
          16     2.35373     2.38962   0.0069605
          17     2.45639     2.39355   0.0076273
          18       2.445     2.39641  0.00773827
          19     2.36238     2.39462  0.00753556
          20     2.39781     2.39478  0.00715065
           1     2.49149     2.49149           0
           2     2.44345     2.46747   0.0240229
           3     2.39879     2.44458   0.0267662
           4     2.47769     2.45286    0.020658
           5      2.4785     2.45798   0.0168036
           6     2.48511      2.4625   0.0144456
           7     2.42939     2.45777   0.0130931
           8     2.46682     2.45891   0.0113952
           9     2.42157     2.45476   0.0108719
          10     2.47749     2.45703  0.00998643
          11     2.43566     2.45509  0.00923964
          12     2.48934     2.45794  0.00890441
          13     2.43835     2.45644  0.00832842
          14     2.47593     2.45783  0.00783541
          15     2.46151     2.45807  0.00729849
          16     2.43283      2.4565  0.00700706
          17     2.50898     2.45958   0.0072702
          18     2.50457     2.46208  0.00729579
          19     2.44139     2.46099  0.00698655
          20     2.47055     2.46147  0.00664523
           1      2.3136      2.3136           0
           2      2.2514      2.2825   0.0310977
           3     2.22331     2.26277   0.0266765
           4     2.26422     2.26313   0.0188667
           5     2.28418     2.26734   0.0152083
           6     2.26604     2.26713   0.0124194
           7     2.24872      2.2645   0.0108207
           8     2.27749     2.26612  0.00951081
           9     2.22337     2.26137  0.00963936
          10     2.30611     2.26584  0.00971326
          11     2.25107      2.2645  0.00888809
          12     2.29285     2.26686  0.00845073
          13      2.2473     2.26536   0.0079179
          14     2.26996     2.26569  0.00733792
          15     2.26248     2.26547  0.00683456
          16     2.23295     2.26344  0.00670845
          17     2.32324     2.26696  0.00721691
          18     2.30333     2.26898  0.00709788
          19     2.25034       2.268  0.00678526
          20      2.2784     2.26852  0.00645803
           1     2.34367     2.34367           0
           2     2.30293      2.3233   0.0203701
           3     2.27322     2.30661    0.020421
           4     2.33243     2.31306   0.0158174
           5     2.33647     2.31774   0.0131156
           6     2.35137     2.32335   0.0120866
           7     2.31529      2.3222   0.0102798
           8     2.32405     2.32243  0.00890557
           9     2.29114     2.31895  0.00858887
          10     2.32894     2.31995   0.0077467
          11     2.30803     2.31887  0.00709049
          12     2.35016     2.32148  0.00697835
          13      2.3081     2.32045  0.00650107
          14     2.32993     2.32112  0.00605683
          15     2.33542     2.32208  0.00571863
          16      2.2825      2.3196  0.00589348
          17     2.37147     2.32266  0.00632099
          18     2.35005     2.32418   0.0061507
          19     2.32012     2.32396   0.0058219
          20     2.32511     2.32402  0.00552344
           1     2.17376     2.17376           0
           2     2.13455     2.15415   0.0196084
           3     2.10356     2.13729   0.0203122
           4     2.13627     2.13703   0.0143652
           5     2.15534     2.14069    0.011714
           6     2.13657     2.14001  0.00958916
           7     2.12775     2.13826  0.00829145
           8     2.14816     2.13949  0.00728656
           9     2.11897     2.13721  0.00681891
          10     2.16504        2.14  0.00670387
          11     2.12747     2.13886  0.00616992
          12     2.17469     2.14184  0.00637504
          13     2.13573     2.14137  0.00588298
          14     2.13808     2.14114  0.00545164
          15     2.15276     2.14191    0.005134
          16     2.12653     2.14095  0.00489776
          17     2.20004     2.14443  0.00576612
          18     2.16303     2.14546  0.00553371
          19     2.12443     2.14435  0.00535013
          20     2.15042     2.14466  0.00508462
           1     2.22289     2.22289           0
           2     2.18737     2.20513   0.0177563
           3     2.14855     2.18627   0.0214662
           4     2.19469     2.18837   0.0153241
           5     2.20773     2.19224   0.0124853
           6     2.21054     2.19529   0.0106406
           7     2.18434     2.19373   0.0091281
           8     2.18327     2.19242  0.00801254
           9     2.17086     2.19003  0.00746155
          10     2.20586     2.19161   0.0068591
          11     2.17993     2.19055  0.00629445
          12     2.22034     2.19303  0.00625943
          13      2.1897     2.19277  0.00576352
          14     2.19213     2.19273  0.00533618
          15     2.20183     2.19334  0.00500466
          16     2.16304     2.19144  0.00504995
          17     2.24285     2.19447  0.00562561
          18     2.20959     2.19531  0.00536999
          19     2.17876     2.19444  0.00515362
          20      2.1935     2.19439  0.00488937
           1     2.05931     2.05931           0
           2     2.02774     2.04352   0.0157861
           3     1.99426      2.0271   0.0187821
           4     2.02207     2.02584   0.0133404
           5     2.04566     2.02981   0.0110672
           6     2.01902     2.02801  0.00921333
           7      2.0134     2.02592  0.00806142
           8     2.03138      2.0266  0.00701464
           9      2.0019     2.02386  0.00676776
          10     2.04727      2.0262  0.00649022
          11     2.02695     2.02627  0.00587102
          12     2.04425     2.02777  0.00556498
          13     2.02371     2.02746  0.00512856
          14     2.03619     2.02808  0.00478896
          15     2.04498     2.02921  0.00459839
          16     2.01288     2.02819  0.00442073
          17     2.08396     2.03147   0.0052921
          18     2.05512     2.03278  0.00515966
          19      2.0194     2.03208  0.00493108
          20     2.02985     2.03197  0.00467936
           1     2.10427     2.10427           0
           2     2.07682     2.09055   0.0137256
           3     2.03075     2.07061   0.0214516
           4     2.07515     2.07175   0.0152108
           5     2.09247     2.07589   0.0124902
           6     2.09136     2.07847   0.0105189
           7     2.06826     2.07701  0.00900905
           8     2.06336      2.0753  0.00798653
           9     2.05844     2.07343  0.00728852
          10     2.08238     2.07433  0.00658027
          11     2.07038     2.07397  0.00596288
          12     2.08945     2.07526  0.00559414
          13     2.07165     2.07498  0.00515333
          14     2.07227     2.07479  0.00477498
          15     2.09146      2.0759  0.00458221
          16      2.0467     2.07407  0.00465865
          17     2.12771     2.07723   0.0053949
          18     2.08683     2.07776  0.00511426
          19     2.08004     2.07788  0.00483908
          20     2.08368     2.07817  0.00459991
           1     1.95649     1.95649           0
           2      1.9349      1.9457   0.0107939
           3     1.88007     1.92382   0.0227448
           4     1.91751     1.92225   0.0161601
           5     1.93804     1.92541   0.0129102
           6     1.93054     1.92626   0.0105758
           7     1.91862     1.92517  0.00900449
           8      1.9288     1.92562  0.00781128
           9     1.90454     1.92328  0.00727625
          10     1.93064     1.92402   0.0065495
          11     1.93185     1.92473  0.00596695
          12     1.93496     1.92558  0.00551335
          13     1.93762     1.92651  0.00515546
          14     1.92798     1.92661  0.00477419
          15     1.93744     1.92733  0.00450276
          16     1.91121     1.92633   0.0043309
          17     1.97747     1.92934   0.0050598
          18     1.94271     1.93008  0.00482792
          19     1.91819     1.92945  0.00460942
          20     1.93509     1.92973  0.00438195
           1     1.98211     1.98211           0
           2     1.96934     1.97572  0.00638511
           3     1.92598     1.95914   0.0169854
           4      1.9707     1.96203   0.0123533
           5     1.97837      1.9653   0.0101114
           6      1.9891     1.96927  0.00915919
           7     1.96124     1.96812  0.00782548
           8     1.95828     1.96689  0.00688776
           9       1.947     1.96468  0.00646387
          10     1.97846     1.96606   0.0059434
          11     1.96981      1.9664  0.00538681
          12     1.98295     1.96778  0.00510716
          13     1.97615     1.96842  0.00474184
          14     1.97736     1.96906  0.00443631
          15     1.98511     1.97013  0.00426637
          16     1.94757     1.96872  0.00423251
          17     2.00851     1.97106  0.00461363
          18      1.9763     1.97135  0.00435949
          19     1.96784     1.97117  0.00412781
          20     1.97319     1.97127   0.0039173
           1     1.85365     1.85365           0
           2     1.85304     1.85334 0.000305434
           3     1.79819     1.83496   0.0183864
           4      1.8192     1.83102    0.013585
           5     1.84862     1.83454    0.011096
           6     1.84779     1.83675   0.0093251
           7     1.82102      1.8345   0.0081949
           8     1.84226     1.83547  0.00716301
           9     1.81915     1.83366  0.00657239
          10     1.84395     1.83469  0.00596789
          11     1.83198     1.83444  0.00540375
          12     1.84466     1.83529  0.00500595
          13     1.85311     1.83666   0.0048044
          14     1.83786     1.83675  0.00444884
          15     1.84611     1.83737  0.00418836
          16     1.82967     1.83689  0.00394727
          17     1.88325     1.83962  0.00460269
          18     1.85635     1.84055   0.0044379
          19     1.81742     1.83933  0.00437073
          20     1.84083     1.83941  0.00414712
           1     1.87426     1.87426           0
           2     1.87591     1.87508 0.000827977
           3     1.83476     1.86164   0.0134503
           4     1.86568     1.86265  0.00956417
           5     1.87466     1.86505  0.00778797
           6     1.89369     1.86983  0.00795053
           7      1.8687     1.86966  0.00672137
           8     1.86415     1.86898  0.00586153
           9     1.84705     1.86654  0.00571488
          10     1.88013      1.8679  0.00528915
          11     1.86991     1.86808  0.00478772
          12     1.88477     1.86947  0.00458659
          13     1.88966     1.87103  0.00449578
          14     1.87903      1.8716  0.00420142
          15     1.87775     1.87201  0.00393277
          16     1.85312     1.87083  0.00386358
          17     1.90829     1.87303  0.00424583
          18     1.88325      1.8736  0.00404308
          19     1.86407      1.8731  0.00385714
          20     1.87929     1.87341  0.00367227
           1      1.7648      1.7648           0
           2     1.76541      1.7651 0.000307518
           3     1.71829      1.7495   0.0156044
           4     1.74199     1.74762   0.0111926
           5     1.76469     1.75103  0.00931728
           6     1.75651     1.75195  0.00766207
           7     1.72966     1.74876  0.00721578
           8     1.75542     1.74959  0.00630412
           9     1.72472     1.74683  0.00620889
          10     1.74946     1.74709   0.0055596
          11     1.75031     1.74739  0.00503735
          12     1.75763     1.74824  0.00467701
          13     1.77734     1.75048  0.00484977
          14     1.75171     1.75057  0.00449089
          15     1.76089     1.75125  0.00423705
          16     1.73519     1.75025  0.00408863
          17     1.79517     1.75289  0.00466161
          18     1.76261     1.75343  0.00442803
          19     1.73777     1.75261  0.00426887
          20     1.74568     1.75226  0.00406459
           1     1.78963     1.78963           0
           2     1.79167     1.79065  0.00102318
           3     1.74787     1.77639   0.0142744
           4     1.77609     1.77632   0.0100938
           5     1.79091     1.77923  0.00834562
           6     1.80476     1.78349  0.00803282
           7      1.7775     1.78263  0.00684262
           8      1.7802     1.78233  0.00593365
           9      1.7589     1.77973  0.00584481
          10     1.78584     1.78034  0.00526334
          11     1.78831     1.78106  0.00481579
          12     1.78815     1.78165  0.00443565
          13     1.80055     1.78311  0.00433136
          14      1.7875     1.78342   0.0040223
          15     1.78469      1.7835  0.00374551
          16     1.76498     1.78235  0.00368988
          17     1.81143     1.78406  0.00386534
          18     1.79132     1.78446  0.00366657
          19     1.77896     1.78417  0.00348028
          20     1.78319     1.78412  0.00330205
           1     1.68451     1.68451           0
           2     1.68927     1.68689  0.00238096
           3     1.64714     1.67364   0.0133218
           4     1.65532     1.66906   0.0104744
           5     1.68057     1.67136  0.00843371
           6     1.68005     1.67281  0.00703669
           7     1.66437      1.6716  0.00606794
           8     1.67831     1.67244  0.00532157
           9     1.65687     1.67071  0.00500203
          10     1.66631     1.67027  0.00449556
          11     1.67932     1.67109  0.00414873
          12     1.68573     1.67231  0.00397877
          13     1.69368     1.67396  0.00401193
          14     1.67992     1.67438  0.00373866
          15     1.67832     1.67464   0.0034904
          16     1.65979     1.67372  0.00339438
          17     1.71937      1.6764  0.00416869
          18     1.68655     1.67697  0.00397055
          19     1.65289      1.6757  0.00396377
          20     1.66855     1.67534  0.00377732
           1     1.71034     1.71034           0
           2     1.70899     1.70967 0.000677587
           3     1.66524     1.69486   0.0148146
           4     1.69457     1.69478   0.0104758
           5     1.71406     1.69864  0.00898343
           6     1.71542     1.70144  0.00785026
           7     1.69626      1.7007   0.0066757
           8     1.70239     1.70091  0.00578521
           9     1.68545     1.69919  0.00538361
          10     1.69218     1.69849  0.00486606
          11     1.70545     1.69912   0.0044468
          12     1.71512     1.70046  0.00427259
          13     1.71926      1.7019  0.00418806
          14      1.7044     1.70208   0.0038815
          15     1.70007     1.70195  0.00361598
          16     1.68404     1.70083  0.00356278
          17     1.74239     1.70327  0.00414455
          18     1.71148     1.70373  0.00393405
          19      1.6916     1.70309  0.00377559
          20     1.69543     1.70271  0.00360226
           1     1.61824     1.61824           0
           2     1.61608     1.61716  0.00108169
           3     1.58169     1.60533   0.0118408
           4     1.59043     1.60161  0.00916482
           5     1.61638     1.60456  0.00768946
           6     1.59942      1.6037  0.00633671
           7     1.58698     1.60131  0.00586447
           8     1.60473     1.60174  0.00509674
           9     1.58521     1.59991  0.00485556
          10     1.59859     1.59977  0.00434493
          11     1.60586     1.60033  0.00396886
          12     1.61866     1.60186  0.00393199
          13      1.6167       1.603  0.00379293
          14     1.60727      1.6033  0.00352483
          15     1.59858     1.60299  0.00329651
          16     1.58544     1.60189  0.00327289
          17     1.64446      1.6044  0.00396516
          18     1.61516     1.60499  0.00378593
          19      1.5838     1.60388  0.00375082
          20     1.59836      1.6036  0.00356901
           1     1.63501     1.63501           0
           2     1.63411     1.63456 0.000448537
           3      1.5992     1.62277   0.0117879
           4     1.61958     1.62197  0.00837356
           5     1.63392     1.62436  0.00691199
           6     1.63139     1.62553  0.00576374
           7     1.62349     1.62524  0.00487996
           8     1.62448     1.62515  0.00422724
           9     1.61326     1.62383  0.00395507
          10     1.61559       1.623  0.00363218
          11     1.63309     1.62392  0.00341096
          12     1.64479     1.62566  0.00356665
          13     1.64226     1.62694  0.00352062
          14     1.63033     1.62718  0.00326846
          15     1.62074     1.62675  0.00307294
          16     1.61021     1.62572   0.0030546
          17      1.6622     1.62786  0.00358303
          18     1.63319     1.62816  0.00339108
          19      1.6167     1.62755  0.00326385
          20     1.62051      1.6272  0.00311632
           1     1.55525     1.55525           0
           2      1.5506     1.55293  0.00232527
           3     1.51827     1.54137   0.0116303
           4     1.52708      1.5378   0.0089664
           5     1.54256     1.53875  0.00701017
           6      1.5293     1.53718  0.00593662
           7     1.52698     1.53572  0.00522452
           8     1.53694     1.53587  0.00452714
           9     1.51839     1.53393  0.00443992
          10     1.53289     1.53383  0.00397254
          11     1.54009      1.5344  0.00363811
          12      1.5544     1.53606  0.00371597
          13      1.5458     1.53681  0.00349936
          14     1.53989     1.53703  0.00324725
          15     1.53138     1.53665   0.0030464
          16     1.51718     1.53544  0.00309868
          17     1.57023     1.53748  0.00355821
          18     1.54742     1.53804  0.00339979
          19     1.51634     1.53689  0.00341268
          20     1.53197     1.53665  0.00324689
           1     1.57205     1.57205           0
           2     1.56498     1.56852  0.00353567
           3     1.53279     1.55661   0.0120819
           4     1.55374     1.55589  0.00857317
           5     1.56111     1.55694  0.00672227
           6     1.56614     1.55847  0.00569909
           7     1.55337     1.55774  0.00487138
           8     1.55735     1.55769  0.00421901
           9     1.53755     1.55545   0.0043423
          10     1.55258     1.55517  0.00389447
          11     1.56318      1.5559  0.00359715
          12     1.57459     1.55745  0.00363467
          13     1.56843      1.5583   0.0034484
          14     1.56358     1.55868  0.00321481
          15     1.55033     1.55812  0.00304407
          16     1.53958     1.55696  0.00307421
          17     1.58924     1.55886  0.00345612
          18     1.56565     1.55924  0.00328026
          19     1.54357     1.55841  0.00321052
          20     1.55509     1.55825  0.00305028
           1     1.49004     1.49004           0
           2     1.48659     1.48832  0.00172709
           3     1.46414     1.48026   0.0081195
           4     1.47239     1.47829   0.0060693
           5     1.48111     1.47885  0.00473486
           6     1.47168     1.47766  0.00404645
           7     1.46443     1.47577  0.00390744
           8     1.47427     1.47558  0.00338915
           9     1.45779      1.4736  0.00358351
          10     1.47021     1.47326  0.00322311
          11     1.47367      1.4733  0.00291565
          12     1.48709     1.47445  0.00289915
          13     1.48217     1.47504  0.00273219
          14     1.47711     1.47519  0.00253381
          15      1.4642     1.47446  0.00247012
          16     1.45651     1.47334  0.00256864
          17     1.50415     1.47515  0.00301787
          18     1.48066     1.47546  0.00286171
          19     1.45996     1.47464  0.00282705
          20     1.47424     1.47462  0.00268205
           1     1.50852     1.50852           0
           2     1.50024     1.50438  0.00413916
           3     1.47779     1.49551  0.00917928
           4     1.49423     1.49519  0.00649861
           5      1.5002     1.49619  0.00513237
           6     1.49568     1.49611  0.00419144
           7      1.4849     1.49451  0.00388762
           8     1.49185     1.49417  0.00338315
           9      1.4789     1.49248  0.00343248
          10     1.49193     1.49242   0.0030706
          11     1.49309     1.49248  0.00277812
          12      1.5046     1.49349  0.00272961
          13     1.49984     1.49398  0.00255793
          14     1.49852     1.49431   0.0023903
          15     1.48213     1.49349  0.00236857
          16     1.47961     1.49263  0.00237939
          17     1.51913     1.49419  0.00272496
          18     1.49469     1.49421  0.00256926
          19     1.48317     1.49363  0.00249883
          20       1.483      1.4931  0.00242948
           1     1.43403     1.43403           0
           2     1.42281     1.42842  0.00561244
           3     1.40826      1.4217  0.00746048
           4     1.41556     1.42017  0.00549461
           5     1.42242     1.42062  0.00427992
           6     1.41515     1.41971  0.00361128
           7     1.40912     1.41819  0.00340592
           8     1.41483     1.41777  0.00297952
           9     1.40321     1.41615  0.00308608
          10     1.41053     1.41559   0.0028169
          11     1.41561     1.41559  0.00254798
          12     1.42914     1.41672  0.00258536
          13     1.42483     1.41735  0.00245863
          14     1.41398     1.41711  0.00228889
          15     1.40109     1.41604  0.00238343
          16     1.40416      1.4153   0.0023499
          17     1.44151     1.41684  0.00269249
          18      1.4187     1.41694  0.00254061
          19     1.40607     1.41637  0.00247038
          20     1.41187     1.41614  0.00235437
           1     1.44998     1.44998           0
           2     1.43673     1.44336   0.0066256
           3     1.41854     1.43509  0.00911401
           4     1.43452     1.43495   0.0064461
           5      1.4408     1.43612   0.0051288
           6      1.4405     1.43685  0.00425081
           7     1.42924     1.43576  0.00375338
           8      1.4279     1.43478  0.00339562
           9     1.42211     1.43337  0.00330904
          10     1.42692     1.43273  0.00302919
          11     1.43174     1.43264  0.00274147
          12     1.44096     1.43333  0.00259687
          13     1.44517     1.43424  0.00255647
          14     1.43628     1.43439  0.00237132
          15     1.41641     1.43319  0.00251183
          16     1.42283     1.43254  0.00243722
          17     1.45378     1.43379  0.00260822
          18     1.43119     1.43364  0.00246328
          19     1.42941     1.43342  0.00234068
          20     1.42885     1.43319  0.00223229
           1     1.37699     1.37699           0
           2     1.36937     1.37318   0.0038078
           3     1.35261     1.36632  0.00720182
           4     1.35614     1.36378  0.00569323
           5     1.36832     1.36469  0.00450257
           6     1.36101     1.36407  0.00372696
           7     1.35237      1.3624  0.00356628
           8     1.36075      1.3622  0.00309536
           9     1.34993     1.36083  0.00305134
          10     1.35873     1.36062   0.0027373
          11     1.35194     1.35983  0.00259888
          12     1.37292     1.36092  0.00261126
          13     1.37024     1.36164  0.00250668
          14     1.35762     1.36135  0.00233846
          15      1.3503     1.36062  0.00229829
          16     1.35283     1.36013  0.00220418
          17     1.38355     1.36151  0.00248689
          18     1.36372     1.36163  0.00234788
          19     1.35852     1.36147   0.0022269
          20     1.35103     1.36095  0.00217616
           1     1.38913     1.38913           0
           2     1.38197     1.38555   0.0035808
           3     1.36616     1.37908  0.00678656
           4     1.37335     1.37765  0.00500827
           5     1.38069     1.37826  0.00392684
           6     1.38239     1.37895  0.00327919
           7     1.37178     1.37792  0.00295437
           8     1.37396     1.37743  0.00260599
           9      1.3629     1.37581  0.00280861
          10     1.37285     1.37552  0.00252955
          11      1.3678     1.37482  0.00239319
          12     1.38466     1.37564  0.00233358
          13     1.38679     1.37649  0.00231157
          14     1.37439     1.37634  0.00214535
          15     1.36054     1.37529  0.00225801
          16     1.36917     1.37491  0.00214648
          17     1.39258     1.37595  0.00226847
          18     1.37328      1.3758  0.00214386
          19       1.376     1.37581  0.00202792
          20     1.36023     1.37503  0.00207565
