           1   -0.127224   -0.127224           0
           2    0.163735   0.0182552     0.14548
           3   -0.155672  -0.0397207    0.102059
           4   0.0140104  -0.0262879   0.0734059
           5    0.105761  0.00012192    0.062694
           6  -0.0985156  -0.0163177   0.0537644
           7   -0.130374  -0.0326114   0.0482723
           8   -0.158039  -0.0482898   0.0446483
           9  -0.0019628  -0.0431424   0.0397111
          10   -0.173869   -0.056215    0.037848
          11  -0.0537596  -0.0559918   0.0342356
          12   0.0435236  -0.0476989   0.0323342
          13  -0.0040152  -0.0443386   0.0299324
          14  -0.0752964  -0.0465499   0.0278001
          15  -0.0626008  -0.0476199   0.0259026
          16    0.256416  -0.0286177   0.0307922
          17   0.0671736  -0.0229829    0.029468
          18    0.177193   -0.011862   0.0299258
          19  -0.0539304  -0.0140761   0.0283934
          20    0.317596  0.00250746    0.031632
           1    0.789876    0.789876           0
           2    0.915093    0.852485   0.0626084
           3    0.864542    0.856504   0.0363697
           4     0.87236    0.860468    0.026021
           5    0.868308    0.862036   0.0202167
           6    0.837138    0.857886   0.0170205
           7    0.839745    0.855295   0.0146165
           8    0.855921    0.855373   0.0126585
           9     0.88886    0.859094   0.0117675
          10    0.896322    0.862816   0.0111641
          11     0.89882    0.866089   0.0106155
          12     0.90394    0.869244    0.010191
          13    0.921117    0.873234   0.0101883
          14    0.889633    0.874405  0.00950495
          15    0.935623    0.878486  0.00974444
          16    0.894664    0.879498    0.009171
          17    0.816453    0.875789  0.00937898
          18    0.887736    0.876453  0.00886746
          19    0.893686     0.87736  0.00843668
          20     0.88165    0.877574  0.00800661
           1   -0.161152   -0.161152           0
           2   0.0877572  -0.0366972    0.124454
           3   -0.213764  -0.0957195   0.0929871
           4    0.118474   -0.042171   0.0847982
           5    0.119061 -0.00992456   0.0731729
           6    5.44e-05  -0.0082614   0.0597686
           7  -0.0997532  -0.0213317   0.0521772
           8   -0.103938  -0.0316575   0.0463516
           9  -0.0422296  -0.0328322   0.0408951
          10   -0.225958  -0.0521447   0.0413631
          11  -0.0642776  -0.0532477   0.0374306
          12    0.097778  -0.0406622   0.0364134
          13  -0.0591444  -0.0420839   0.0335256
          14   0.0287552   -0.037024   0.0314484
          15  -0.0498844  -0.0378814   0.0292894
          16    0.209096  -0.0224453   0.0314469
          17   0.0505016  -0.0181543   0.0298493
          18   0.0663428    -0.01346    0.028531
          19  -0.0242012  -0.0140253   0.0269935
          20   0.0900444 -0.00882182   0.0261316
           1     0.76116     0.76116           0
           2    0.830978    0.796069    0.034909
           3      0.7687    0.786946   0.0221233
           4     0.81073    0.792892   0.0167354
           5    0.835451    0.801404   0.0155079
           6    0.782036    0.798176   0.0130671
           7    0.787714    0.796681   0.0111444
           8    0.700952    0.784715   0.0153733
           9    0.789765    0.785276   0.0135696
          10    0.813955    0.788144   0.0124712
          11    0.856082     0.79432   0.0128607
          12    0.842726    0.798354   0.0124138
          13    0.841521    0.801675    0.011892
          14     0.80748    0.802089   0.0110177
          15    0.843719    0.804865   0.0106257
          16     0.84319     0.80726    0.010224
          17    0.789706    0.806227  0.00965916
          18    0.845609    0.808415  0.00936587
          19    0.851473    0.810681  0.00914449
          20    0.809485    0.810622  0.00867543
           1   0.0031472   0.0031472           0
           2   0.0756768    0.039412   0.0362648
           3   -0.088566 -0.00324733   0.0475205
           4   0.0182884   0.0021366   0.0340307
           5   0.0740424   0.0165178   0.0300278
           6    0.085078   0.0279445   0.0270496
           7  -0.0057292   0.0231339   0.0233617
           8    0.002458   0.0205495   0.0203963
           9   0.0356464   0.0222269   0.0180659
          10  -0.0405964   0.0159446   0.0173369
          11    0.016876   0.0160292    0.015682
          12    0.121282   0.0248003    0.016789
          13    0.065082   0.0278989   0.0157514
          14   0.0575676   0.0300181   0.0147362
          15  -0.0217128   0.0265694   0.0141455
          16  -0.0269916   0.0232218   0.0136488
          17   0.0647684   0.0256657   0.0130516
          18   0.0039652   0.0244602   0.0123641
          19   -0.050226   0.0205293   0.0123382
          20    0.173536   0.0281796   0.0139834
           1    0.659974    0.659974           0
           2    0.764074    0.712024   0.0520498
           3    0.725997    0.716682   0.0304098
           4    0.739576    0.722405   0.0222517
           5     0.76796    0.731516   0.0194959
           6    0.706046    0.727271   0.0164746
           7    0.777674    0.734471   0.0156752
           8    0.654681    0.724498   0.0168452
           9    0.733945    0.725547   0.0148931
          10    0.712246    0.724217   0.0133871
          11    0.745291    0.726133   0.0122597
          12    0.791773    0.731603   0.0124567
          13    0.731093    0.731564   0.0114586
          14    0.761532    0.733704   0.0108224
          15    0.756794    0.735244    0.010192
          16    0.699608    0.733017  0.00979048
          17    0.718807    0.732181  0.00923446
          18    0.729172    0.732014  0.00870793
          19    0.713791    0.731054  0.00829253
          20    0.728256    0.730915  0.00786823
           1   0.0328104   0.0328104           0
           2  -0.0415084   -0.004349   0.0371594
           3  -0.0487944  -0.0191641   0.0260722
           4   0.0069312  -0.0126403   0.0195561
           5    0.069818  0.00385136   0.0223928
           6    0.053646   0.0121505   0.0200791
           7   0.0274464   0.0143356     0.01711
           8   -0.080134   0.0025269   0.0189475
           9  -0.0773912 -0.00635289    0.018923
          10  -0.0645408  -0.0121717   0.0178976
          11   -0.050108  -0.0156204   0.0165522
          12   0.0355672  -0.0113548   0.0157006
          13   0.0700276 -0.00509462   0.0157409
          14   0.0521716 -0.00100417   0.0151364
          15    0.100193  0.00574232    0.015623
          16    0.012982   0.0061948   0.0146209
          17    0.009652  0.00639816   0.0137355
          18    0.025712  0.00747116   0.0129943
          19  -0.0380908  0.00507316   0.0125231
          20   0.0494216  0.00729058   0.0120857
           1     0.59677     0.59677           0
           2    0.617194    0.606982    0.010212
           3    0.640367     0.61811   0.0125938
           4    0.637422    0.622938   0.0101298
           5    0.662912    0.630933    0.011202
           6    0.639817    0.632414  0.00926548
           7    0.669858    0.637763  0.00948342
           8    0.619882    0.635528  0.00851158
           9    0.637193    0.635713  0.00750879
          10    0.588625    0.631004  0.00820232
          11    0.658003    0.633459  0.00781473
          12     0.67766    0.637142  0.00802865
          13    0.649207     0.63807  0.00744337
          14    0.666135    0.640075  0.00717687
          15     0.65695      0.6412  0.00677536
          16    0.664746    0.642671  0.00650638
          17    0.622323    0.641474  0.00622779
          18    0.658694    0.642431  0.00594903
          19    0.602531    0.640331   0.0060063
          20    0.645805    0.640605  0.00570464
           1     0.02595     0.02595           0
           2  -0.0041364   0.0109068   0.0150432
           3   -0.025612 -0.00126613   0.0149537
           4   0.0217844   0.0044965   0.0120422
           5   0.0849172   0.0205806   0.0185932
           6   0.0489708   0.0253123   0.0159016
           7   0.0139548   0.0236898   0.0135369
           8  -0.0328192   0.0166262   0.0136869
           9  -0.0032932   0.0144129   0.0122719
          10  -0.0296132   0.0100103   0.0118264
          11  -0.0307384  0.00630589   0.0113206
          12     0.02729  0.00805457   0.0104812
          13   0.0387496   0.0104157  0.00992618
          14   0.0178576   0.0109473  0.00920522
          15   0.0264096   0.0119781  0.00863137
          16   0.0288984   0.0130356  0.00814287
          17   0.0017024    0.012369  0.00767789
          18   0.0412416    0.013973  0.00741437
          19  -0.0117688   0.0126182  0.00714296
          20   0.0491676   0.0144456   0.0070185
           1    0.534862    0.534862           0
           2    0.541512    0.538187    0.003325
           3    0.567785    0.548053   0.0100512
           4     0.55595    0.550027  0.00737638
           5    0.570546    0.554131   0.0070348
           6    0.536343    0.551166  0.00646387
           7    0.581496    0.555499  0.00697265
           8    0.536471    0.553121  0.00649004
           9    0.543155    0.552013   0.0058298
          10    0.503019    0.547114  0.00715499
          11    0.590814    0.551087    0.007594
          12    0.591126    0.554423  0.00769354
          13    0.592203    0.557329  0.00765049
          14    0.531454    0.555481  0.00732015
          15    0.573698    0.556696  0.00692206
          16    0.558125    0.556785  0.00647561
          17     0.53843    0.555705  0.00617786
          18    0.563963    0.556164  0.00584259
          19     0.56348    0.556549  0.00553993
          20    0.585618    0.558003  0.00545291
           1   0.0103916   0.0103916           0
           2  -0.0278036   -0.008706   0.0190976
           3  -0.0118468 -0.00975293   0.0110756
           4   0.0362356   0.0017442   0.0139111
           5   0.0752204   0.0164394   0.0182225
           6  -0.0031524   0.0131741   0.0152327
           7   -0.018412  0.00866183   0.0136419
           8    -0.03928   0.0026691   0.0132472
           9   -0.003024  0.00203653   0.0117001
          10  -0.0309116 -0.00125828   0.0109713
          11    -0.02482 -0.00340025   0.0101524
          12   0.0184204 -0.00158187  0.00944455
          13   0.0554792  0.00280745  0.00973358
          14    0.012168  0.00347606  0.00903632
          15   0.0216492   0.0046876  0.00849915
          16    0.008584  0.00493113  0.00795395
          17   0.0033024  0.00483532  0.00747205
          18     0.01385  0.00533613   0.0070625
          19  -0.0301644  0.00346768  0.00693683
          20   0.0657556  0.00658208   0.0072806
           1    0.432204    0.432204           0
           2    0.454919    0.443562   0.0113574
           3    0.480832    0.455985   0.0140476
           4    0.472194    0.460037   0.0107279
           5    0.497818    0.467594   0.0112316
           6    0.484282    0.470375  0.00958306
           7    0.486924    0.472739  0.00843716
           8    0.419524    0.466087  0.00988117
           9    0.455145    0.464871  0.00879878
          10     0.40372    0.458756  0.00996645
          11    0.468723    0.459662  0.00906041
          12    0.479206    0.461291  0.00842981
          13    0.479541    0.462695  0.00788035
          14    0.458066    0.462364  0.00730328
          15    0.466384    0.462632  0.00680426
          16    0.465192    0.462792  0.00636681
          17    0.443474    0.461656  0.00608758
          18     0.47751    0.462536  0.00580661
          19    0.466283    0.462734  0.00549605
          20    0.490549    0.464124  0.00539631
           1  -0.0337756  -0.0337756           0
           2  -0.0100996  -0.0219376    0.011838
           3  -0.0271016  -0.0236589   0.0070481
           4   0.0052176  -0.0164398  0.00877233
           5   0.0429976 -0.00455232   0.0136925
           6   0.0051932 -0.00292807   0.0112972
           7   -0.017832  -0.0050572  0.00978243
           8   -0.016706  -0.0065133  0.00859606
           9   0.0112572  -0.0045388  0.00783392
          10  -0.0006912 -0.00415404  0.00701743
          11   0.0103908 -0.00283178  0.00648376
          12   0.0031328 -0.00233473  0.00593967
          13   0.0214048-0.000508615   0.0057608
          14   0.0350724  0.00203289  0.00590805
          15   0.0246532  0.00354091  0.00570308
          16  -0.0158176    0.002331  0.00547023
          17    0.023012  0.00354753  0.00528043
          18   0.0019852  0.00346073  0.00497919
          19  -0.0032132  0.00310947  0.00472292
          20   0.0551596  0.00571198  0.00518155
           1    0.374085    0.374085           0
           2    0.379806    0.376945   0.0028604
           3    0.389279    0.381056  0.00443049
           4    0.390575    0.383436   0.0039341
           5    0.419949    0.390739  0.00791295
           6    0.396351    0.391674  0.00652826
           7    0.389058      0.3913  0.00553002
           8    0.366393    0.388187  0.00571221
           9    0.397686    0.389242  0.00514708
          10    0.341124    0.384431  0.00665944
          11    0.393286    0.385236  0.00607725
          12     0.40037    0.386497   0.0056893
          13    0.403054     0.38777  0.00538614
          14     0.39464    0.388261  0.00501069
          15    0.386917    0.388171  0.00466555
          16    0.377102     0.38748  0.00441872
          17    0.395214    0.387935  0.00417553
          18    0.395767     0.38837   0.0039607
          19    0.372623    0.387541  0.00383702
          20    0.389803    0.387654  0.00364187
           1  -0.0072528  -0.0072528           0
           2  -0.0039308  -0.0055918    0.001661
           3   -0.017022 -0.00940187   0.0039289
           4   0.0148368  -0.0033422  0.00666616
           5   0.0317036  0.00366696   0.0087058
           6   0.0160876  0.00573707  0.00740356
           7   0.0123808  0.00668617  0.00632872
           8  -0.0041136   0.0053362  0.00564464
           9  -0.0127784  0.00332347   0.0053696
          10  -0.0182372   0.0011674  0.00526448
          11   0.0260616  0.00343051  0.00527232
          12   0.0045944   0.0035275  0.00481392
          13   0.0293764  0.00551588   0.0048541
          14   0.0259292  0.00697397  0.00472465
          15   0.0114528  0.00727256  0.00440853
          16  -0.0131924   0.0059935  0.00431761
          17    -0.00808  0.00516565  0.00413932
          18    0.019042  0.00593656    0.003978
          19  -0.0157192  0.00479678  0.00393164
          20   0.0398572   0.0065498   0.0041213
           1    0.321104    0.321104           0
           2    0.332844    0.326974     0.00587
           3    0.325944    0.326631  0.00340641
           4    0.339348     0.32981   0.0039886
           5    0.344784    0.332805   0.0043028
           6      0.3498    0.335637  0.00451281
           7    0.331679    0.335072  0.00385572
           8    0.314832    0.332542  0.00418936
           9    0.337651     0.33311  0.00373802
          10     0.28364    0.328163  0.00597081
          11    0.351668    0.330299  0.00580815
          12     0.32409    0.329782  0.00532728
          13    0.362348    0.332287  0.00550358
          14    0.330789     0.33218  0.00509645
          15    0.344981    0.333033  0.00482067
          16    0.338203    0.333357  0.00452089
          17    0.325007    0.332865  0.00427494
          18    0.336226    0.333052  0.00403478
          19     0.30887    0.331779  0.00402315
          20     0.35621    0.333001  0.00400741
           1  -0.0151176  -0.0151176           0
           2   0.0048324  -0.0051426    0.009975
           3  -0.0147268 -0.00833733  0.00658583
           4   0.0091176  -0.0039736  0.00638191
           5   0.0272764   0.0022764  0.00796867
           6   0.0122376   0.0039366  0.00671487
           7  -0.0038852   0.0028192  0.00578406
           8   0.0130924  0.00410335  0.00517113
           9  -0.0057628  0.00300711  0.00469041
          10  -0.0182816  0.00087824  0.00470447
          11   0.0280188  0.00334556  0.00491891
          12  -0.0028832   0.0028265  0.00452024
          13   0.0007688  0.00266822  0.00416102
          14   0.0198896  0.00389831  0.00404398
          15  -0.0095492  0.00300181  0.00387002
          16  -0.0163404  0.00179292  0.00381658
          17   0.0025632  0.00183824  0.00358534
          18    0.018492  0.00276344  0.00350462
          19  -0.0260824  0.00124524  0.00364615
          20    0.031586  0.00276228  0.00377709
           1    0.276474    0.276474           0
           2    0.284478    0.280476   0.0040018
           3     0.27525    0.278734  0.00289352
           4    0.295998     0.28305  0.00477644
           5    0.296044    0.285649  0.00452125
           6    0.305773    0.289003  0.00498772
           7     0.28223    0.288035  0.00432501
           8    0.277479    0.286716   0.0039712
           9    0.279797    0.285947  0.00358565
          10    0.240032    0.281356  0.00560064
          11    0.303698    0.283387  0.00545797
          12     0.28227    0.283294   0.0049833
          13    0.289782    0.283793  0.00461106
          14    0.285984    0.283949  0.00427188
          15    0.288897    0.284279  0.00399056
          16     0.28938    0.284598  0.00374642
          17    0.283944     0.28456  0.00351935
          18    0.305812     0.28574  0.00352189
          19    0.257074    0.284232   0.0036571
          20    0.297674    0.284904  0.00353393
           1  -0.0183276  -0.0183276           0
           2   -0.003444  -0.0108858   0.0074418
           3  -0.0108792  -0.0108836  0.00429653
           4   0.0212636  -0.0028468  0.00859187
           5   0.0211048  0.00194352  0.00819996
           6   0.0043388  0.00234273  0.00670713
           7   0.0016024  0.00223697  0.00566954
           8  -0.0003316   0.0019159  0.00492046
           9    0.000238  0.00172947  0.00434344
          10  -0.0184344 -0.00028692  0.00437701
          11   0.0090844 0.000565018  0.00404977
          12   0.0129888  0.00160033  0.00383915
          13  -0.0025508  0.00128102  0.00354591
          14     0.00574  0.00159951  0.00329829
          15  -0.0012012   0.0014128  0.00307622
          16   -0.007494 0.000856125  0.00293089
          17   0.0005852 0.000840188  0.00275314
          18    0.021826  0.00200607  0.00284549
          19  -0.0112276  0.00130956  0.00278023
          20    0.014584  0.00197328  0.00271978
           1    0.231505    0.231505           0
           2    0.242567    0.237036    0.005531
           3    0.232722    0.235598  0.00350214
           4    0.254449    0.240311  0.00532375
           5    0.262662    0.244781  0.00608178
           6    0.259547    0.247242   0.0055421
           7    0.248965    0.247488   0.0046904
           8     0.23403    0.245806   0.0043966
           9    0.241852    0.245367  0.00390225
          10    0.211793    0.242009  0.00484291
          11    0.253962    0.243096  0.00451333
          12    0.251272    0.243777  0.00417605
          13    0.256145    0.244729  0.00395746
          14    0.251568    0.245217  0.00369632
          15    0.253975    0.245801  0.00349027
          16    0.248018     0.24594  0.00326778
          17    0.244564    0.245859  0.00307061
          18    0.263464    0.246837  0.00305576
          19    0.223717     0.24562  0.00313614
          20    0.237734    0.245226  0.00300122
           1  -0.0107724  -0.0107724           0
           2    0.009382  -0.0006952   0.0100772
           3   -0.007078  -0.0028228  0.00619489
           4    0.007538  -0.0002326  0.00508896
           5   0.0044668  0.00070728  0.00405239
           6   0.0064304  0.00166113  0.00344351
           7   0.0112596  0.00303234  0.00321715
           8  -0.0100848   0.0013927  0.00323279
           9   0.0129548  0.00267738  0.00312713
          10  -0.0226032  0.00014932  0.00377017
          11  -0.0024284-8.50182e-05  0.00341829
          12   0.0001796-6.29667e-05  0.00312054
          13   0.0077688 0.000539477  0.00293301
          14    0.001702 0.000622514  0.00271671
          15   0.0081204  0.00112237  0.00257805
          16  -0.0153448  9.3175e-05  0.00262198
          17  -0.0153536-0.000815459  0.00262519
          18   0.0179232 0.000225578  0.00268507
          19  -0.0076268-0.000187705  0.00257323
          20   0.0099348  0.00031842   0.0024931
           1    0.196334    0.196334           0
           2    0.215922    0.206128   0.0097942
           3    0.196856    0.203038  0.00644416
           4    0.212603    0.205429  0.00514606
           5    0.213625    0.207068     0.00431
           6    0.221335    0.209446  0.00424714
           7    0.229379    0.212293  0.00458181
           8    0.191296    0.209669  0.00475746
           9    0.212102    0.209939  0.00420439
          10    0.192467    0.208192   0.0041466
          11    0.216011    0.208903  0.00381749
          12    0.222477    0.210034  0.00366388
          13    0.223295    0.211054  0.00352126
          14    0.223205    0.211922  0.00337361
          15    0.221115    0.212535  0.00319989
          16    0.207679    0.212231  0.00300857
          17     0.20491    0.211801  0.00285869
          18    0.231447    0.212892  0.00290782
          19    0.203055    0.212374  0.00279883
          20    0.210908    0.212301  0.00265621
           1   -0.014588   -0.014588           0
           2    0.001016   -0.006786    0.007802
           3  -0.0051756  -0.0062492  0.00453636
           4  -0.0006552  -0.0048507   0.0034993
           5    0.002842 -0.00331216  0.00311675
           6  -0.0002648 -0.00280427  0.00259501
           7   0.0148572  -0.0002812  0.00334304
           8  -0.0159224 -0.00223635   0.0034935
           9   0.0089684-0.000991378  0.00332301
          10  -0.0176268 -0.00265492  0.00340606
          11    -0.00678 -0.00302993  0.00310364
          12  -0.0015656  -0.0029079  0.00283585
          13   0.0060776 -0.00221671  0.00269862
          14   -0.005084 -0.00242151  0.00250682
          15   0.0074528 -0.00176323  0.00242479
          16  -0.0195196   -0.002873  0.00252512
          17   -0.002002 -0.00282176  0.00237249
          18    0.014742   -0.001846  0.00244037
          19   -0.005756 -0.00205179  0.00231752
          20   0.0085048 -0.00152396  0.00226106
           1    0.180096    0.180096           0
           2    0.181048    0.180572    0.000476
           3    0.180594     0.18058 0.000274917
           4     0.18349    0.181307 0.000752992
           5    0.193614    0.183769   0.0025296
           6    0.189638    0.184747  0.00228533
           7    0.206886     0.18791  0.00370587
           8    0.171817    0.185898  0.00378769
           9    0.189826    0.186334  0.00336882
          10    0.172914    0.184992   0.0032985
          11    0.178679    0.184418  0.00303831
          12    0.191266    0.184989  0.00283167
          13    0.192341    0.185555  0.00266544
          14    0.179469     0.18512  0.00250572
          15      0.1912    0.185525  0.00236765
          16    0.174811    0.184856  0.00231375
          17    0.179247    0.184526  0.00219829
          18    0.195834    0.185154  0.00216568
          19    0.177447    0.184748  0.00208831
          20    0.190767    0.185049  0.00200387
           1  -0.0125832  -0.0125832           0
           2  -0.0062964  -0.0094398   0.0031434
           3  -0.0043488  -0.0077428  0.00248465
           4   0.0064788  -0.0041874   0.0039658
           5  -0.0013944  -0.0036288  0.00312227
           6   0.0030072  -0.0025228   0.0027789
           7   0.0089256-0.000887314  0.00286195
           8  -0.0141772 -0.00254855  0.00298375
           9   0.0097152 -0.00118591   0.0029633
          10  -0.0106952 -0.00213684  0.00281588
          11   -0.007132 -0.00259095  0.00258722
          12  -0.0031528 -0.00263777  0.00236227
          13   0.0077224 -0.00184083   0.0023145
          14   0.0001708 -0.00169714  0.00214762
          15   0.0106412-0.000874587  0.00216192
          16  -0.0165308  -0.0018531  0.00224659
          17  -0.0082388 -0.00222873  0.00214347
          18    0.016828 -0.00117002  0.00228141
          19  -0.0004884 -0.00113415   0.0021583
          20    0.010878 -0.00053354  0.00213381
           1    0.159514    0.159514           0
           2    0.155464    0.157489   0.0020248
           3    0.153603    0.156193  0.00174485
           4    0.170998    0.159895  0.00390146
           5     0.16776    0.161468  0.00340696
           6    0.168846    0.162697  0.00304142
           7    0.173631    0.164259  0.00300783
           8    0.151068     0.16261   0.0030829
           9    0.170963    0.163539   0.0028729
          10     0.16364    0.163549  0.00256962
          11    0.165472    0.163724  0.00233087
          12    0.173725    0.164557   0.0022852
          13    0.174552    0.165326  0.00223826
          14    0.162778    0.165144   0.0020802
          15    0.174544    0.165771  0.00203544
          16    0.152135    0.164918    0.002086
          17    0.157657    0.164491  0.00200548
          18    0.177647    0.165222  0.00202712
          19    0.162897      0.1651  0.00192137
          20    0.175031    0.165596   0.0018892
           1  -0.0148188  -0.0148188           0
           2  -0.0055724  -0.0101956   0.0046232
           3   0.0002196 -0.00672387  0.00437922
           4   0.0015168  -0.0046637  0.00371929
           5   0.0110716 -0.00151664   0.0042666
           6   0.0007212 -0.00114367  0.00350357
           7   0.0069464 1.20571e-05  0.00317861
           8   -0.015802  -0.0019647  0.00338899
           9   0.0092024-0.000723911  0.00323613
          10  -0.0068664 -0.00133816  0.00295894
          11   0.0022284 -0.00101393  0.00269603
          12    0.002338  -0.0007346  0.00247693
          13   0.0004516-0.000643354  0.00228027
          14   0.0022204  -0.0004388    0.002121
          15   0.0143136 0.000544693  0.00220592
          16  -0.0150296  -0.0004287  0.00228152
          17  -0.0033072-0.000598024  0.00214979
          18   0.0005576-0.000533822  0.00202786
          19   -0.002108-0.000616674  0.00191995
          20   0.0087544 -0.00014812  0.00188073
           1    0.140848    0.140848           0
           2    0.136934    0.138891    0.001957
           3    0.141172    0.139651  0.00136173
           4    0.153585    0.143135  0.00361407
           5    0.148534    0.144215  0.00300045
           6    0.153192    0.145711  0.00287059
           7     0.14811    0.146054  0.00245018
           8    0.133151    0.144441  0.00266527
           9    0.149008    0.144948   0.0024047
          10    0.145186    0.144972  0.00215096
          11    0.148287    0.145273  0.00196882
          12     0.15631    0.146193  0.00201894
          13    0.155658    0.146921  0.00199478
          14    0.145812    0.146842  0.00184851
          15    0.160064    0.147723  0.00193349
          16    0.138946    0.147175  0.00188997
          17    0.137368    0.146598  0.00186669
          18    0.153521    0.146983  0.00180147
          19    0.144902    0.146873  0.00170753
          20    0.152481    0.147153    0.001644
           1  -0.0076864  -0.0076864           0
           2  -0.0023452  -0.0050158   0.0026706
           3  -0.0046056 -0.00487907  0.00154792
           4   0.0031068  -0.0028826  0.00227682
           5   0.0045696 -0.00139216  0.00230906
           6   0.0016924-0.000878067  0.00195417
           7   0.0020856-0.000454686  0.00170498
           8  -0.0120192 -0.00190025  0.00206637
           9   0.0078752-0.000814089   0.0021215
          10  -0.0060128 -0.00133396  0.00196745
          11   0.0025836-0.000977818  0.00181492
          12    0.006196    -0.00038  0.00176134
          13     0.00221-0.000180769   0.0016324
          14   0.0031396    5.64e-05  0.00152981
          15   0.0123132  0.00087352  0.00164193
          16  -0.0149964 -0.00011835  0.00182832
          17    0.003014 6.59059e-05  0.00172727
          18   0.0034368 0.000253178  0.00163921
          19   0.0007136 0.000277411  0.00155073
          20   0.0077396  0.00065052  0.00151773
           1    0.123688    0.123688           0
           2    0.126402    0.125045    0.001357
           3    0.122716    0.124269  0.00110296
           4    0.129032     0.12546  0.00142341
           5    0.136408    0.127649  0.00245157
           6    0.134947    0.128866  0.00234222
           7     0.13447    0.129666  0.00213531
           8    0.115543    0.127901  0.00255661
           9    0.132454    0.128407  0.00231077
          10    0.131158    0.128682  0.00208504
          11    0.129072    0.128717  0.00188632
          12    0.141286    0.129765  0.00201547
          13    0.139754    0.130533  0.00200689
          14    0.135198    0.130866  0.00188765
          15    0.143538    0.131711  0.00194982
          16    0.122343    0.131126  0.00191556
          17    0.127428    0.130908  0.00181245
          18    0.136213    0.131203  0.00173403
          19    0.131805    0.131234  0.00164053
          20     0.13512    0.131429  0.00156843
           1  -0.0082968  -0.0082968           0
           2  -0.0025196  -0.0054082   0.0028886
           3   -0.003344 -0.00472013   0.0018041
           4   0.0011724   -0.003247  0.00194872
           5    0.005064  -0.0015848  0.00224531
           6   0.0065424-0.000230267  0.00227941
           7  -0.0008888-0.000324343  0.00192875
           8  -0.0111232  -0.0016742   0.0021476
           9   0.0043572 -0.00100404  0.00200907
          10  -0.0070188 -0.00160552  0.00189495
          11    0.005372  -0.0009712  0.00182766
          12    0.008746-0.000161433  0.00185454
          13      0.0056 0.000281754  0.00176256
          14   0.0004696 0.000295171  0.00163187
          15   0.0101144 0.000949787  0.00165422
          16   -0.007072 0.000448425  0.00162658
          17   0.0054144 0.000740541  0.00155558
          18   0.0008416 0.000746156  0.00146662
          19   0.0013872 0.000779895   0.0013877
          20   0.0014868  0.00081524  0.00131696
           1    0.109306    0.109306           0
           2    0.120925    0.115116   0.0058094
           3     0.11393    0.114721  0.00337725
           4    0.114066    0.114557  0.00239367
           5    0.120164    0.115679   0.0021669
           6    0.122185    0.116763  0.00207513
           7    0.117585     0.11688  0.00175774
           8      0.1075    0.115708  0.00192145
           9     0.12055    0.116246  0.00177793
          10    0.114495    0.116071  0.00159985
          11    0.119644    0.116396  0.00148313
          12    0.127313    0.117305  0.00163119
          13    0.128474    0.118165  0.00172901
          14     0.12149    0.118402  0.00161828
          15    0.125815    0.118896  0.00158552
          16    0.110432    0.118367  0.00157463
          17    0.118802    0.118393  0.00147933
          18    0.120071    0.118486  0.00139784
          19    0.121034     0.11862  0.00132901
          20    0.116708    0.118525  0.00126443
           1  -0.0073924  -0.0073924           0
           2  -0.0008628  -0.0041276   0.0032648
           3    -0.00556 -0.00460507  0.00194447
           4  -0.0025276  -0.0040857  0.00146977
           5   0.0062328   -0.002022   0.0023569
           6   0.0150532 0.000823867  0.00343544
           7  -0.0032164 0.000246686  0.00296029
           8  -0.0151096 -0.00167285  0.00320267
           9   0.0003152 -0.00145196  0.00283312
          10  -0.0043616 -0.00174292  0.00255067
          11    -5.2e-05  -0.0015892  0.00231228
          12   0.0039028 -0.00113153  0.00215986
          13    0.008518-0.000389262  0.00212091
          14  -0.0010588-0.000437086  0.00196417
          15   0.0083836  0.00015096  0.00192077
          16   -0.004776-0.000156975  0.00182291
          17   0.0032888 4.57176e-05  0.00172428
          18   -0.002938-0.000120044   0.0016341
          19    0.003122 5.05895e-05  0.00155509
          20   0.0005252   7.432e-05  0.00147548
           1   0.0971732   0.0971732           0
           2    0.105354    0.101263   0.0040902
           3   0.0997768    0.100768  0.00241291
           4    0.101151    0.100864  0.00170887
           5    0.112507    0.103192  0.00267855
           6    0.114613    0.105096  0.00289932
           7    0.102514    0.104727  0.00247797
           8   0.0937456    0.103354  0.00254744
           9    0.105236    0.103563  0.00225635
          10    0.102083    0.103415  0.00202356
          11    0.109564    0.103974  0.00191383
          12     0.11198    0.104642  0.00187012
          13    0.120182    0.105837  0.00209482
          14    0.108452    0.106024   0.0019484
          15    0.112271     0.10644  0.00186107
          16    0.102961    0.106223   0.0017544
          17    0.112428    0.106588   0.0016879
          18     0.10571    0.106539  0.00159212
          19     0.11219    0.106836  0.00153508
          20   0.0982628    0.106408  0.00151809
           1  -0.0070748  -0.0070748           0
           2  -0.0014864  -0.0042806   0.0027942
           3  -0.0033512  -0.0039708  0.00164271
           4  -0.0055936  -0.0043765  0.00123038
           5   0.0080404 -0.00189312  0.00265998
           6     0.01406 0.000765733  0.00343315
           7  -0.0045084 1.22857e-05  0.00299777
           8   -0.014446   -0.001795  0.00316326
           9   0.0047524 -0.00106751  0.00288303
          10   -0.002074 -0.00116816  0.00258062
          11   0.0009676   -0.000974  0.00234232
          12   0.0012584-0.000787967  0.00214632
          13   0.0061088-0.000257446  0.00204436
          14  -0.0016776-0.000358886  0.00189543
          15   0.0039096  -7.432e-05  0.00178734
          16   -0.002498  -0.0002258  0.00167876
          17   0.0005624-0.000179435   0.0015776
          18  -0.0033364-0.000354822  0.00149768
          19   0.0032348-0.000165895   0.0014292
          20  -0.0040148 -0.00035834  0.00136945
           1   0.0913072   0.0913072           0
           2   0.0977012   0.0945042    0.003197
           3    0.094004   0.0943375   0.0018533
           4   0.0892324   0.0930612  0.00182927
           5    0.102994   0.0950478  0.00244011
           6    0.107342   0.0970967  0.00285792
           7    0.092272   0.0964075   0.0025118
           8   0.0855676   0.0950525  0.00256278
           9     0.10107   0.0957211  0.00235697
          10   0.0935464   0.0955036  0.00211933
          11   0.0963508   0.0955806  0.00191855
          12   0.0958316   0.0956015  0.00175151
          13    0.104969   0.0963221  0.00176495
          14   0.0977896   0.0964269  0.00163738
          15    0.104846   0.0969882  0.00162438
          16   0.0944036   0.0968267  0.00152803
          17   0.0982832   0.0969124  0.00143789
          18   0.0945756   0.0967825  0.00136186
          19   0.0999756   0.0969506   0.0012991
          20   0.0901288   0.0966095  0.00127877
           1  -0.0069184  -0.0069184           0
           2   0.0012332  -0.0028426   0.0040758
           3  -0.0043524 -0.00334587  0.00240638
           4  -0.0052964  -0.0038335  0.00177006
           5   0.0065476 -0.00175728  0.00248808
           6   0.0116592   0.0004788  0.00302111
           7  -0.0019076 0.000137886  0.00257596
           8  -0.0123424 -0.00142215   0.0027222
           9   0.0046052-0.000752444  0.00249242
          10  -0.0037904 -0.00105624  0.00224989
          11   0.0027132-0.000713564  0.00206375
          12   0.0017384-0.000509233  0.00189499
          13   0.0051884-7.09538e-05  0.00179739
          14    -0.00418-0.000364457  0.00168974
          15   0.0050704-2.13333e-06  0.00161425
          16   0.0012636  7.6975e-05  0.00151207
          17   0.0013104 0.000149529  0.00142219
          18   -0.005078-0.000140889  0.00137195
          19    0.001914-3.27368e-05  0.00130223
          20  -0.0029628 -0.00017924  0.00124406
           1   0.0807504   0.0807504           0
           2   0.0904552   0.0856028   0.0048524
           3   0.0850968   0.0854341  0.00280661
           4   0.0804248   0.0841818  0.00234667
           5   0.0936964   0.0860847  0.00263158
           6   0.0990716   0.0882492  0.00304988
           7    0.085646   0.0878773  0.00260431
           8   0.0767224    0.086483  0.00265162
           9   0.0929356   0.0871999  0.00244595
          10   0.0848432   0.0869642  0.00220038
          11    0.089958   0.0872364  0.00200884
          12   0.0869068   0.0872089  0.00183402
          13    0.095386   0.0878379  0.00180049
          14   0.0870808   0.0877839  0.00166781
          15    0.092704   0.0881119  0.00158692
          16   0.0913304    0.088313  0.00149799
          17   0.0887968   0.0883415  0.00140741
          18   0.0874228   0.0882904   0.0013279
          19   0.0904944   0.0884064  0.00126141
          20   0.0844128   0.0882068  0.00121322
           1  -0.0064816  -0.0064816           0
           2   -0.000636  -0.0035588   0.0029228
           3  -0.0094808  -0.0055328  0.00259697
           4  -0.0059004  -0.0056247  0.00183863
           5      0.0026 -0.00397976  0.00217582
           6   0.0096712  -0.0017046   0.0028866
           7   0.0033016-0.000989429  0.00254229
           8  -0.0081948  -0.0018901  0.00237879
           9   0.0042272  -0.0012104  0.00220526
          10   -0.003544 -0.00144376   0.0019862
          11     0.00249 -0.00108615  0.00183183
          12  -0.0020844 -0.00116933  0.00167429
          13   0.0047212-0.000716215   0.0016054
          14   0.0006056  -0.0006218   0.0014893
          15   0.0061856-0.000167973  0.00145885
          16   0.0022376 -1.7625e-05  0.00137289
          17   0.0026384 0.000138612  0.00129903
          18  -0.0056088-0.000180689  0.00126568
          19   0.0011024-0.000113158  0.00119912
          20    -0.00127   -0.000171  0.00113905
           1   0.0738688   0.0738688           0
           2   0.0844536   0.0791612   0.0052924
           3   0.0728864   0.0770696  0.00370288
           4   0.0743184   0.0763818  0.00270716
           5    0.085156   0.0781366  0.00273435
           6    0.091628   0.0803852  0.00316867
           7   0.0833204   0.0808045  0.00271065
           8    0.075318   0.0801187  0.00244562
           9   0.0836776   0.0805141  0.00219278
          10   0.0784024    0.080303  0.00197262
          11   0.0844824   0.0806829  0.00182431
          12   0.0801824   0.0806412  0.00166588
          13   0.0869108   0.0811235  0.00160648
          14   0.0836172   0.0813016  0.00149794
          15   0.0873256   0.0817032  0.00145119
          16   0.0826936   0.0817651  0.00135887
          17   0.0845616   0.0819296  0.00128699
          18   0.0776784   0.0816934  0.00123616
          19   0.0826012   0.0817412  0.00117027
          20    0.078806   0.0815944  0.00111987
           1  -0.0064536  -0.0064536           0
           2  -0.0005828  -0.0035182   0.0029354
           3  -0.0100012  -0.0056792  0.00274629
           4   -0.004726  -0.0054409  0.00195649
           5   0.0023448 -0.00388376  0.00217288
           6   0.0064432  -0.0021626  0.00247184
           7   0.0019472 -0.00157549  0.00217002
           8  -0.0068744 -0.00223785   0.0019926
           9   0.0025728 -0.00170333   0.0018368
          10  -0.0045676 -0.00198976  0.00166767
          11   0.0028368 -0.00155098  0.00157098
          12  -0.0001432 -0.00143367  0.00143889
          13   0.0031288 -0.00108271  0.00136933
          14   0.0001176-0.000996971  0.00127065
          15   0.0056728 -0.00055232  0.00126372
          16   0.0026844-0.000350025  0.00119929
          17   0.0038856-0.000100871  0.00115376
          18  -0.0075904-0.000516956  0.00116464
          19    -0.00011-0.000495537  0.00110184
          20  -0.0043356 -0.00068754  0.00106279
           1   0.0681796   0.0681796           0
           2    0.074812   0.0714958   0.0033162
           3   0.0656628   0.0695515  0.00272877
           4   0.0680072   0.0691654  0.00196777
           5   0.0757948   0.0704913  0.00202021
           6     0.08226   0.0724527  0.00256283
           7   0.0784564   0.0733104  0.00232962
           8   0.0688432    0.072752  0.00209336
           9   0.0781316   0.0733497  0.00194052
          10   0.0717292   0.0731877   0.0017432
          11   0.0804136   0.0738446  0.00170815
          12   0.0740588   0.0738624  0.00155942
          13   0.0758548   0.0740157  0.00144262
          14   0.0767104   0.0742082  0.00134941
          15   0.0793492   0.0745509  0.00130215
          16   0.0790636   0.0748329  0.00125027
          17   0.0777308   0.0750034  0.00118673
          18   0.0705624   0.0747567  0.00114574
          19   0.0753552   0.0747882  0.00108422
          20   0.0723148   0.0746645  0.00103599
           1  -0.0058308  -0.0058308           0
           2    0.000208  -0.0028114   0.0030194
           3  -0.0128484 -0.00615707  0.00377259
           4   -0.003748  -0.0055548  0.00273476
           5   0.0008932  -0.0042652  0.00248001
           6   0.0038032 -0.00292047  0.00243076
           7   0.0052652 -0.00175109  0.00236387
           8  -0.0082452 -0.00256285  0.00220224
           9   0.0036812 -0.00186907  0.00206239
          10  -0.0058708 -0.00226924  0.00188757
          11   0.0039988 -0.00169942  0.00179994
          12  -0.0015304 -0.00168533  0.00164318
          13   0.0035576 -0.00128203  0.00156438
          14   0.0019272  -0.0010528  0.00146637
          15   0.0046176-0.000674773  0.00141649
          16   0.0055964-0.000282825  0.00138176
          17   0.0012472-0.000192824  0.00130105
          18  -0.0072248-0.000583489  0.00128735
          19   0.0004208-0.000530632  0.00121886
          20  -0.0064748 -0.00082784   0.0011939
           1   0.0647656   0.0647656           0
           2    0.071536   0.0681508   0.0033852
           3   0.0579908   0.0647641  0.00391016
           4   0.0639244   0.0645542  0.00277286
           5   0.0694684    0.065537  0.00236204
           6   0.0729632   0.0667747  0.00229159
           7   0.0743124   0.0678515  0.00221596
           8   0.0644956   0.0674321  0.00196439
           9   0.0750376   0.0682771  0.00192755
          10   0.0657436   0.0680238  0.00174257
          11   0.0758364    0.068734  0.00172884
          12   0.0676372   0.0686426  0.00158085
          13   0.0736584   0.0690284  0.00150449
          14   0.0721204   0.0692493  0.00141029
          15   0.0737668   0.0695505    0.001347
          16   0.0746708   0.0698705  0.00130001
          17   0.0724104   0.0700199  0.00123026
          18   0.0648936   0.0697351  0.00119435
          19    0.069256   0.0697099  0.00113002
          20     0.06528   0.0694884  0.00109467
           1  -0.0043044  -0.0043044           0
           2   0.0016272  -0.0013386   0.0029658
           3  -0.0120564  -0.0049112  0.00396175
           4  -0.0021424   -0.004219  0.00288563
           5   -0.001042  -0.0035836  0.00232376
           6   0.0033912 -0.00242113  0.00222514
           7   0.0044568 -0.00143857   0.0021218
           8   -0.005182  -0.0019065  0.00189617
           9   0.0031028 -0.00134991  0.00176246
          10  -0.0049608   -0.001711  0.00161722
          11   0.0033772 -0.00124844  0.00153422
          12     0.00021  -0.0011269  0.00140581
          13   0.0017368-0.000906615  0.00131179
          14    0.001354-0.000745143  0.00122517
          15   0.0048556 -0.00037176  0.00120013
          16   0.0034476 -0.00013305  0.00114772
          17   0.0003616-0.000103953  0.00107848
          18  -0.0058728-0.000424444  0.00106612
          19    3.36e-05-0.000400337  0.00100873
          20  -0.0071352 -0.00073708  0.00101449
           1     0.06082     0.06082           0
           2   0.0673936   0.0641068   0.0032868
           3   0.0549932   0.0610689  0.00358185
           4   0.0619292    0.061284  0.00254187
           5   0.0645256   0.0619323  0.00207291
           6   0.0681048   0.0629611  0.00198065
           7    0.067998   0.0636806  0.00182206
           8    0.059924   0.0632111  0.00164634
           9     0.06824   0.0637698  0.00155574
          10   0.0599356   0.0633864  0.00144336
          11     0.06856   0.0638567   0.0013877
          12   0.0635848   0.0638341  0.00126699
          13   0.0656152   0.0639711  0.00117349
          14    0.066806   0.0641736  0.00110515
          15   0.0685936   0.0644682   0.0010702
          16   0.0689456   0.0647481  0.00103946
          17   0.0661088   0.0648281 0.000979678
          18   0.0615896   0.0646482  0.00094101
          19   0.0631668   0.0645702 0.000893514
          20   0.0601372   0.0643486 0.000876162
           1  -0.0045368  -0.0045368           0
           2   0.0024372  -0.0010498    0.003487
           3  -0.0089972 -0.00369893  0.00332731
           4  -0.0024192   -0.003379  0.00237441
           5  -0.0006188 -0.00282696  0.00192027
           6   0.0037456 -0.00173153  0.00191266
           7    0.003698-0.000955886  0.00179295
           8  -0.0040196 -0.00133885  0.00159927
           9   0.0026124-0.000899822  0.00147717
          10  -0.0045404 -0.00126388  0.00137046
          11   0.0013424 -0.00102695  0.00126207
          12  -0.0005932  -0.0009908  0.00115267
          13   0.0016776-0.000785538  0.00107999
          14   0.0027056-0.000536171   0.0010305
          15   0.0045564-0.000196667  0.00101765
          16   0.0045756   0.0001016 0.000997559
          17  -0.0003072 7.75529e-05 0.000937352
          18  -0.0050168-0.000205467 0.000927956
          19    0.002474-6.44421e-05 0.000889015
          20  -0.0084628 -0.00048436 0.000942149
           1   0.0575488   0.0575488           0
           2   0.0632036   0.0603762   0.0028274
           3    0.052432   0.0577281  0.00311079
           4   0.0573536   0.0576345  0.00220165
           5   0.0614332   0.0583942  0.00186697
           6   0.0658572   0.0596381  0.00196744
           7    0.064426   0.0603221  0.00179797
           8   0.0569736   0.0599035  0.00161237
           9   0.0632864   0.0602794  0.00147081
          10   0.0578604   0.0600375  0.00133759
          11   0.0624404   0.0602559  0.00122946
          12   0.0595824   0.0601998  0.00112374
          13    0.061926   0.0603326  0.00104218
          14   0.0645092   0.0606309  0.00100994
          15    0.065652   0.0609657 0.000998016
          16    0.065654   0.0612587 0.000978464
          17   0.0610196   0.0612446 0.000919215
          18   0.0594964   0.0611475 0.000872069
          19   0.0618956   0.0611869 0.000825834
          20   0.0538204   0.0608185 0.000865716
           1  -0.0025164  -0.0025164           0
           2    0.000904  -0.0008062   0.0017102
           3  -0.0057584 -0.00245693   0.0019235
           4  -0.0015416  -0.0022281  0.00137923
           5   0.0001204  -0.0017584  0.00116704
           6   0.0043228-0.000744867  0.00139113
           7   0.0042956   -2.48e-05   0.0013787
           8   -0.003012  -0.0003982  0.00125101
           9   0.0034404 2.83111e-05  0.00118286
          10  -0.0042384 -0.00039836  0.00114078
          11   0.0027124-0.000115564  0.00106992
          12  -0.0008264  -0.0001748 0.000978498
          13  -0.0007632-0.000220062 0.000901224
          14   0.0015564-9.31714e-05 0.000843965
          15   0.0040452  0.00018272  0.00083272
          16   0.0043492 0.000443125 0.000821313
          17    5.28e-05 0.000420165 0.000771831
          18  -0.0033492 0.000210756 0.000757221
          19    0.001086 0.000256821 0.000717739
          20  -0.0078656  -0.0001493 0.000792824
           1    0.053228    0.053228           0
           2   0.0597164   0.0564722   0.0032442
           3   0.0512544   0.0547329  0.00255604
           4   0.0546176   0.0547041  0.00180762
           5   0.0572316   0.0552096  0.00148863
           6   0.0626592   0.0564512   0.0017375
           7   0.0598796    0.056941  0.00154798
           8   0.0544876   0.0566343  0.00137522
           9    0.059226   0.0569223  0.00124655
          10   0.0527932   0.0565094  0.00118895
          11   0.0587612   0.0567141  0.00109476
          12   0.0557856   0.0566367  0.00100236
          13   0.0561908   0.0566024 0.000922676
          14   0.0593932   0.0568017 0.000877183
          15   0.0603992   0.0570416 0.000851102
          16   0.0612348   0.0573036  0.00083816
          17    0.057478   0.0573139 0.000787381
          18   0.0544024   0.0571522 0.000759767
          19   0.0584152   0.0572186 0.000721736
          20   0.0505684   0.0568861 0.000761168
           1  -0.0030124  -0.0030124           0
           2   0.0026508  -0.0001808   0.0028316
           3    -0.00424 -0.00153387  0.00212213
           4  -0.0010088  -0.0014026   0.0015063
           5  -0.0003568 -0.00119344  0.00118538
           6   0.0040536-0.000318933  0.00130442
           7   0.0038472 0.000276229  0.00125283
           8   -0.004636  -0.0003378  0.00124668
           9   0.0021864-5.73333e-05  0.00113468
          10   -0.003252  -0.0003768  0.00106398
          11   0.0037032-5.89091e-06  0.00103141
          12   0.0015604 0.000124633 0.000950546
          13  -0.0020528-4.28615e-05 0.000890273
          14   0.0001432-2.95714e-05  0.00082434
          15    0.003952 0.000235867 0.000812028
          16    0.001468 0.000312875 0.000763476
          17   0.0014752 0.000381247 0.000720413
          18  -0.0022684 0.000234044  0.00069498
          19   0.0012404 0.000287011 0.000659515
          20  -0.0081632  -0.0001355  0.00075497
           1    0.050636    0.050636           0
           2   0.0557448   0.0531904   0.0025544
           3   0.0497188   0.0520332  0.00187459
           4    0.050792   0.0517229  0.00136137
           5   0.0529696   0.0519722  0.00108359
           6   0.0592664   0.0531879  0.00150356
           7    0.057408   0.0537908  0.00140649
           8   0.0489956   0.0531914  0.00135755
           9     0.05622   0.0535279  0.00124364
          10   0.0502276   0.0531979  0.00116027
          11   0.0557228   0.0534274  0.00107432
          12   0.0542768   0.0534982 0.000983263
          13   0.0510312   0.0533084 0.000924164
          14   0.0555532   0.0534688 0.000870504
          15   0.0562408   0.0536536 0.000831199
          16   0.0555616   0.0537728 0.000786607
          17   0.0543308   0.0538056 0.000739618
          18   0.0506836   0.0536322 0.000718566
          19   0.0539248   0.0536476 0.000679869
          20   0.0462972   0.0532801 0.000742342
           1   -0.004498   -0.004498           0
           2      0.0016   -0.001449    0.003049
           3  -0.0029676  -0.0019552  0.00183168
           4  -0.0005332  -0.0015997  0.00134309
           5   0.0006164 -0.00115648  0.00113083
           6     0.00216-0.000603733  0.00107613
           7   0.0030792   -7.76e-05  0.00105071
           8  -0.0036248   -0.000521  0.00101223
           9   0.0012712-0.000321867  0.00091464
          10  -0.0029292  -0.0005826 0.000858623
          11   0.0029016-0.000265855 0.000838761
          12   0.0029832     4.9e-06 0.000812142
          13  -0.0014704-0.000108585 0.000755632
          14   0.0006556    -5.4e-05 0.000701706
          15   0.0040272  0.00021808 0.000707648
          16   0.0019204 0.000324475  0.00067044
          17    0.001188 0.000375271 0.000631814
          18  -0.0034636    0.000162 0.000632708
          19   0.0006988 0.000190253 0.000599148
          20  -0.0078516 -0.00021184 0.000696247
           1    0.046914    0.046914           0
           2   0.0523332   0.0496236   0.0027096
           3   0.0471924   0.0488132  0.00176183
           4     0.04822   0.0486649   0.0012546
           5   0.0504216   0.0490162  0.00103337
           6   0.0541928    0.049879  0.00120675
           7   0.0541128   0.0504838  0.00118575
           8   0.0477432   0.0501412  0.00108253
           9   0.0532508   0.0504868  0.00101529
          10   0.0465832   0.0500964 0.000988451
          11    0.052038   0.0502729 0.000911344
          12   0.0524616   0.0504553 0.000851698
          13   0.0486772   0.0503185 0.000795298
          14    0.052038   0.0504413 0.000746476
          15   0.0538644   0.0506695 0.000731442
          16   0.0512776   0.0507076 0.000685256
          17   0.0516136   0.0507608 0.000645888
          18   0.0481544    0.050616 0.000625929
          19   0.0509972   0.0506361 0.000592409
          20   0.0445228   0.0503304 0.000639754
           1  -0.0050932  -0.0050932           0
           2    0.000566  -0.0022636   0.0028296
           3   -0.002934 -0.00248707  0.00164888
           4  -0.0014352  -0.0022241  0.00119522
           5  -0.0005948 -0.00189824 0.000981489
           6   0.0038048-0.000947733  0.00124325
           7   0.0035624-0.000303429  0.00123255
           8  -0.0028196 -0.00061795  0.00111279
           9    0.001988  -0.0003284  0.00102322
          10  -0.0027604  -0.0005716 0.000946954
          11   0.0027216-0.000272218 0.000907365
          12   0.0027456-2.07333e-05 0.000865643
          13  -0.0005132-5.86154e-05 0.000797176
          14  -0.0005032-9.03714e-05 0.000738725
          15    0.004836 0.000238053 0.000762112
          16   0.0008576 0.000276775 0.000713941
          17   0.0009736 0.000317765 0.000671883
          18  -0.0040056 7.75778e-05 0.000677464
          19   0.0017716 0.000166737  0.00064699
          20  -0.0049384  -8.852e-05  0.00066475
           1   0.0431548   0.0431548           0
           2   0.0479404   0.0455476   0.0023928
           3   0.0442748   0.0451233  0.00144516
           4   0.0455152   0.0452213  0.00102657
           5   0.0469216   0.0455614 0.000864841
           6   0.0524284   0.0467059  0.00134482
           7   0.0506824   0.0472739  0.00127064
           8    0.045634    0.047069  0.00111933
           9   0.0505948   0.0474607  0.00106206
          10   0.0439632    0.047111  0.00101227
          11   0.0491288   0.0472944 0.000933829
          12   0.0500568   0.0475246    0.000883
          13    0.045722   0.0473859 0.000823993
          14    0.048178   0.0474425 0.000764964
          15   0.0508008   0.0476664 0.000746507
          16   0.0491044   0.0477563 0.000704053
          17   0.0483196   0.0477894 0.000662173
          18   0.0441504   0.0475872  0.00065622
          19   0.0484816   0.0476343 0.000622504
          20   0.0443064   0.0474679 0.000613554
           1   -0.004354   -0.004354           0
           2   0.0007928  -0.0017806   0.0025734
           3  -0.0023212  -0.0019608  0.00149664
           4  -0.0024156  -0.0020745  0.00106438
           5  -0.0027108 -0.00220176 0.000834225
           6   0.0037132 -0.00121593  0.00119825
           7   0.0027256-0.000652857  0.00115872
           8  -0.0020656 -0.00082945   0.0010189
           9   0.0019204-0.000523911 0.000949111
          10   -0.002826 -0.00075412 0.000879571
          11   0.0032956-0.000385964 0.000876654
          12   0.0026712  -0.0001312 0.000839845
          13  -0.0006924-0.000174369  0.00077375
          14    7.92e-05-0.000156257 0.000716582
          15   0.0053552 0.000211173 0.000761597
          16   -1.28e-05 0.000197175 0.000712546
          17   0.0007668 0.000230682 0.000670159
          18  -0.0038788 2.37778e-06 0.000671814
          19    0.001204 6.56211e-05 0.000638612
          20  -0.0054844 -0.00021188  0.00066637
           1   0.0413152   0.0413152           0
           2   0.0446416   0.0429784   0.0016632
           3   0.0419196   0.0426255  0.00102305
           4   0.0429408   0.0427043 0.000727691
           5   0.0430396   0.0427714 0.000567642
           6   0.0498632   0.0439533   0.0012696
           7   0.0480844   0.0445435  0.00122459
           8   0.0422696   0.0442592  0.00109795
           9   0.0477792   0.0446504  0.00104431
          10   0.0415424   0.0443396 0.000984406
          11   0.0466252   0.0445473 0.000914351
          12   0.0480048   0.0448355 0.000883013
          13    0.044012   0.0447721  0.00081472
          14   0.0454676   0.0448218 0.000755919
          15   0.0492244   0.0451153 0.000762477
          16   0.0459056   0.0451647  0.00071494
          17   0.0458684   0.0452061 0.000672844
          18   0.0424872    0.045055 0.000652098
          19   0.0469172   0.0451531 0.000624561
          20    0.040724   0.0449316 0.000632543
           1  -0.0036852  -0.0036852           0
           2   0.0016544  -0.0010154   0.0026698
           3  -0.0022844  -0.0014384   0.0015984
           4   -0.002292  -0.0016518  0.00115021
           5  -0.0022284 -0.00176712 0.000898379
           6   0.0025124 -0.00105387  0.00102313
           7   0.0030596-0.000466229  0.00104548
           8  -0.0040464 -0.00091375  0.00100997
           9   0.0031368-0.000463689 0.000997959
          10  -0.0014988  -0.0005672 0.000898583
          11    0.002226-0.000313273 0.000851541
          12   0.0019412  -0.0001254 0.000799728
          13  -0.0007668-0.000174738 0.000737295
          14   0.0002108  -0.0001472 0.000683158
          15   0.0044508 0.000159333 0.000706003
          16  -0.0004456 0.000121525 0.000661487
          17    0.001726 0.000215906 0.000628485
          18  -0.0025156 6.41556e-05 0.000611665
          19   0.0019104 0.000161326  0.00058668
          20  -0.0041652    -5.5e-05 0.000597136
           1   0.0398624   0.0398624           0
           2   0.0435172   0.0416898   0.0018274
           3    0.040306   0.0412285  0.00115148
           4   0.0403504    0.041009 0.000843293
           5   0.0408096   0.0409691 0.000654428
           6   0.0460696   0.0418192  0.00100407
           7   0.0455064   0.0423459 0.000998783
           8   0.0394496   0.0419839 0.000937684
           9   0.0454112   0.0423647 0.000910428
          10   0.0399568   0.0421239 0.000849166
          11   0.0430876   0.0422115  0.00077308
          12   0.0450352   0.0424468 0.000743917
          13   0.0421412   0.0424233 0.000684708
          14   0.0437316   0.0425168 0.000640767
          15   0.0464404   0.0427783 0.000651352
          16   0.0433068   0.0428114 0.000610179
          17   0.0441048   0.0428875 0.000578191
          18   0.0402724   0.0427422 0.000564151
          19   0.0443356    0.042826 0.000540183
          20   0.0397544   0.0426725 0.000534982
           1  -0.0032052  -0.0032052           0
           2   0.0006228  -0.0012912    0.001914
           3  -0.0017752 -0.00145253  0.00111676
           4  -0.0027096  -0.0017668 0.000849908
           5  -0.0017196 -0.00175736 0.000658404
           6   0.0036768-0.000851667  0.00105322
           7    0.002538-0.000367429  0.00101332
           8  -0.0033736  -0.0007432 0.000954633
           9   0.0030152  -0.0003256 0.000939786
          10  -0.0011452 -0.00040756 0.000844557
          11   0.0028724-0.000109382 0.000820061
          12   0.0007752-3.56667e-05  0.00075223
          13  -0.0008292-9.67077e-05 0.000694638
          14   0.0001856-7.65429e-05 0.000643426
          15   0.0045412 0.000231307 0.000673475
          16  -0.0007756 0.000168375 0.000633114
          17   0.0006596 0.000197271 0.000595408
          18  -0.0020936       7e-05 0.000575603
          19   0.0014328 0.000141726  0.00054917
          20   -0.004972 -0.00011396 0.000580349
           1   0.0379704   0.0379704           0
           2   0.0410316    0.039501   0.0015306
           3   0.0381872   0.0390631 0.000986254
           4   0.0369536   0.0385357 0.000874337
           5   0.0384064   0.0385098 0.000677752
           6   0.0444688    0.039503  0.00113692
           7   0.0441416   0.0401657  0.00116722
           8   0.0373768    0.039817  0.00106926
           9   0.0434528    0.040221  0.00102589
          10   0.0389936   0.0400983 0.000925756
          11   0.0414764   0.0402236 0.000846698
          12   0.0413828   0.0403202 0.000778939
          13   0.0395484   0.0402608 0.000718975
          14   0.0406724   0.0402902 0.000666291
          15   0.0443616   0.0405616 0.000677069
          16   0.0401484   0.0405358 0.000633867
          17    0.041774   0.0406086 0.000599853
          18   0.0376792   0.0404459 0.000588497
          19   0.0416892   0.0405113 0.000560496
          20   0.0366844     0.04032 0.000565114
           1   -0.003746   -0.003746           0
           2    2.84e-05  -0.0018588   0.0018872
           3  -0.0008124    -0.00151  0.00114404
           4  -0.0023292  -0.0017148 0.000834483
           5  -0.0021544 -0.00180272 0.000652339
           6    0.003534-0.000913267  0.00103674
           7    0.002208-0.000467371 0.000983135
           8    -0.00381  -0.0008852 0.000948418
           9   0.0031292-0.000439156 0.000947926
          10  -0.0006456  -0.0004598 0.000848102
          11   0.0020112-0.000235164 0.000799351
          12   0.0002296-0.000196433 0.000730731
          13  -0.0010616-0.000262985 0.000675461
          14   -8.72e-05-0.000250429 0.000625482
          15    0.004052    3.64e-05 0.000649103
          16   0.0001008  4.0425e-05 0.000607193
          17   0.0006168 7.43294e-05 0.000571366
          18  -0.0017936-2.94444e-05 0.000548593
          19   0.0017256 6.29263e-05 0.000527074
          20  -0.0049928 -0.00018986 0.000560292
           1   0.0350228   0.0350228           0
           2   0.0380392    0.036531   0.0015082
           3   0.0365988   0.0365536 0.000871053
           4   0.0364524   0.0365283 0.000616447
           5    0.035998   0.0364222 0.000489135
           6     0.04241   0.0374202  0.00107491
           7   0.0403688   0.0378414  0.00100137
           8    0.035388   0.0375348  0.00091984
           9   0.0407676    0.037894 0.000887192
          10   0.0368204   0.0377866 0.000800758
          11   0.0398396   0.0379732 0.000747972
          12   0.0395568   0.0381052 0.000695437
          13   0.0378684    0.038087 0.000639969
          14   0.0388228   0.0381395 0.000594822
          15   0.0419064   0.0383907 0.000608031
          16    0.039078   0.0384336 0.000570381
          17   0.0388756   0.0384596  0.00053641
          18   0.0367276   0.0383634 0.000514805
          19    0.040642   0.0384833 0.000501507
          20   0.0352296   0.0383206 0.000502817
           1  -0.0039032  -0.0039032           0
           2   0.0003676  -0.0017678   0.0021354
           3  -0.0011564   -0.001564   0.0012496
           4    -0.00287  -0.0018905 0.000941997
           5  -0.0026756 -0.00204752 0.000746371
           6   0.0041812  -0.0010094  0.00120377
           7   0.0013384   -0.000674  0.00107124
           8  -0.0041332  -0.0011064  0.00102354
           9   0.0035732-0.000586444  0.00104172
          10  -0.0011868 -0.00064648 0.000933673
          11    0.002046-0.000401709 0.000879295
          12   0.0004824-0.000328033 0.000806057
          13  -0.0006592-0.000353508 0.000741902
          14  -0.0005172  -0.0003652 0.000686967
          15   0.0035676-0.000103013 0.000691189
          16   0.0008024 -4.6425e-05  0.00064902
          17  -0.0009268-9.82118e-05 0.000611844
          18  -0.0006008-0.000126133 0.000577527
          19    0.003198 4.88211e-05 0.000573618
          20   -0.003962 -0.00015172 0.000579957
           1   0.0328528   0.0328528           0
           2   0.0368812    0.034867   0.0020142
           3   0.0348212   0.0348517    0.001163
           4   0.0336672   0.0345556 0.000874059
           5   0.0339392   0.0344323 0.000688175
           6   0.0403588   0.0354201  0.00113638
           7   0.0384252   0.0358494    0.001052
           8   0.0327148   0.0354576 0.000991743
           9   0.0395256   0.0359096 0.000984528
          10    0.035526   0.0358712 0.000881424
          11      0.0384   0.0361011  0.00082976
          12   0.0370584   0.0361809 0.000761653
          13   0.0366276   0.0362152 0.000701461
          14   0.0369836   0.0362701 0.000651742
          15   0.0401804   0.0365308  0.00066037
          16     0.03854   0.0366564 0.000630355
          17   0.0362464   0.0366323 0.000592606
          18   0.0349988   0.0365415 0.000566036
          19    0.039886   0.0367175  0.00056361
          20   0.0345212   0.0366077 0.000545848
           1    -0.00505    -0.00505           0
           2     0.00011    -0.00247     0.00258
           3  -0.0023912 -0.00244373   0.0014898
           4   -0.002086  -0.0023543  0.00105723
           5  -0.0020952 -0.00230248 0.000820568
           6    0.003592 -0.00132007  0.00118913
           7    0.001772-0.000878343  0.00109779
           8  -0.0050936 -0.00140525  0.00108696
           9   0.0034152-0.000869644  0.00109809
          10   -0.002002 -0.00098288 0.000988669
          11   0.0017132-0.000737782 0.000927264
          12   0.0007432-0.000614367 0.000855422
          13   0.0004468-0.000532738 0.000791096
          14   -0.000794  -0.0005514 0.000732651
          15   0.0042368-0.000232187 0.000753063
          16   0.0010396  -0.0001527 0.000708896
          17   -3.72e-05-0.000145906 0.000665927
          18  -0.0006968-0.000176511 0.000628587
          19    0.001648-8.04842e-05 0.000602288
          20  -0.0030864 -0.00023078 0.000590817
           1     0.03112     0.03112           0
           2   0.0348132   0.0329666   0.0018466
           3    0.032158   0.0326971  0.00109968
           4    0.032134   0.0325563 0.000790229
           5   0.0323388   0.0325128 0.000613652
           6      0.0386   0.0335273  0.00113151
           7   0.0360864   0.0338929   0.0010238
           8    0.030166    0.033427  0.00100158
           9    0.038608   0.0340027  0.00105433
          10   0.0331296   0.0339154 0.000947057
          11    0.036378   0.0341393 0.000885415
          12   0.0354132   0.0342454 0.000815212
          13   0.0346664   0.0342778 0.000750585
          14   0.0336884   0.0342357  0.00069618
          15    0.039262   0.0345708 0.000729608
          16   0.0367628   0.0347078   0.0006961
          17    0.034644    0.034704 0.000653883
          18   0.0333624   0.0346295 0.000620976
          19   0.0380348   0.0348087 0.000614119
          20   0.0335392   0.0347453 0.000586053
           1   -0.004638   -0.004638           0
           2  -0.0004068  -0.0025224   0.0021156
           3  -0.0037908  -0.0029452  0.00129255
           4    -0.00156  -0.0025989 0.000977376
           5   -0.001928 -0.00246472 0.000768871
           6   0.0023992 -0.00165407  0.00102531
           7   0.0014096  -0.0012164 0.000970802
           8  -0.0051104 -0.00170315 0.000971478
           9   0.0035468 -0.00111982  0.00103649
          10  -0.0016568 -0.00117352  0.00092862
          11   0.0018604-0.000897709 0.000884092
          12    0.000434-0.000786733 0.000814656
          13     7.6e-06-0.000725631 0.000751861
          14  -0.0007696-0.000728771 0.000696095
          15   0.0042588-0.000396267 0.000728355
          16    0.000294-0.000353125 0.000682679
          17   0.0001032-0.000326282 0.000641826
          18  -0.0015448-0.000393978 0.000608895
          19   0.0022984-0.000252274 0.000593132
          20   -0.002886 -0.00038396 0.000577899
           1   0.0288532   0.0288532           0
           2   0.0323792   0.0306162    0.001763
           3   0.0294056   0.0302127  0.00109494
           4   0.0307816   0.0303549 0.000787196
           5   0.0307492   0.0304338 0.000614838
           6   0.0368508   0.0315033  0.00118147
           7   0.0337212   0.0318201  0.00104759
           8   0.0281488   0.0313612   0.0010167
           9   0.0368752   0.0319739  0.00108597
          10   0.0310408   0.0318806 0.000975793
          11   0.0346564   0.0321329 0.000918004
          12    0.033814    0.032273 0.000849648
          13   0.0335412   0.0323706 0.000787627
          14   0.0333964   0.0324438 0.000732873
          15   0.0372768    0.032766  0.00075452
          16   0.0353608   0.0329282 0.000724181
          17   0.0330608    0.032936 0.000680295
          18   0.0314524   0.0328536 0.000646662
          19   0.0363904   0.0330397 0.000639379
          20    0.031002   0.0329378 0.000615065
           1  -0.0044292  -0.0044292           0
           2  -0.0005628   -0.002496   0.0019332
           3  -0.0041636 -0.00305187  0.00124689
           4  -0.0020116  -0.0027918 0.000919242
           5  -0.0019328    -0.00262 0.000732474
           6   0.0031912 -0.00165147   0.0011383
           7   0.0011112  -0.0012568  0.00103985
           8  -0.0048384  -0.0017045  0.00100568
           9   0.0027028  -0.0012148  0.00101314
          10  -0.0020236 -0.00129568 0.000909782
          11   0.0016076 -0.00103175 0.000864218
          12   0.0004084-0.000911733 0.000797995
          13   0.0001736-0.000828246 0.000738782
          14   -0.000848-0.000829657  0.00068398
          15   0.0036808 -0.00052896 0.000704181
          16   0.0007844-0.000446875 0.000663796
          17  -0.0004144-0.000444965  0.00062353
          18   -0.001806-0.000520578 0.000592713
          19    0.002694-0.000351389 0.000585622
          20  -0.0035396  -0.0005108 0.000577988
           1   0.0281688   0.0281688           0
           2   0.0309184   0.0295436   0.0013748
           3   0.0274764   0.0288545  0.00105111
           4   0.0288692   0.0288582 0.000743258
           5   0.0298188   0.0290503 0.000606935
           6   0.0351332   0.0300641  0.00112845
           7   0.0323248   0.0303871  0.00100691
           8    0.026958   0.0299585 0.000971663
           9   0.0353468   0.0305572  0.00104536
          10   0.0295516   0.0304566 0.000940387
          11   0.0331124    0.030698 0.000884213
          12   0.0323016   0.0308317 0.000818159
          13   0.0316204   0.0308923 0.000755039
          14   0.0313316   0.0309237 0.000699734
          15   0.0347348   0.0311778 0.000699211
          16   0.0329568    0.031289 0.000663436
          17   0.0320824   0.0313356 0.000624935
          18   0.0303312   0.0312798 0.000591831
          19   0.0351944   0.0314859 0.000596525
          20   0.0294696   0.0313851 0.000574823
           1   -0.004026   -0.004026           0
           2  -0.0012756  -0.0026508   0.0013752
           3  -0.0040168 -0.00310613 0.000915271
           4   -0.003264  -0.0031456 0.000648396
           5  -0.0023964 -0.00299576 0.000524121
           6    0.002982 -0.00199947  0.00108431
           7     0.00027 -0.00167526 0.000972071
           8  -0.0043004  -0.0020034 0.000903532
           9   0.0029624 -0.00145164 0.000969221
          10  -0.0014384 -0.00145032 0.000866898
          11    0.001064 -0.00122175 0.000816774
          12   0.0004132  -0.0010855 0.000757955
          13    2.68e-05-0.000999938 0.000702448
          14  -0.0008984-0.000992686 0.000650381
          15   0.0030464-0.000723413 0.000662649
          16   0.0003632  -0.0006555 0.000623561
          17  -0.0003732-0.000638894 0.000585969
          18  -0.0016476-0.000694933 0.000555291
          19   0.0018184-0.000562653 0.000541654
          20  -0.0043536  -0.0007522 0.000547703
           1   0.0265432   0.0265432           0
           2    0.029862   0.0282026   0.0016594
           3   0.0259288   0.0274447  0.00122161
           4   0.0275276   0.0274654 0.000864058
           5   0.0281412   0.0276006 0.000682807
           6   0.0332452   0.0285413  0.00109356
           7   0.0301072    0.028765 0.000950912
           8   0.0264292    0.028473 0.000873743
           9    0.033346   0.0290145 0.000941771
          10   0.0279772   0.0289108 0.000848708
          11   0.0318332   0.0291764 0.000812358
          12   0.0303464   0.0292739 0.000747959
          13   0.0307896   0.0293905 0.000697831
          14    0.030164   0.0294458 0.000648424
          15   0.0333072   0.0297032 0.000656249
          16    0.031944   0.0298433 0.000629638
          17    0.029928   0.0298482 0.000591463
          18   0.0287788   0.0297888 0.000560793
          19   0.0326588   0.0299399 0.000551544
          20   0.0276704   0.0298264 0.000535404
           1  -0.0041628  -0.0041628           0
           2  -0.0004568  -0.0023098    0.001853
           3  -0.0039604    -0.00286  0.00120302
           4  -0.0039172  -0.0031243 0.000890776
           5   -0.002442 -0.00298784 0.000703357
           6   0.0024492 -0.00208167  0.00107283
           7   0.0007532 -0.00167669 0.000993037
           8  -0.0047468 -0.00206045 0.000941736
           9   0.0025976 -0.00154289 0.000978598
          10  -0.0015404 -0.00154264 0.000875285
          11   0.0019384 -0.00122618 0.000852628
          12       7e-05 -0.00111817 0.000785798
          13  -0.0007076 -0.00108658 0.000723519
          14  -0.0007624 -0.00106343 0.000670249
          15   0.0026552 -0.00081552 0.000671412
          16   0.0007836-0.000715575 0.000635951
          17  -0.0009428-0.000728941 0.000597522
          18   -0.001004-0.000744222 0.000563556
          19   0.0012224-0.000640716 0.000543027
          20  -0.0037924  -0.0007983 0.000538723
           1   0.0257616   0.0257616           0
           2   0.0285004    0.027131   0.0013694
           3   0.0242756   0.0261792  0.00123734
           4   0.0252676   0.0259513 0.000904125
           5    0.026346   0.0260302 0.000704767
           6   0.0320492   0.0270334  0.00115649
           7   0.0290152   0.0273165  0.00101759
           8   0.0257212   0.0271171 0.000903537
           9   0.0317804   0.0276352 0.000950492
          10   0.0275828     0.02763 0.000850162
          11   0.0310432   0.0279403 0.000829242
          12   0.0292492   0.0280494 0.000764809
          13   0.0284516   0.0280803 0.000704202
          14   0.0287628   0.0281291 0.000653784
          15   0.0326356   0.0284295 0.000678752
          16   0.0304092   0.0285532 0.000646859
          17   0.0283612   0.0285419 0.000607723
          18    0.027972   0.0285103 0.000573841
          19   0.0310568   0.0286443 0.000559101
          20   0.0266928   0.0285467  0.00053931
           1  -0.0040084  -0.0040084           0
           2   -0.000932  -0.0024702   0.0015382
           3  -0.0034864 -0.00280893 0.000950488
           4  -0.0045144  -0.0032353 0.000795928
           5  -0.0022744 -0.00304312 0.000645782
           6   0.0027536   -0.002077  0.00110064
           7   0.0012156 -0.00160663  0.00104237
           8  -0.0037744  -0.0018776 0.000942514
           9   0.0024472 -0.00139707 0.000960124
          10  -0.0008452 -0.00134188 0.000860532
          11   0.0020756  -0.0010312 0.000838092
          12  -0.0006176-0.000996733 0.000765846
          13  -0.0009048-0.000989662 0.000704511
          14  -0.0013984 -0.00101886 0.000652904
          15   0.0024448-0.000787947 0.000650204
          16   0.0006696 -0.00069685 0.000614994
          17  -0.0006276-0.000692776 0.000577701
          18  -0.0012292-0.000722578 0.000545476
          19   0.0019384-0.000582526 0.000534639
          20   -0.003236  -0.0007152 0.000524268
           1   0.0246436   0.0246436           0
           2   0.0271228   0.0258832   0.0012396
           3    0.024138   0.0253015 0.000922289
           4    0.024002   0.0249766 0.000728592
           5   0.0251608   0.0250134 0.000565566
           6    0.030762   0.0259715  0.00106357
           7   0.0289732   0.0264003 0.000995926
           8    0.024604   0.0261758 0.000891247
           9   0.0300164   0.0266025 0.000894375
          10   0.0269884   0.0266411 0.000800883
          11     0.03051   0.0269928 0.000805293
          12   0.0280272    0.027079 0.000740165
          13    0.026626   0.0270442 0.000681744
          14   0.0272268   0.0270572 0.000631307
          15   0.0307768   0.0273052 0.000637886
          16   0.0293516   0.0274331 0.000610242
          17   0.0272932   0.0274249 0.000573281
          18    0.026688   0.0273839 0.000542043
          19   0.0306576   0.0275562 0.000540897
          20   0.0260988   0.0274834 0.000518289
           1  -0.0041124  -0.0041124           0
           2  -0.0004536   -0.002283   0.0018294
           3   -0.004056   -0.002874  0.00121031
           4  -0.0038964  -0.0031296 0.000893172
           5  -0.0026476  -0.0030332 0.000698532
           6   0.0024224 -0.00212393  0.00107334
           7   0.0020612 -0.00152606  0.00108644
           8  -0.0033048  -0.0017484 0.000966802
           9   0.0021844 -0.00131142 0.000958093
          10  -0.0010848 -0.00128876 0.000857244
          11    0.001778 -0.00100996 0.000824004
          12    -0.00023-0.000944967 0.000755012
          13  -0.0007528-0.000930185 0.000694668
          14  -0.0009884-0.000934343 0.000643151
          15   0.0018056 -0.00075168 0.000625984
          16   0.0001952  -0.0006925 0.000588537
          17  -0.0002652-0.000667365 0.000553406
          18  -0.0009632  -0.0006838 0.000522015
          19   0.0015508-0.000566189  0.00050759
          20   -0.002758 -0.00067578 0.000493855
           1   0.0233236   0.0233236           0
           2   0.0260476   0.0246856    0.001362
           3     0.02253   0.0239671  0.00106519
           4   0.0228084   0.0236774 0.000806986
           5   0.0245688   0.0238557 0.000650015
           6    0.029384   0.0247771  0.00106331
           7   0.0281184   0.0252544  0.00101757
           8   0.0241388    0.025115 0.000892204
           9   0.0287396   0.0255177  0.00088393
          10     0.02533   0.0254989 0.000790833
          11   0.0289776   0.0258152 0.000782122
          12   0.0265932     0.02588 0.000716914
          13   0.0258292   0.0258761 0.000659477
          14   0.0261908   0.0258986 0.000610971
          15   0.0284188   0.0260666 0.000593079
          16   0.0280188   0.0261886 0.000568034
          17   0.0265192    0.026208 0.000533929
          18   0.0260192   0.0261976 0.000503502
          19   0.0294528   0.0263689 0.000506145
          20   0.0251256   0.0263067 0.000484178
