           1    0.226168    0.226168           0
           2    0.188878    0.207523   0.0186454
           3    0.231935     0.21566   0.0134944
           4    0.219203    0.216546  0.00958302
           5    0.214746    0.216186   0.0074317
           6    0.230419    0.218558  0.00651517
           7     0.19295      0.2149  0.00661085
           8    0.186435    0.211342  0.00674077
           9    0.184979    0.208413  0.00662731
          10    0.195078    0.207079  0.00607576
          11    0.189153    0.205449  0.00573228
          12    0.202727    0.205223  0.00523774
          13     0.20845    0.205471  0.00482441
          14    0.208724    0.205703  0.00447258
          15    0.159479    0.202622  0.00518008
          16    0.224365    0.203981  0.00503249
          17    0.217112    0.204753  0.00478989
          18    0.204928    0.204763  0.00451596
          19    0.177437    0.203325  0.00450728
          20    0.213464    0.203831  0.00430593
           1    0.133617    0.133617           0
           2    0.102942    0.118279   0.0153374
           3    0.129798    0.122119  0.00965167
           4    0.109148    0.118876    0.007556
           5    0.133494      0.1218  0.00654241
           6    0.123729    0.122121  0.00535153
           7    0.136313    0.124149  0.00495646
           8    0.122994    0.124004  0.00429485
           9    0.105524    0.121951  0.00430848
          10    0.123986    0.122155  0.00385899
          11    0.121058    0.122055  0.00349201
          12    0.105133    0.120645  0.00348574
          13    0.119203    0.120534  0.00320833
          14    0.128157    0.121078  0.00301984
          15   0.0946395    0.119316  0.00331817
          16    0.120592    0.119396  0.00310489
          17    0.133555    0.120228  0.00303313
          18    0.110436    0.119684  0.00291095
          19    0.106504    0.118991  0.00283952
          20    0.135548    0.119819  0.00281815
           1    0.280372    0.280372           0
           2    0.242442    0.261407   0.0189651
           3    0.270461    0.264425   0.0113578
           4    0.296803     0.27252   0.0114028
           5    0.259264    0.269868  0.00922184
           6    0.260428    0.268295  0.00769224
           7    0.258578    0.266907  0.00664768
           8    0.247088    0.264429  0.00626744
           9    0.256046    0.263498   0.0056053
          10    0.253567    0.262505  0.00511094
          11    0.265587    0.262785   0.0046315
          12    0.279386    0.264169  0.00444854
          13    0.268439    0.264497  0.00410523
          14    0.278772    0.265517  0.00393509
          15    0.281363    0.266573  0.00381265
          16    0.269479    0.266755  0.00357103
          17    0.258562    0.266273  0.00338884
          18     0.27053    0.266509  0.00320377
          19    0.238053    0.265012  0.00338034
          20    0.283942    0.265958  0.00334365
           1    0.186028    0.186028           0
           2    0.172793    0.179411  0.00661786
           3     0.17756    0.178794  0.00387029
           4     0.16964    0.176505   0.0035675
           5    0.169683    0.175141  0.00308186
           6    0.174689    0.175065  0.00251746
           7    0.166796    0.173884  0.00243362
           8    0.179545    0.174592  0.00222321
           9    0.172639    0.174375  0.00197265
          10    0.181962    0.175133  0.00192061
          11    0.162452    0.173981  0.00208498
          12    0.168945    0.173561  0.00194904
          13    0.163038    0.172751  0.00196712
          14    0.183687    0.173533  0.00198166
          15    0.171233    0.173379  0.00185118
          16    0.164818    0.172844  0.00181241
          17    0.180156    0.173274  0.00175594
          18    0.166533      0.1729  0.00169735
          19    0.160877    0.172267  0.00172573
          20    0.175994    0.172453  0.00164774
           1    0.332362    0.332362           0
           2    0.300599     0.31648   0.0158814
           3    0.320111    0.317691  0.00924866
           4    0.324268    0.319335  0.00674333
           5     0.32644    0.320756  0.00541322
           6    0.312784    0.319427  0.00461526
           7    0.300878    0.316777  0.00471558
           8    0.298553    0.314499  0.00467621
           9    0.323466    0.315496  0.00424266
          10    0.315153    0.315461  0.00379491
          11    0.307933    0.314777  0.00350018
          12    0.334968     0.31646  0.00361114
          13    0.322965     0.31696  0.00335924
          14    0.333572    0.318147  0.00332871
          15    0.336409    0.319364  0.00332944
          16    0.310519    0.318811  0.00316309
          17    0.309884    0.318286  0.00301725
          18    0.313793    0.318036  0.00285562
          19    0.298947    0.317032  0.00288195
          20    0.314834    0.316922  0.00273627
           1    0.253507    0.253507           0
           2     0.22808    0.240793   0.0127134
           3    0.238095    0.239894  0.00739496
           4    0.225572    0.236313  0.00633742
           5     0.22661    0.234373  0.00527861
           6    0.238142    0.235001  0.00435552
           7    0.205496    0.230786  0.00559616
           8    0.240056    0.231945  0.00498301
           9    0.229899    0.231717  0.00440047
          10    0.238946     0.23244  0.00400173
          11    0.219462     0.23126  0.00380715
          12    0.217043    0.230076  0.00367183
          13    0.227226    0.229856   0.0033847
          14     0.23406    0.230157  0.00314797
          15    0.235623    0.230521  0.00295317
          16    0.243565    0.231336  0.00288023
          17    0.236503     0.23164  0.00272253
          18     0.23286    0.231708  0.00256772
          19    0.230053    0.231621  0.00243038
          20    0.227411     0.23141  0.00231525
           1    0.372587    0.372587           0
           2    0.351558    0.362072   0.0105146
           3    0.360058    0.361401  0.00610762
           4    0.369308    0.363378  0.00474964
           5    0.366097    0.363921  0.00371904
           6    0.358918    0.363087  0.00314902
           7    0.345065    0.360513  0.00370291
           8    0.359873    0.360433  0.00320781
           9    0.371344    0.361645  0.00307783
          10    0.356266    0.361107  0.00280496
          11    0.346351    0.359766  0.00286998
          12    0.373026    0.360871  0.00284342
          13    0.365528    0.361229  0.00263998
          14    0.367895    0.361705  0.00249009
          15    0.365583    0.361964  0.00233252
          16    0.356156    0.361601  0.00221186
          17    0.363112     0.36169  0.00207958
          18    0.364055    0.361821  0.00196504
          19    0.362754     0.36187  0.00185939
          20    0.363615    0.361957  0.00176613
           1    0.304867    0.304867           0
           2    0.289459    0.297163  0.00770438
           3    0.289722    0.294683  0.00509298
           4    0.279332    0.290845  0.00526278
           5    0.291095    0.290895  0.00407684
           6    0.284035    0.289752  0.00351961
           7    0.265414    0.286275  0.00457569
           8    0.292065    0.286999  0.00402822
           9    0.296101     0.28801   0.0036937
          10    0.311508     0.29036  0.00405416
          11    0.276212    0.289074  0.00388612
          12    0.275831     0.28797  0.00371521
          13    0.291543    0.288245  0.00342853
          14    0.298326    0.288965  0.00325485
          15    0.286814    0.288822  0.00303349
          16    0.285421    0.288609  0.00284552
          17    0.296577    0.289078  0.00271368
          18    0.278899    0.288512  0.00262023
          19    0.292587    0.288727  0.00248775
          20    0.282472    0.288414  0.00238072
           1    0.402557    0.402557           0
           2    0.389119    0.395838  0.00671878
           3    0.388156    0.393278  0.00464802
           4    0.402472    0.395576  0.00401063
           5    0.391216    0.394704  0.00322668
           6    0.388962    0.393747  0.00280302
           7     0.38158    0.392009  0.00293824
           8    0.397739    0.392725  0.00264347
           9    0.407175    0.394331  0.00283068
          10    0.396648    0.394562  0.00254242
          11    0.383053    0.393516  0.00252656
          12    0.401416    0.394174  0.00239854
          13    0.397147    0.394403  0.00221815
          14     0.39235    0.394256  0.00205884
          15    0.394763     0.39429  0.00191698
          16    0.399144    0.394593  0.00181865
          17    0.393705    0.394541  0.00170912
          18    0.391788    0.394388  0.00161862
          19    0.391853    0.394255  0.00153686
          20    0.400743    0.394579  0.00149365
           1    0.336928    0.336928           0
           2    0.330309    0.333618  0.00330948
           3    0.332562    0.333266  0.00194287
           4    0.331519    0.332829  0.00144161
           5    0.335173    0.333298  0.00121108
           6    0.330138    0.332772  0.00112036
           7    0.332697    0.332761 0.000946933
           8    0.333705    0.332879 0.000828512
           9    0.336917    0.333328 0.000857429
          10    0.347784    0.334773  0.00163648
          11       0.322    0.333612  0.00188139
          12     0.32734    0.333089  0.00179524
          13    0.327547    0.332663  0.00170553
          14    0.333384    0.332714  0.00157985
          15     0.33895     0.33313  0.00152838
          16    0.338978    0.333496  0.00147564
          17    0.335873    0.333635  0.00139316
          18    0.333695    0.333639  0.00131349
          19    0.327216    0.333301   0.0012876
          20     0.32625    0.332948  0.00127137
           1    0.421896    0.421896           0
           2     0.40954    0.415718   0.0061778
           3    0.419875    0.417104  0.00382641
           4    0.416223    0.416884  0.00271462
           5    0.405005    0.414508  0.00317266
           6    0.409858    0.413733   0.0027039
           7    0.408354    0.412964  0.00241095
           8    0.424182    0.414367  0.00251505
           9    0.415419    0.414484  0.00222115
          10    0.417174    0.414753  0.00200479
          11    0.409603    0.414284  0.00187285
          12    0.421583    0.414893  0.00181462
          13    0.413274    0.414768  0.00167384
          14    0.413929    0.414708  0.00155084
          15    0.415099    0.414734  0.00144398
          16    0.420191    0.415075  0.00139312
          17    0.412882    0.414946  0.00131495
          18    0.419018    0.415173  0.00126021
          19    0.406957     0.41474  0.00126804
          20    0.415984    0.414802  0.00120457
           1    0.377728    0.377728           0
           2    0.370635    0.374182  0.00354639
           3    0.369438      0.3726  0.00258713
           4     0.36755    0.371338  0.00222274
           5    0.368121    0.370694  0.00183804
           6    0.364028    0.369583  0.00186726
           7    0.375599    0.370443  0.00179696
           8    0.380246    0.371668  0.00198076
           9    0.369405    0.371417  0.00176487
          10    0.384756    0.372751  0.00206666
          11    0.368898      0.3724   0.0019019
          12    0.373034    0.372453  0.00173699
          13    0.367263    0.372054  0.00164693
          14    0.369707    0.371886  0.00153395
          15    0.374703    0.372074  0.00144032
          16    0.375325    0.372277  0.00136253
          17    0.375839    0.372487  0.00129691
          18    0.369786    0.372337  0.00123191
          19    0.374919    0.372473  0.00117317
          20    0.367863    0.372242  0.00113659
           1    0.432379    0.432379           0
           2    0.421576    0.426978   0.0054017
           3    0.428882    0.427612  0.00318262
           4     0.43432    0.429289  0.00280649
           5     0.42323    0.428077  0.00248882
           6    0.432711     0.42885  0.00217391
           7    0.428486    0.428798  0.00183802
           8    0.436154    0.429717  0.00183827
           9     0.42684    0.429398  0.00165242
          10    0.429314    0.429389  0.00147799
          11    0.425322     0.42902  0.00138708
          12    0.430864    0.429173  0.00127552
          13    0.419172    0.428404  0.00140306
          14     0.42617    0.428244  0.00130874
          15    0.428302    0.428248  0.00121838
          16    0.426539    0.428141  0.00114468
          17    0.422683     0.42782  0.00112215
          18    0.427138    0.427782  0.00105865
          19     0.42731    0.427758   0.0010017
          20    0.425689    0.427654 0.000955902
           1    0.405158    0.405158           0
           2    0.396129    0.400643   0.0045143
           3    0.402065    0.401117  0.00264907
           4    0.397691    0.400261  0.00205978
           5    0.395134    0.399235  0.00189658
           6    0.397595    0.398962  0.00157248
           7    0.398416    0.398884  0.00133127
           8    0.405947    0.399767  0.00145214
           9    0.396795    0.399437  0.00132255
          10    0.398292    0.399322  0.00118845
          11    0.395598    0.398984  0.00112706
          12    0.399118    0.398995  0.00102892
          13    0.391388     0.39841  0.00111275
          14    0.398156    0.398392  0.00103036
          15    0.400858    0.398556 0.000973212
          16    0.406897    0.399077  0.00104904
          17    0.392852    0.398711  0.00105124
          18    0.397507    0.398644 0.000993369
          19    0.401063    0.398772 0.000948221
          20    0.396109    0.398638 0.000909356
           1    0.437798    0.437798           0
           2    0.431431    0.434615  0.00318339
           3    0.434533    0.434587  0.00183813
           4    0.435521    0.434821  0.00132057
           5    0.432753    0.434407  0.00110338
           6    0.435934    0.434662 0.000936154
           7    0.431135    0.434158 0.000938007
           8    0.437008    0.434514 0.000887047
           9    0.437362    0.434831 0.000843893
          10      0.4374    0.435087 0.000797326
          11    0.436969    0.435258 0.000741207
          12    0.440808    0.435721 0.000819561
          13    0.425425    0.434929  0.00109343
          14    0.431814    0.434706  0.00103648
          15    0.431763     0.43451 0.000984661
          16    0.436263     0.43462 0.000927554
          17    0.430614    0.434384 0.000902589
          18     0.43582    0.434464 0.000854699
          19    0.440226    0.434767 0.000863477
          20    0.433282    0.434693 0.000822524
           1    0.417339    0.417339           0
           2    0.411466    0.414403  0.00293661
           3    0.418382    0.415729  0.00215263
           4     0.40932    0.414127  0.00221004
           5    0.409103    0.413122  0.00198497
           6    0.412409    0.413003  0.00162507
           7    0.412285      0.4129  0.00137727
           8    0.419852    0.413769  0.00147571
           9    0.415843       0.414  0.00132169
          10    0.420634    0.414663  0.00135557
          11    0.409987    0.414238  0.00129777
          12    0.415786    0.414367   0.0011917
          13    0.404638    0.413619   0.0013273
          14    0.415186    0.413731  0.00123393
          15    0.412469    0.413646   0.0011518
          16    0.417611    0.413894  0.00110554
          17    0.409511    0.413636  0.00107001
          18    0.415575    0.413744  0.00101455
          19    0.422166    0.414187  0.00105708
          20    0.409037     0.41393  0.00103537
           1    0.438503    0.438503           0
           2    0.438624    0.438563 6.02195e-05
           3      0.4393    0.438809  0.00024813
           4    0.439454     0.43897 0.000238293
           5    0.434269     0.43803 0.000958195
           6    0.439506    0.438276  0.00082012
           7    0.437328    0.438141 0.000706249
           8    0.441321    0.438538 0.000729507
           9    0.438555     0.43854 0.000643367
          10    0.441506    0.438837 0.000647382
          11    0.438923    0.438844 0.000585631
          12    0.442526    0.439151 0.000616382
          13    0.433335    0.438704 0.000722265
          14    0.435731    0.438491 0.000701588
          15    0.436049    0.438329 0.000673129
          16    0.440375    0.438457 0.000642518
          17    0.433547    0.438168 0.000669079
          18    0.443587    0.438469 0.000698976
          19    0.442495    0.438681  0.00069429
          20    0.434202    0.438457 0.000695681
           1    0.424239    0.424239           0
           2      0.4211     0.42267  0.00156926
           3    0.427741     0.42436  0.00191784
           4     0.42216     0.42381  0.00146339
           5    0.417691    0.422586  0.00166815
           6    0.424442    0.422896  0.00139673
           7    0.423002    0.422911  0.00118055
           8    0.423942     0.42304  0.00103048
           9    0.423904    0.423136 0.000913856
          10    0.429896    0.423812  0.00106072
          11    0.421113    0.423566 0.000990335
          12    0.426944    0.423848 0.000946863
          13    0.418712    0.423453 0.000956385
          14    0.423144    0.423431 0.000885715
          15    0.420689    0.423248 0.000844568
          16    0.428057    0.423549 0.000845262
          17    0.417771    0.423209 0.000863671
          18    0.424253    0.423267  0.00081634
          19    0.431339    0.423692 0.000881349
          20    0.418664     0.42344 0.000873091
           1    0.440469    0.440469           0
           2    0.440433    0.440451 1.75741e-05
           3    0.439323    0.440075 0.000376086
           4    0.439403    0.439907 0.000314596
           5    0.436799    0.439285 0.000667731
           6    0.440095     0.43942 0.000561648
           7    0.437842    0.439195 0.000525516
           8    0.439858    0.439278 0.000462601
           9    0.438779    0.439222 0.000411722
          10    0.439845    0.439284 0.000373485
          11    0.439399    0.439295 0.000337991
          12    0.440912     0.43943 0.000336702
          13    0.435822    0.439152 0.000415886
          14     0.43827    0.439089 0.000390161
          15    0.436912    0.438944 0.000391155
          16     0.44229    0.439153 0.000421434
          17    0.433055    0.438794 0.000534226
          18     0.43782     0.43874 0.000506576
          19    0.441632    0.438892 0.000502761
          20    0.435695    0.438732 0.000503033
           1    0.432533    0.432533           0
           2    0.428887     0.43071    0.001823
           3    0.429044    0.430155   0.0011901
           4    0.427413    0.429469  0.00108531
           5    0.425536    0.428683  0.00115134
           6    0.431561    0.429162  0.00105536
           7    0.425793    0.428681  0.00101352
           8    0.425631      0.4283 0.000956949
           9    0.428697    0.428344 0.000845103
          10    0.433088    0.428818 0.000892402
          11    0.426947    0.428648 0.000824935
          12    0.430379    0.428792 0.000766743
          13     0.42159    0.428238 0.000896893
          14    0.425544    0.428046 0.000852371
          15    0.423655    0.427753 0.000845794
          16    0.431638    0.427996  0.00082758
          17    0.422578    0.427677 0.000840161
          18    0.426762    0.427626 0.000793741
          19    0.435728    0.428053 0.000863434
          20    0.428272    0.428064 0.000819199
           1     0.43651     0.43651           0
           2    0.438194    0.437352 0.000842193
           3    0.436503    0.437069 0.000562573
           4    0.438081    0.437322 0.000471469
           5    0.436246    0.437107 0.000423947
           6    0.440003     0.43759  0.00059398
           7    0.436832    0.437481 0.000513529
           8    0.437068     0.43743 0.000447718
           9    0.437832    0.437474 0.000397376
          10    0.439379    0.437665  0.00040325
          11    0.437274    0.437629 0.000366479
          12    0.437734    0.437638 0.000334662
          13    0.435659    0.437486 0.000343441
          14    0.436523    0.437417 0.000325316
          15    0.436904    0.437383 0.000304781
          16    0.440781    0.437595 0.000355496
          17    0.431797    0.437254 0.000477342
          18    0.438211    0.437307  0.00045317
          19    0.441101    0.437507 0.000472869
          20    0.436181    0.437441 0.000453477
           1    0.431895    0.431895           0
           2    0.429389    0.430642  0.00125315
           3    0.430946    0.430744 0.000730557
           4    0.428611     0.43021 0.000742363
           5    0.427613    0.429691 0.000774891
           6    0.431402    0.429976 0.000693987
           7    0.425523     0.42934 0.000865247
           8    0.428837    0.429277 0.000751959
           9    0.429604    0.429314 0.000664162
          10    0.434367    0.429819 0.000779941
          11    0.428351    0.429686 0.000717987
          12    0.429937    0.429706 0.000655763
          13    0.426716    0.429476 0.000645595
          14    0.429285    0.429463 0.000597861
          15    0.427561    0.429336  0.00057084
          16    0.432539    0.429536 0.000570262
          17    0.425463    0.429296 0.000586815
          18    0.428926    0.429276 0.000553636
          19    0.435586    0.429608 0.000620118
          20    0.428952    0.429575  0.00058921
           1    0.432527    0.432527           0
           2    0.432247    0.432387 0.000140307
           3    0.432808    0.432527 0.000161997
           4     0.43333    0.432728 0.000231079
           5    0.431999    0.432582 0.000230873
           6    0.435734    0.433107 0.000558131
           7     0.43235    0.432999  0.00048397
           8    0.432741    0.432967 0.000420374
           9    0.432903     0.43296 0.000370803
          10    0.435619    0.433226 0.000425126
          11    0.434146    0.433309  0.00039353
          12    0.432687    0.433257 0.000362968
          13     0.43225     0.43318 0.000342765
          14    0.430623    0.432997 0.000366141
          15    0.433206    0.433011 0.000341143
          16    0.435649    0.433176 0.000359185
          17    0.430154    0.432998  0.00038137
          18    0.431781    0.432931 0.000365866
          19    0.436282    0.433107 0.000388432
          20    0.433027    0.433103 0.000368521
           1    0.429149    0.429149           0
           2    0.429054    0.429101 4.74688e-05
           3    0.427878    0.428694 0.000408527
           4    0.426994    0.428269 0.000513814
           5     0.42539    0.427693  0.00069997
           6    0.430279    0.428124 0.000715808
           7    0.424867    0.427659 0.000763164
           8    0.426717    0.427541 0.000671322
           9    0.427787    0.427568 0.000592678
          10    0.431033    0.427915 0.000633293
          11    0.428503    0.427968  0.00057533
          12    0.427917    0.427964 0.000525219
          13    0.426013    0.427814 0.000505903
          14    0.426131    0.427694 0.000483559
          15    0.426579    0.427619 0.000456267
          16    0.429793    0.427755 0.000447893
          17    0.425424    0.427618 0.000442497
          18    0.426608    0.427562 0.000420949
          19    0.432657     0.42783 0.000480054
          20    0.426547    0.427766 0.000459913
           1    0.427096    0.427096           0
           2      0.4264    0.426748 0.000347928
           3    0.428891    0.427462  0.00074188
           4    0.427577    0.427491 0.000525376
           5    0.427564    0.427506 0.000407214
           6    0.429378    0.427818  0.00045599
           7    0.427874    0.427826 0.000385465
           8    0.425825    0.427576 0.000417075
           9      0.4272    0.427534 0.000370188
          10    0.430419    0.427822 0.000439183
          11    0.427717    0.427813  0.00039737
          12    0.427603    0.427795  0.00036317
          13    0.427554    0.427777 0.000334582
          14    0.424883     0.42757  0.00037239
          15    0.427135    0.427541 0.000347887
          16    0.428435    0.427597 0.000330184
          17    0.423709    0.427368 0.000385359
          18    0.427118    0.427354 0.000363586
          19    0.429198    0.427451 0.000357338
          20    0.428531    0.427505 0.000343272
           1    0.424838    0.424838           0
           2    0.425186    0.425012   0.0001738
           3    0.425289    0.425104 0.000136391
           4    0.421864    0.424294 0.000815713
           5    0.422984    0.424032 0.000684036
           6     0.42544    0.424267 0.000605799
           7     0.42272    0.424046  0.00055763
           8    0.422605    0.423866 0.000515392
           9    0.423091     0.42378 0.000462608
          10    0.426473    0.424049 0.000493682
          11    0.424941     0.42413  0.00045386
          12    0.423684    0.424093  0.00041598
          13    0.421881    0.423923 0.000418777
          14    0.420942     0.42371 0.000442311
          15    0.422589    0.423635   0.0004185
          16    0.424815    0.423709 0.000398356
          17    0.421538    0.423581 0.000395388
          18    0.422804    0.423538 0.000375269
          19    0.426731    0.423706  0.00039275
          20    0.422479    0.423645 0.000377615
           1    0.420103    0.420103           0
           2    0.420846    0.420475 0.000371498
           3     0.42114    0.420696 0.000308426
           4    0.420223    0.420578 0.000248173
           5    0.420497    0.420562 0.000192919
           6    0.421206    0.420669 0.000190695
           7     0.42051    0.420646 0.000162761
           8    0.419196    0.420465 0.000229615
           9    0.418063    0.420198 0.000335031
          10    0.423597    0.420538 0.000453129
          11    0.420592    0.420543   0.0004099
          12    0.420149     0.42051  0.00037562
          13    0.420817    0.420534 0.000346325
          14    0.417946    0.420349 0.000370106
          15    0.420142    0.420335 0.000344825
          16     0.42017    0.420325 0.000322719
          17    0.418623    0.420225 0.000319243
          18    0.418943    0.420153 0.000309298
          19    0.421249    0.420211 0.000298195
          20    0.420981     0.42025 0.000285501
           1    0.418159    0.418159           0
           2    0.419621     0.41889  0.00073122
           3    0.417957    0.418579 0.000524367
           4    0.416441    0.418044 0.000650594
           5    0.417047    0.417845 0.000541973
           6    0.417853    0.417846 0.000442521
           7    0.418621    0.417957  0.00039005
           8    0.417801    0.417938 0.000338354
           9    0.416066     0.41773  0.00036369
          10    0.420196    0.417976 0.000408213
          11    0.418172    0.417994  0.00036967
          12    0.417337    0.417939 0.000341876
          13    0.415845    0.417778 0.000353334
          14    0.415599    0.417623 0.000362266
          15    0.415767    0.417499  0.00035923
          16    0.418315     0.41755  0.00033988
          17    0.416636    0.417496 0.000323751
          18     0.41601    0.417414 0.000316207
          19    0.419804    0.417539  0.00032448
          20    0.417644    0.417545 0.000307873
           1    0.411379    0.411379           0
           2    0.412548    0.411963 0.000584167
           3    0.411811    0.411913 0.000341059
           4    0.411726    0.411866  0.00024564
           5    0.413216    0.412136 0.000330282
           6    0.413481     0.41236 0.000350709
           7    0.412996    0.412451 0.000309996
           8    0.410763     0.41224  0.00034146
           9     0.40991    0.411981 0.000397123
          10    0.415431    0.412326 0.000495171
          11    0.412982    0.412386 0.000451856
          12    0.411994    0.412353 0.000413776
          13    0.412218    0.412343 0.000380761
          14    0.410868    0.412237 0.000367912
          15    0.411851    0.412212 0.000343474
          16    0.413813    0.412312 0.000336517
          17    0.410517    0.412206  0.00033327
          18    0.412222    0.412207 0.000314211
          19    0.413015     0.41225 0.000300237
          20    0.413708    0.412322 0.000294016
           1    0.410483    0.410483           0
           2    0.411819    0.411151  0.00066787
           3    0.410669     0.41099  0.00041772
           4     0.40996    0.410732 0.000391956
           5    0.409652    0.410516 0.000372675
           6    0.410557    0.410523 0.000304363
           7    0.411544    0.410669 0.000295706
           8    0.409938    0.410578 0.000271888
           9    0.408065    0.410298 0.000368028
          10    0.411854    0.410454 0.000364076
          11    0.411179     0.41052 0.000335847
          12    0.408969    0.410391 0.000332706
          13     0.40955    0.410326 0.000312803
          14    0.408517    0.410197 0.000317124
          15    0.407868    0.410042 0.000333547
          16    0.412409     0.41019 0.000345321
          17    0.409666    0.410159 0.000325832
          18    0.409829     0.41014 0.000307745
          19    0.411929    0.410235  0.00030594
          20    0.410778    0.410262  0.00029151
           1    0.402864    0.402864           0
           2     0.40337    0.403117 0.000253307
           3    0.403599    0.403278 0.000217334
           4    0.403184    0.403254  0.00015547
           5    0.403696    0.403343 0.000149376
           6    0.404893    0.403601 0.000285813
           7    0.404981    0.403798 0.000311797
           8    0.401973     0.40357 0.000353515
           9    0.401484    0.403338  0.00038851
          10    0.406897    0.403694 0.000497373
          11     0.40404    0.403725 0.000450988
          12    0.402009    0.403582  0.00043583
          13    0.402673    0.403513 0.000406966
          14    0.402715    0.403456 0.000381056
          15    0.402667    0.403403  0.00035862
          16    0.404339    0.403461 0.000340525
          17    0.401752    0.403361  0.00033531
          18     0.40281     0.40333  0.00031761
          19    0.404436    0.403389 0.000306014
          20    0.404466    0.403442  0.00029527
           1    0.402851    0.402851           0
           2    0.401822    0.402336 0.000514827
           3    0.403052    0.402575 0.000381096
           4    0.401865    0.402398 0.000322627
           5    0.402068    0.402332 0.000258428
           6    0.402356    0.402336 0.000211045
           7    0.403417     0.40249 0.000235957
           8    0.401471    0.402363 0.000240796
           9    0.400788    0.402188 0.000275164
          10    0.404664    0.402435 0.000349091
          11    0.402607    0.402451 0.000316147
          12    0.400517     0.40229 0.000330542
          13    0.400722    0.402169 0.000327096
          14     0.40043    0.402045 0.000327335
          15    0.400456    0.401939 0.000322624
          16    0.403729    0.402051 0.000321856
          17    0.400658    0.401969 0.000313234
          18    0.401548    0.401946 0.000296246
          19    0.404019    0.402055 0.000300725
          20    0.402457    0.402075    0.000286
           1    0.394193    0.394193           0
           2    0.393573    0.393883 0.000309827
           3    0.393584    0.393783 0.000204737
           4    0.392964    0.393579 0.000250824
           5    0.393669    0.393597 0.000195124
           6     0.39484    0.393804 0.000261456
           7    0.395147    0.393996 0.000292657
           8    0.392681    0.393831  0.00030204
           9    0.392304    0.393662 0.000315856
          10     0.39528    0.393824 0.000325585
          11    0.393615    0.393805 0.000295115
          12    0.392256    0.393676 0.000298717
          13    0.393447    0.393658 0.000275341
          14    0.393336    0.393635 0.000255953
          15     0.39294    0.393589  0.00024274
          16    0.394173    0.393625 0.000229977
          17    0.392729    0.393572 0.000222359
          18    0.393812    0.393586 0.000210065
          19    0.395153    0.393668 0.000215135
          20    0.394132    0.393691 0.000205409
           1    0.393906    0.393906           0
           2    0.393093    0.393499 0.000406655
           3    0.393337    0.393445  0.00024095
           4    0.392204    0.393135    0.000354
           5     0.39227    0.392962 0.000324247
           6     0.39341    0.393036 0.000275061
           7    0.394521    0.393249 0.000314692
           8    0.391939    0.393085 0.000317912
           9    0.391927    0.392956 0.000308469
          10    0.394507    0.393111 0.000316504
          11     0.39292    0.393094 0.000286816
          12    0.390893    0.392911 0.000319664
          13    0.391652    0.392814 0.000309578
          14    0.391892    0.392748 0.000294071
          15     0.39099    0.392631 0.000297785
          16    0.393256     0.39267 0.000281278
          17    0.391412    0.392596 0.000274371
          18     0.39261    0.392597 0.000258681
          19     0.39429    0.392686 0.000260413
          20    0.392909    0.392697 0.000247302
           1    0.383856    0.383856           0
           2    0.384225    0.384041 0.000184821
           3    0.383889     0.38399 0.000118001
           4    0.383027    0.383749 0.000254755
           5    0.383799    0.383759 0.000197584
           6    0.384467    0.383877 0.000199825
           7    0.384924    0.384027 0.000225537
           8    0.383178    0.383921 0.000222263
           9    0.382585    0.383772  0.00024584
          10     0.38504    0.383899 0.000253797
          11    0.383951    0.383904 0.000229616
          12    0.382102    0.383754  0.00025785
          13    0.383721    0.383751 0.000237201
          14    0.383292    0.383718  0.00022204
          15    0.383318    0.383692 0.000208422
          16    0.384102    0.383717 0.000196637
          17    0.382636    0.383654 0.000195353
          18    0.383634    0.383653 0.000184184
          19    0.385201    0.383734 0.000192343
          20    0.384895    0.383792 0.000191484
           1    0.383357    0.383357           0
           2    0.383695    0.383526 0.000169004
           3    0.384382    0.383812 0.000301372
           4    0.382935    0.383592 0.000305634
           5    0.382791    0.383432 0.000285888
           6    0.383349    0.383418 0.000233838
           7    0.384839    0.383621 0.000283314
           8     0.38296    0.383539 0.000258907
           9    0.381798    0.383345 0.000299213
          10    0.384846    0.383495 0.000306814
          11    0.383402    0.383487 0.000277652
          12    0.381375    0.383311 0.000308561
          13    0.382709    0.383265  0.00028759
          14    0.381978    0.383173 0.000281674
          15    0.381656    0.383072 0.000281037
          16    0.383381    0.383091 0.000263596
          17    0.382133    0.383035 0.000253934
          18    0.382771     0.38302 0.000239858
          19    0.384851    0.383116 0.000246503
          20    0.384028    0.383162 0.000238251
           1    0.373059    0.373059           0
           2    0.374031    0.373545 0.000485582
           3    0.373542    0.373544 0.000280352
           4    0.373197    0.373457 0.000216424
           5    0.373276    0.373421 0.000171539
           6    0.374264    0.373561 0.000198402
           7    0.374243    0.373659 0.000193917
           8    0.372581    0.373524 0.000215273
           9     0.37237    0.373396 0.000229127
          10    0.374467    0.373503 0.000231225
          11    0.372839    0.373443 0.000217678
          12    0.371788    0.373305 0.000241851
          13    0.373495    0.373319 0.000222953
          14    0.372926    0.373291 0.000208321
          15    0.373454    0.373302 0.000194238
          16    0.373951    0.373343 0.000186166
          17    0.372971    0.373321 0.000176231
          18    0.373788    0.373347 0.000168164
          19    0.374807    0.373424 0.000176661
          20    0.374828    0.373494 0.000181708
           1    0.372781    0.372781           0
           2    0.373752    0.373267 0.000485728
           3    0.373528    0.373354  0.00029365
           4    0.372935    0.373249 0.000232584
           5    0.372855     0.37317 0.000196644
           6    0.373609    0.373243 0.000176427
           7    0.374173    0.373376 0.000199672
           8    0.372652    0.373285 0.000195188
           9    0.371699    0.373109 0.000246399
          10    0.374278    0.373226 0.000249457
          11    0.372804    0.373188 0.000228878
          12    0.371048    0.373009 0.000274683
          13    0.372777    0.372991 0.000253306
          14    0.372061    0.372925 0.000243757
          15    0.371998    0.372863 0.000235189
          16     0.37315    0.372881  0.00022073
          17    0.372523     0.37286  0.00020841
          18    0.373185    0.372878 0.000197318
          19    0.374171    0.372946 0.000198669
          20    0.374355    0.373017 0.000201213
           1    0.362982    0.362982           0
           2    0.363469    0.363225 0.000243467
           3    0.363498    0.363316  0.00016737
           4    0.363497    0.363361 0.000126641
           5    0.363472    0.363383 0.000100549
           6    0.364621     0.36359 0.000222072
           7    0.364204    0.363678 0.000207198
           8    0.363414    0.363645 0.000182448
           9    0.362087    0.363471 0.000236341
          10    0.364198    0.363544 0.000223522
          11    0.362858    0.363482 0.000211594
          12    0.362041    0.363362 0.000227426
          13    0.363308    0.363358 0.000209243
          14    0.362874    0.363323 0.000196775
          15     0.36302    0.363303 0.000184301
          16    0.363916    0.363341 0.000176603
          17    0.362395    0.363285 0.000174973
          18     0.36301     0.36327 0.000165676
          19     0.36446    0.363333 0.000168764
          20    0.364752    0.363404 0.000175135
           1    0.363031    0.363031           0
           2    0.363387    0.363209 0.000178166
           3     0.36375    0.363389 0.000207638
           4    0.362984    0.363288 0.000178384
           5    0.363044    0.363239 0.000146542
           6    0.364258    0.363409 0.000207714
           7    0.364118     0.36351  0.00020266
           8    0.363318    0.363486 0.000177142
           9    0.361545     0.36327 0.000266366
          10    0.364051    0.363349 0.000250706
          11    0.362644    0.363285 0.000235631
          12    0.362029     0.36318 0.000239204
          13    0.363267    0.363187 0.000220138
          14    0.362592    0.363144 0.000208185
          15    0.362263    0.363085 0.000202518
          16    0.363393    0.363105 0.000190408
          17    0.362041    0.363042 0.000189476
          18    0.362813    0.363029  0.00017909
          19    0.364432    0.363103 0.000184782
          20    0.364548    0.363175 0.000189603
           1    0.352228    0.352228           0
           2     0.35298    0.352604 0.000376228
           3    0.353117    0.352775 0.000276372
           4    0.353032    0.352839 0.000205708
           5    0.352866    0.352845 0.000159432
           6    0.354155    0.353063 0.000254195
           7    0.354104    0.353212 0.000261326
           8    0.352932    0.353177    0.000229
           9    0.352015    0.353048 0.000239663
          10    0.353685    0.353111 0.000223646
          11    0.352616    0.353066  0.00020725
          12    0.351677    0.352951 0.000221801
          13     0.35269    0.352931 0.000205007
          14    0.352315    0.352887  0.00019482
          15    0.353044    0.352897 0.000181672
          16    0.352843    0.352894 0.000169973
          17    0.351731    0.352825 0.000173684
          18    0.352494    0.352807  0.00016478
          19    0.353695    0.352854 0.000162715
          20    0.354257    0.352924 0.000169558
           1    0.352324    0.352324           0
           2    0.352805    0.352564 0.000240408
           3    0.353468    0.352865 0.000331619
           4    0.352865    0.352865  0.00023449
           5     0.35303    0.352898 0.000184591
           6    0.353597    0.353015 0.000190437
           7     0.35392    0.353144 0.000206453
           8    0.352851    0.353107 0.000182501
           9    0.351863    0.352969 0.000212217
          10    0.353721    0.353044 0.000204179
          11    0.352353    0.352981 0.000195086
          12    0.351309    0.352842 0.000226123
          13    0.352661    0.352828  0.00020847
          14     0.35237    0.352795 0.000195765
          15    0.352734    0.352791 0.000182293
          16    0.352496    0.352773 0.000171513
          17    0.351532      0.3527  0.00017687
          18    0.352548    0.352691 0.000166969
          19    0.353373    0.352727 0.000161954
          20    0.354109    0.352796 0.000168458
           1    0.342496    0.342496           0
           2    0.342862    0.342679 0.000182741
           3    0.342998    0.342786 0.000149787
           4    0.342824    0.342795 0.000106351
           5    0.342414    0.342719 0.000112263
           6    0.343954    0.342925   0.0002253
           7    0.343802     0.34305 0.000227968
           8    0.342973     0.34304 0.000197662
           9    0.342219    0.342949 0.000196775
          10    0.343921    0.343046 0.000201064
          11    0.342206     0.34297 0.000197277
          12    0.341532     0.34285  0.00021631
          13    0.342702    0.342839 0.000199301
          14    0.341901    0.342772 0.000196306
          15     0.34308    0.342792   0.0001839
          16    0.342716    0.342787 0.000172089
          17    0.341546    0.342714 0.000177367
          18    0.342259    0.342689 0.000169129
          19    0.343345    0.342724 0.000163658
          20    0.343998    0.342787 0.000167819
           1    0.342208    0.342208           0
           2    0.343066    0.342637 0.000429033
           3    0.343266    0.342847 0.000324557
           4    0.342643    0.342796 0.000235081
           5    0.342697    0.342776 0.000183167
           6    0.343782    0.342944 0.000224608
           7    0.343789    0.343064 0.000224949
           8     0.34286    0.343039 0.000196476
           9    0.342168    0.342942 0.000198485
          10    0.343827     0.34303 0.000198346
          11    0.342389    0.342972  0.00018866
          12    0.341777    0.342873 0.000198934
          13    0.342581     0.34285 0.000184364
          14    0.342329    0.342813 0.000174692
          15    0.342752    0.342809 0.000162679
          16    0.342692    0.342802 0.000152348
          17    0.341357    0.342717 0.000166422
          18    0.342413      0.3427 0.000157807
          19    0.343447    0.342739 0.000154362
          20     0.34398    0.342801 0.000159035
           1    0.332096    0.332096           0
           2     0.33245    0.332273 0.000177177
           3    0.332227    0.332258 0.000103446
           4    0.332578    0.332338 0.000108521
           5    0.332386    0.332347  8.4615e-05
           6    0.333274    0.332502 0.000169212
           7     0.33332    0.332619 0.000184724
           8    0.332842    0.332647 0.000162379
           9    0.331883    0.332562 0.000166464
          10    0.333497    0.332655 0.000175799
          11    0.331871    0.332584 0.000174263
          12    0.331559    0.332499 0.000180571
          13    0.332207    0.332476 0.000167605
          14    0.331897    0.332435 0.000160596
          15    0.333147    0.332482 0.000156864
          16    0.332252    0.332468 0.000147437
          17    0.331378    0.332404 0.000152614
          18    0.332255    0.332395 0.000144122
          19     0.33274    0.332414 0.000137528
          20    0.333391    0.332462 0.000139322
           1    0.332137    0.332137           0
           2    0.332776    0.332456 0.000319202
           3     0.33261    0.332508 0.000191239
           4    0.332251    0.332443 0.000149686
           5    0.332753    0.332505 0.000131445
           6     0.33323    0.332626 0.000161546
           7    0.333203    0.332709 0.000159497
           8    0.332822    0.332723 0.000138852
           9     0.33186    0.332627  0.00015551
          10    0.333577    0.332722 0.000168455
          11    0.332063    0.332662 0.000163726
          12    0.331854    0.332595 0.000163936
          13    0.332235    0.332567 0.000153309
          14    0.332218    0.332542 0.000144106
          15    0.332846    0.332562 0.000135681
          16    0.332409    0.332553  0.00012728
          17    0.331463    0.332489 0.000135671
          18    0.332567    0.332493 0.000127986
          19    0.332828    0.332511  0.00012234
          20    0.333429    0.332557 0.000124822
           1    0.322306    0.322306           0
           2    0.322536    0.322421 0.000114675
           3    0.322234    0.322359 9.09381e-05
           4      0.3225    0.322394 7.33769e-05
           5    0.322578    0.322431 6.77121e-05
           6    0.323327     0.32258 0.000159197
           7    0.323298    0.322683 0.000169193
           8    0.322944    0.322715 0.000150121
           9    0.322195    0.322658 0.000144481
          10    0.323361    0.322728 0.000147115
          11    0.322101    0.322671 0.000144752
          12    0.321982    0.322613 0.000144079
          13    0.322367    0.322595 0.000133879
          14    0.322364    0.322578 0.000125034
          15    0.323072    0.322611 0.000120967
          16     0.32228     0.32259  0.00011503
          17    0.321559     0.32253 0.000123916
          18    0.322281    0.322516 0.000117642
          19    0.322421    0.322511 0.000111391
          20    0.323371    0.322554  0.00011409
           1    0.322455    0.322455           0
           2    0.322699    0.322577 0.000122152
           3    0.322425    0.322526 8.68054e-05
           4    0.322491    0.322517 6.20105e-05
           5    0.322803    0.322574 7.46357e-05
           6    0.323387     0.32271 0.000148534
           7    0.323364    0.322803 0.000156487
           8    0.323245    0.322859 0.000146344
           9    0.322063     0.32277 0.000156406
          10    0.323425    0.322836 0.000154457
          11    0.322314    0.322788 0.000147527
          12    0.322057    0.322727 0.000147804
          13    0.322158    0.322684 0.000142842
          14    0.322294    0.322656 0.000135148
          15    0.322979    0.322677 0.000127647
          16    0.322688    0.322678 0.000119404
          17    0.321513    0.322609 0.000131443
          18    0.322502    0.322603  0.00012407
          19    0.322711    0.322609 0.000117496
          20    0.323541    0.322656 0.000120805
           1    0.312263    0.312263           0
           2    0.312405    0.312334 7.11365e-05
           3    0.312278    0.312315 4.50868e-05
           4    0.312739    0.312421 0.000110663
           5    0.312656    0.312468 9.76786e-05
           6    0.313242    0.312597 0.000151611
           7    0.312865    0.312635 0.000133731
           8    0.312901    0.312669 0.000120494
           9    0.312368    0.312635 0.000111401
          10    0.313202    0.312692 0.000114616
          11    0.312093    0.312637 0.000117112
          12    0.312072     0.31259 0.000116843
          13    0.312374    0.312574 0.000108765
          14    0.312327    0.312556 0.000102225
          15    0.313195    0.312599 0.000104254
          16     0.31236    0.312584 9.86569e-05
          17    0.311745    0.312534 0.000104983
          18    0.312537    0.312534 9.89791e-05
          19    0.312526    0.312534 9.36259e-05
          20    0.313424    0.312578 9.93416e-05
           1    0.312478    0.312478           0
           2    0.312551    0.312515 3.66458e-05
           3    0.312424    0.312485 3.68073e-05
           4    0.312708    0.312541 6.16847e-05
           5    0.312833    0.312599 7.54874e-05
           6    0.313235    0.312705 0.000122645
           7    0.312907    0.312734 0.000107597
           8    0.312788    0.312741 9.34307e-05
           9     0.31244    0.312707 8.88959e-05
          10    0.313431     0.31278   0.0001075
          11    0.312301    0.312736 0.000106537
          12    0.312293    0.312699 0.000104025
          13    0.312322     0.31267 9.99965e-05
          14    0.312668     0.31267 9.25789e-05
          15    0.313186    0.312704 9.28091e-05
          16    0.312605    0.312698 8.70353e-05
          17    0.311784    0.312644 9.78622e-05
          18    0.312661    0.312645 9.22697e-05
          19    0.312531    0.312639 8.74867e-05
          20    0.313311    0.312673 8.95429e-05
           1    0.302937    0.302937           0
           2    0.302915    0.302926 1.09174e-05
           3    0.302849      0.3029 2.62449e-05
           4    0.303237    0.302985 8.61689e-05
           5    0.303189    0.303025 7.83121e-05
           6    0.303557    0.303114 0.000109299
           7    0.303321    0.303144 9.69711e-05
           8    0.303132    0.303142 8.39914e-05
           9    0.303115    0.303139 7.41353e-05
          10    0.303599    0.303185 8.06745e-05
          11    0.302888    0.303158 7.78058e-05
          12    0.302707    0.303121 8.03547e-05
          13    0.302697    0.303088 8.07657e-05
          14    0.302818    0.303069 7.72258e-05
          15    0.303863    0.303122 8.92972e-05
          16    0.303013    0.303115 8.38058e-05
          17    0.302247    0.303064 9.38355e-05
          18    0.303217    0.303072 8.88769e-05
          19    0.303099    0.303074 8.40812e-05
          20    0.303616    0.303101 8.42563e-05
           1    0.303051    0.303051           0
           2    0.303104    0.303077 2.64764e-05
           3    0.303025     0.30306  2.3269e-05
           4    0.303111    0.303072 2.08501e-05
           5    0.303468    0.303152 8.07575e-05
           6    0.303673    0.303239 0.000109075
           7    0.303262    0.303242 9.22439e-05
           8     0.30328    0.303247 8.00314e-05
           9     0.30337     0.30326 7.18995e-05
          10    0.303753     0.30331 8.10335e-05
          11    0.303108    0.303291 7.55447e-05
          12    0.302925    0.303261 7.54033e-05
          13    0.302751    0.303222 7.96777e-05
          14     0.30312    0.303214 7.41226e-05
          15     0.30378    0.303252 7.86292e-05
          16    0.303291    0.303255 7.35917e-05
          17    0.302353    0.303201   8.714e-05
          18    0.303327    0.303208 8.24504e-05
          19    0.303339    0.303215 7.82912e-05
          20    0.303892    0.303249 8.16081e-05
           1    0.293449    0.293449           0
           2    0.293427    0.293438 1.09843e-05
           3    0.293501    0.293459 2.20022e-05
           4    0.293648    0.293506 4.97973e-05
           5    0.293646    0.293534 4.76943e-05
           6    0.294205    0.293646   0.0001184
           7    0.293604     0.29364 0.000100242
           8    0.293644     0.29364 8.68132e-05
           9    0.293802    0.293658 7.86378e-05
          10    0.293892    0.293682 7.41077e-05
          11    0.293356    0.293652 7.32754e-05
          12    0.293023      0.2936 8.49641e-05
          13    0.293264    0.293574 8.23093e-05
          14    0.293404    0.293562 7.71611e-05
          15    0.294343    0.293614 8.87259e-05
          16    0.293755    0.293623  8.3464e-05
          17    0.292789    0.293574 9.24672e-05
          18     0.29343    0.293566 8.75459e-05
          19    0.293715    0.293573 8.31802e-05
          20    0.294049    0.293597 8.24216e-05
           1    0.293683    0.293683           0
           2    0.293604    0.293643 3.94075e-05
           3    0.293677    0.293655 2.54164e-05
           4    0.293613    0.293644 2.08205e-05
           5      0.2939    0.293695 5.35982e-05
           6     0.29417    0.293774 9.04839e-05
           7    0.293745     0.29377  7.6588e-05
           8    0.293744    0.293767 6.64051e-05
           9    0.293831    0.293774  5.8998e-05
          10    0.294136     0.29381 6.40104e-05
          11    0.293581     0.29379 6.15299e-05
          12    0.293285    0.293747 7.01418e-05
          13    0.293502    0.293729 6.72186e-05
          14      0.2937    0.293727 6.22656e-05
          15    0.294316    0.293766 7.00447e-05
          16    0.293828     0.29377 6.56351e-05
          17    0.293013    0.293725 7.60561e-05
          18    0.293639     0.29372 7.18662e-05
          19    0.293799    0.293725 6.81036e-05
          20    0.294289    0.293753 7.05046e-05
           1    0.284521    0.284521           0
           2    0.284607    0.284564 4.31197e-05
           3    0.284484    0.284537 3.65431e-05
           4    0.284748     0.28459 5.87316e-05
           5     0.28479     0.28463 6.05723e-05
           6    0.285206    0.284726 0.000107963
           7    0.284669    0.284718 9.16081e-05
           8    0.284812     0.28473 8.02104e-05
           9    0.284926    0.284751 7.40126e-05
          10    0.284961    0.284772 6.94285e-05
          11    0.284325    0.284732 7.48317e-05
          12    0.284233     0.28469 7.99755e-05
          13    0.284371    0.284665 7.75581e-05
          14     0.28456    0.284658 7.21995e-05
          15    0.285198    0.284694 7.62399e-05
          16    0.284705    0.284695 7.13195e-05
          17    0.283809    0.284643 8.48773e-05
          18    0.284362    0.284627 8.15239e-05
          19    0.284842    0.284638 7.79379e-05
          20    0.285124    0.284663  7.7825e-05
           1    0.284816    0.284816           0
           2     0.28472    0.284768 4.82398e-05
           3    0.284737    0.284757 2.96925e-05
           4    0.284704    0.284744 2.48948e-05
           5    0.284999    0.284795 5.44256e-05
           6    0.285226    0.284867 8.44404e-05
           7    0.284942    0.284878 7.21704e-05
           8    0.284864    0.284876 6.25239e-05
           9    0.285008    0.284891 5.70748e-05
          10     0.28509    0.284911 5.48151e-05
          11    0.284464     0.28487   6.411e-05
          12    0.284488    0.284838  6.6601e-05
          13    0.284593    0.284819 6.40916e-05
          14    0.284689     0.28481  6.0058e-05
          15    0.285298    0.284843 6.47002e-05
          16    0.285026    0.284854  6.1597e-05
          17    0.284159    0.284813 7.08331e-05
          18    0.284717    0.284808 6.69939e-05
          19    0.285009    0.284818 6.42519e-05
          20    0.285404    0.284848 6.76257e-05
           1    0.275979    0.275979           0
           2     0.27581    0.275894  8.4386e-05
           3    0.275771    0.275853 6.37693e-05
           4     0.27598    0.275885 5.50927e-05
           5    0.276047    0.275917 5.35549e-05
           6    0.276463    0.276008  0.00010089
           7    0.275946    0.275999 8.57304e-05
           8    0.275807    0.275975 7.80339e-05
           9    0.276117    0.275991 7.05921e-05
          10    0.276202    0.276012 6.65822e-05
          11    0.275622    0.275977 6.98779e-05
          12    0.275523    0.275939 7.41292e-05
          13    0.275639    0.275916 7.19961e-05
          14    0.275899    0.275915 6.66664e-05
          15    0.276377    0.275945 6.92849e-05
          16    0.276228    0.275963 6.71785e-05
          17    0.275153    0.275915  7.9087e-05
          18    0.275751    0.275906 7.51233e-05
          19     0.27608    0.275915 7.16473e-05
          20    0.276433    0.275941 7.27343e-05
           1    0.276159    0.276159           0
           2    0.275771    0.275965 0.000193764
           3    0.276027    0.275986 0.000113775
           4    0.276042       0.276 8.16566e-05
           5    0.276205    0.276041 7.54035e-05
           6    0.276526    0.276122 0.000101686
           7    0.276101    0.276119 8.59926e-05
           8    0.276066    0.276112 7.47636e-05
           9    0.276202    0.276122 6.66844e-05
          10    0.276417    0.276152 6.65362e-05
          11    0.275852    0.276124 6.60613e-05
          12    0.275855    0.276102 6.43642e-05
          13    0.275876    0.276085 6.16951e-05
          14    0.276124    0.276087 5.71881e-05
          15    0.276478    0.276113 5.92605e-05
          16    0.276512    0.276138 6.07797e-05
          17    0.275549    0.276104 6.67995e-05
          18    0.276114    0.276104 6.29817e-05
          19    0.276178    0.276108 5.97026e-05
          20    0.276547     0.27613 6.07388e-05
           1    0.267405    0.267405           0
           2    0.266951    0.267178 0.000227306
           3    0.267054    0.267137 0.000137578
           4    0.267375    0.267196 0.000114109
           5    0.267318    0.267221 9.16888e-05
           6    0.267707    0.267302 0.000110343
           7    0.267221     0.26729 9.39686e-05
           8    0.267195    0.267278 8.22455e-05
           9    0.267438    0.267296 7.46725e-05
          10    0.267658    0.267332 7.59435e-05
          11    0.267096    0.267311 7.19716e-05
          12    0.266779    0.267266 7.92692e-05
          13    0.266927     0.26724 7.74583e-05
          14    0.267176    0.267236 7.18604e-05
          15    0.267746     0.26727 7.50482e-05
          16    0.267532    0.267286 7.20826e-05
          17    0.266584    0.267245 7.93119e-05
          18    0.267249    0.267245 7.47763e-05
          19    0.267428    0.267255 7.13814e-05
          20    0.267692    0.267276 7.11617e-05
           1    0.267597    0.267597           0
           2    0.266984     0.26729 0.000306095
           3    0.267189    0.267257 0.000179926
           4     0.26752    0.267323 0.000143301
           5    0.267422    0.267342 0.000112758
           6    0.267739    0.267409 0.000113368
           7    0.267379    0.267404 9.59098e-05
           8    0.267469    0.267412  8.3448e-05
           9    0.267687    0.267443 7.96488e-05
          10    0.267755    0.267474 7.77836e-05
          11     0.26723    0.267452  7.3767e-05
          12    0.267149    0.267427  7.1903e-05
          13    0.267135    0.267404 6.98357e-05
          14    0.267476    0.267409 6.48583e-05
          15     0.26791    0.267443 6.89862e-05
          16    0.267797    0.267465 6.82318e-05
          17    0.266919    0.267433 7.16815e-05
          18    0.267492    0.267436 6.76605e-05
          19    0.267726    0.267451 6.57996e-05
          20    0.267823     0.26747 6.51294e-05
           1    0.259276    0.259276           0
           2    0.258728    0.259002 0.000273687
           3    0.258937     0.25898 0.000159501
           4    0.259234    0.259044 0.000129432
           5    0.259088    0.259053 0.000100638
           6    0.259466    0.259122 0.000107272
           7    0.259158    0.259127 9.08091e-05
           8    0.259269    0.259145  8.0641e-05
           9    0.259336    0.259166 7.42463e-05
          10    0.259425    0.259192 7.12707e-05
          11    0.258927    0.259168 6.88219e-05
          12     0.25879    0.259136  7.0284e-05
          13      0.2588     0.25911 6.96217e-05
          14    0.258945    0.259099 6.55286e-05
          15    0.259519    0.259127 6.71384e-05
          16    0.259444    0.259146 6.58538e-05
          17    0.258443    0.259105 7.44338e-05
          18    0.259138    0.259107 7.02006e-05
          19    0.259327    0.259118 6.74038e-05
          20    0.259488    0.259137 6.65682e-05
           1    0.259533    0.259533           0
           2    0.258864    0.259199 0.000334593
           3    0.259023     0.25914 0.000201866
           4    0.259379      0.2592 0.000154714
           5     0.25932    0.259224 0.000122233
           6     0.25955    0.259278 0.000113673
           7     0.25937    0.259291 9.69669e-05
           8    0.259404    0.259305 8.51502e-05
           9    0.259474    0.259324 7.73969e-05
          10    0.259639    0.259356 7.60443e-05
          11    0.259227    0.259344 6.97754e-05
          12    0.259084    0.259322 6.72878e-05
          13    0.258958    0.259294 6.79321e-05
          14    0.259293    0.259294 6.28929e-05
          15    0.259697    0.259321 6.44278e-05
          16    0.259636    0.259341 6.33975e-05
          17    0.258764    0.259307 6.85343e-05
          18    0.259445    0.259314 6.50698e-05
          19    0.259385    0.259318 6.16611e-05
          20    0.259625    0.259334 6.04781e-05
           1     0.25129     0.25129           0
           2    0.250612    0.250951 0.000338815
           3    0.250928    0.250943 0.000195757
           4    0.251139    0.250992 0.000146799
           5    0.251173    0.251028 0.000119298
           6    0.251269    0.251068 0.000105356
           7    0.251167    0.251082 9.01485e-05
           8    0.251129    0.251088 7.82903e-05
           9    0.251199    0.251101 7.01309e-05
          10    0.251382    0.251129 6.87328e-05
          11    0.250865    0.251105 6.66282e-05
          12    0.250642    0.251066 7.20342e-05
          13    0.250648    0.251034 7.36612e-05
          14    0.250873    0.251022 6.91647e-05
          15    0.251394    0.251047 6.89824e-05
          16    0.251249     0.25106 6.57515e-05
          17    0.250477    0.251026 7.06317e-05
          18    0.251192    0.251035  6.7232e-05
          19    0.251254    0.251046 6.46331e-05
          20    0.251382    0.251063  6.3574e-05
           1    0.251531    0.251531           0
           2    0.250814    0.251173 0.000358529
           3    0.251141    0.251162 0.000207274
           4     0.25126    0.251187 0.000148607
           5    0.251407    0.251231 0.000123274
           6    0.251363    0.251253 0.000103043
           7    0.251261    0.251254 8.70939e-05
           8    0.251325    0.251263 7.59412e-05
           9    0.251361    0.251274 6.78578e-05
          10    0.251528    0.251299 6.57852e-05
          11    0.251168    0.251287  6.0684e-05
          12     0.25093    0.251257 6.29025e-05
          13    0.250878    0.251228 6.48217e-05
          14    0.251179    0.251225 6.01183e-05
          15    0.251623    0.251251 6.19604e-05
          16    0.251516    0.251268 6.02783e-05
          17    0.250661    0.251232 6.69388e-05
          18    0.251357    0.251239 6.34903e-05
          19    0.251272    0.251241  6.0081e-05
          20    0.251558    0.251257 5.91677e-05
           1     0.24372     0.24372           0
           2    0.243007    0.243363 0.000356642
           3    0.243468    0.243398 0.000208819
           4    0.243525     0.24343  0.00015101
           5    0.243626    0.243469  0.00012338
           6    0.243632    0.243496 0.000104331
           7    0.243572    0.243507  8.8849e-05
           8    0.243455      0.2435 7.72193e-05
           9    0.243658    0.243518 7.03268e-05
          10    0.243672    0.243533 6.47613e-05
          11    0.243317    0.243514 6.18084e-05
          12    0.243107     0.24348 6.58394e-05
          13    0.243087     0.24345 6.76812e-05
          14     0.24329    0.243438 6.36846e-05
          15    0.243858    0.243466  6.5547e-05
          16    0.243613    0.243475 6.19926e-05
          17    0.242845    0.243438 6.90272e-05
          18    0.243466     0.24344 6.50983e-05
          19    0.243544    0.243445 6.18209e-05
          20    0.243621    0.243454    5.93e-05
           1    0.243948    0.243948           0
           2    0.243231     0.24359 0.000358475
           3    0.243612    0.243597 0.000207106
           4    0.243656    0.243612 0.000147192
           5    0.243892    0.243668 0.000127005
           6    0.243751    0.243682  0.00010462
           7    0.243739     0.24369 8.87997e-05
           8    0.243711    0.243693 7.69481e-05
           9    0.243798    0.243704  6.8867e-05
          10    0.243808    0.243715 6.24668e-05
          11    0.243569    0.243701 5.80336e-05
          12    0.243331    0.243671 6.13096e-05
          13    0.243271     0.24364 6.42262e-05
          14    0.243433    0.243625  6.1276e-05
          15    0.244045    0.243653 6.35447e-05
          16    0.243799    0.243662 6.01368e-05
          17    0.243186    0.243634 6.30556e-05
          18    0.243719    0.243639 5.96369e-05
          19    0.243725    0.243643 5.65906e-05
          20    0.243911    0.243657 5.53325e-05
           1     0.23613     0.23613           0
           2    0.235516    0.235823 0.000307127
           3    0.235976    0.235874 0.000184501
           4    0.235948    0.235892 0.000131775
           5    0.236013    0.235917 0.000104892
           6    0.236031    0.235936 8.77408e-05
           7    0.236056    0.235953 7.61324e-05
           8    0.235966    0.235955 6.59518e-05
           9    0.236152    0.235976 6.21551e-05
          10    0.236114     0.23599 5.72604e-05
          11    0.235741    0.235967 5.65438e-05
          12    0.235579    0.235935 6.09177e-05
          13    0.235578    0.235908 6.24094e-05
          14    0.235848    0.235903 5.79343e-05
          15    0.236256    0.235927 5.88317e-05
          16    0.236105    0.235938  5.6146e-05
          17    0.235429    0.235908 6.06401e-05
          18    0.235928    0.235909  5.7183e-05
          19     0.23601    0.235915  5.4351e-05
          20    0.236112    0.235924 5.25012e-05
           1    0.236362    0.236362           0
           2    0.235697     0.23603 0.000332578
           3    0.236154    0.236071 0.000196422
           4     0.23611    0.236081 0.000139231
           5    0.236291    0.236123 0.000115742
           6    0.236178    0.236132 9.49537e-05
           7    0.236197    0.236141 8.07881e-05
           8    0.236164    0.236144 7.00215e-05
           9    0.236351    0.236167 6.58866e-05
          10    0.236184    0.236169 5.89556e-05
          11    0.235973    0.236151 5.62051e-05
          12    0.235897     0.23613 5.55147e-05
          13    0.235732    0.236099 5.95495e-05
          14    0.235974     0.23609  5.5858e-05
          15    0.236532     0.23612 5.97632e-05
          16    0.236277    0.236129 5.67588e-05
          17    0.235657    0.236102 6.01151e-05
          18    0.236146    0.236104 5.67312e-05
          19      0.2362    0.236109 5.38965e-05
          20    0.236333     0.23612 5.23415e-05
           1    0.228962    0.228962           0
           2    0.228408    0.228685 0.000276695
           3    0.228936    0.228769 0.000180271
           4    0.228883    0.228797 0.000130612
           5    0.229048    0.228847 0.000112882
           6    0.228996    0.228872 9.54477e-05
           7     0.22892    0.228879 8.09586e-05
           8    0.228865    0.228877  7.0135e-05
           9    0.229091    0.228901 6.62735e-05
          10    0.229076    0.228918  6.1817e-05
          11     0.22865    0.228894 6.10217e-05
          12    0.228536    0.228864 6.31757e-05
          13     0.22852    0.228838 6.38655e-05
          14    0.228724     0.22883 5.96821e-05
          15    0.229267    0.228859 6.27345e-05
          16    0.228949    0.228864 5.89522e-05
          17    0.228379    0.228836 6.23077e-05
          18    0.228867    0.228838 5.87699e-05
          19    0.228956    0.228844 5.59405e-05
          20    0.228993    0.228851 5.35891e-05
           1    0.229154    0.229154           0
           2    0.228609    0.228881 0.000272218
           3    0.229071    0.228944 0.000169386
           4    0.229058    0.228973 0.000123075
           5    0.229203    0.229019 0.000105893
           6    0.229067    0.229027 8.68322e-05
           7    0.229084    0.229035 7.38462e-05
           8    0.229084    0.229041 6.42455e-05
           9    0.229173    0.229056  5.8533e-05
          10    0.229172    0.229068   5.363e-05
          11    0.228921    0.229054 5.03055e-05
          12    0.228815    0.229034 5.00675e-05
          13     0.22866    0.229006 5.43082e-05
          14     0.22895    0.229002 5.04347e-05
          15    0.229475    0.229033 5.65675e-05
          16    0.229147     0.22904 5.33884e-05
          17    0.228558    0.229012 5.76301e-05
          18    0.229098    0.229017 5.45438e-05
          19    0.229123    0.229022 5.18972e-05
          20    0.229182     0.22903  4.9875e-05
           1    0.221936    0.221936           0
           2     0.22146    0.221698 0.000237976
           3    0.221854     0.22175 0.000146867
           4    0.221828     0.22177 0.000105689
           5    0.221971     0.22181 9.12442e-05
           6    0.221971    0.221837 7.92081e-05
           7     0.22198    0.221857 7.00034e-05
           8    0.221854    0.221857 6.06261e-05
           9     0.22207    0.221881 5.84972e-05
          10    0.222006    0.221893   5.381e-05
          11    0.221677    0.221873 5.24926e-05
          12    0.221541    0.221846  5.5333e-05
          13    0.221496    0.221819  5.7586e-05
          14    0.221764    0.221815 5.34608e-05
          15    0.222207    0.221841 5.62223e-05
          16    0.221981     0.22185 5.33181e-05
          17    0.221406    0.221824 5.64832e-05
          18    0.221841    0.221825 5.32613e-05
          19    0.221929     0.22183 5.06789e-05
          20    0.221913    0.221834 4.82577e-05
           1    0.222131    0.222131           0
           2    0.221684    0.221908 0.000223762
           3     0.22203    0.221948 0.000135476
           4    0.222046    0.221973 9.88344e-05
           5    0.222214    0.222021 9.05243e-05
           6    0.222098    0.222034 7.50288e-05
           7    0.222079     0.22204 6.37329e-05
           8    0.222056    0.222042 5.52309e-05
           9    0.222197     0.22206 5.16413e-05
          10    0.222193    0.222073 4.80663e-05
          11    0.221878    0.222055 4.69326e-05
          12    0.221796    0.222034  4.7991e-05
          13    0.221685    0.222007 5.16573e-05
          14     0.22203    0.222008  4.7854e-05
          15     0.22243    0.222036  5.2674e-05
          16    0.222166    0.222045 4.99313e-05
          17    0.221635     0.22202 5.27312e-05
          18    0.222028    0.222021 4.97174e-05
          19    0.222138    0.222027 4.74272e-05
          20    0.222142    0.222033 4.53616e-05
           1    0.215275    0.215275           0
           2    0.215004     0.21514  0.00013522
           3    0.215295    0.215191 9.36839e-05
           4    0.215263    0.215209 6.86067e-05
           5    0.215398    0.215247 6.51649e-05
           6    0.215455    0.215282 6.34779e-05
           7    0.215417    0.215301 5.70438e-05
           8    0.215271    0.215297 4.95463e-05
           9    0.215447    0.215314 4.67429e-05
          10    0.215438    0.215326 4.36037e-05
          11    0.215228    0.215317 4.04474e-05
          12    0.214987     0.21529 4.60457e-05
          13    0.215035     0.21527 4.66781e-05
          14     0.21526    0.215269 4.32216e-05
          15    0.215637    0.215294 4.70957e-05
          16    0.215376    0.215299 4.43552e-05
          17    0.214937    0.215278 4.67835e-05
          18    0.215244    0.215276 4.41483e-05
          19    0.215441    0.215285 4.26497e-05
          20    0.215347    0.215288 4.05827e-05
           1    0.215535    0.215535           0
           2    0.215215    0.215375 0.000159988
           3    0.215466    0.215405  9.7281e-05
           4    0.215441    0.215414 6.93704e-05
           5    0.215562    0.215444 6.13412e-05
           6     0.21556    0.215463 5.37076e-05
           7    0.215563    0.215477 4.75693e-05
           8     0.21544    0.215473 4.14637e-05
           9    0.215616    0.215489 3.98903e-05
          10    0.215599      0.2155  3.7349e-05
          11    0.215362    0.215487  3.6013e-05
          12    0.215228    0.215466 3.93339e-05
          13    0.215199    0.215445 4.15908e-05
          14    0.215487    0.215448 3.86208e-05
          15    0.215843    0.215474  4.4577e-05
          16    0.215517    0.215477 4.17813e-05
          17    0.215121    0.215456  4.4485e-05
          18    0.215439    0.215455 4.19518e-05
          19    0.215592    0.215462 4.03287e-05
          20     0.21549    0.215464 3.82848e-05
           1    0.208813    0.208813           0
           2    0.208516    0.208665 0.000148563
           3    0.208777    0.208702 9.36284e-05
           4    0.208814     0.20873 7.18079e-05
           5    0.208789    0.208742 5.68707e-05
           6    0.208972     0.20878 6.01992e-05
           7    0.208897    0.208797 5.35378e-05
           8    0.208733    0.208789 4.70541e-05
           9    0.208967    0.208809 4.59484e-05
          10    0.208941    0.208822 4.31728e-05
          11    0.208691     0.20881 4.08231e-05
          12    0.208528    0.208786 4.40743e-05
          13    0.208555    0.208769 4.42692e-05
          14    0.208859    0.208775 4.14897e-05
          15    0.209164    0.208801  4.6508e-05
          16    0.208824    0.208802 4.35273e-05
          17    0.208425     0.20878 4.65294e-05
          18    0.208774     0.20878 4.38697e-05
          19    0.208941    0.208788 4.23575e-05
          20    0.208833    0.208791 4.02451e-05
           1    0.208963    0.208963           0
           2    0.208662    0.208812 0.000150298
           3    0.208942    0.208855 9.68878e-05
           4    0.208912    0.208869 6.99469e-05
           5    0.209056    0.208907 6.58067e-05
           6    0.209101    0.208939  6.2746e-05
           7    0.209049    0.208955 5.52906e-05
           8    0.208929    0.208952 4.79936e-05
           9    0.209133    0.208972 4.68995e-05
          10    0.209099    0.208984 4.38206e-05
          11    0.208934     0.20898 3.99018e-05
          12    0.208791    0.208964  3.9696e-05
          13    0.208697    0.208944 4.19015e-05
          14    0.209026    0.208949  3.9238e-05
          15    0.209365    0.208977 4.58347e-05
          16    0.208915    0.208973 4.30527e-05
          17    0.208653    0.208954 4.46157e-05
          18    0.208998    0.208957 4.21351e-05
          19    0.209077    0.208963 4.03514e-05
          20    0.209039    0.208967 3.84679e-05
           1    0.202713    0.202713           0
           2    0.202436    0.202574 0.000138774
           3    0.202711     0.20262 9.21924e-05
           4    0.202677    0.202634 6.67198e-05
           5    0.202736    0.202654 5.55337e-05
           6    0.202894    0.202694 6.03768e-05
           7    0.202734      0.2027 5.13446e-05
           8    0.202642    0.202693  4.5058e-05
           9    0.202853    0.202711 4.35662e-05
          10    0.202918    0.202731 4.41627e-05
          11    0.202649    0.202724 4.06492e-05
          12    0.202512    0.202706  4.1104e-05
          13    0.202496     0.20269 4.11264e-05
          14    0.202725    0.202692 3.81577e-05
          15    0.203014    0.202714 4.14861e-05
          16    0.202673    0.202711 3.88916e-05
          17    0.202405    0.202693 4.07407e-05
          18    0.202769    0.202698 3.86386e-05
          19    0.202783    0.202702 3.68257e-05
          20    0.202727    0.202703 3.49581e-05
           1     0.20293     0.20293           0
           2    0.202624    0.202777 0.000152749
           3    0.202937    0.202831 0.000103084
           4    0.202851    0.202836 7.30654e-05
           5    0.202902    0.202849 5.81373e-05
           6    0.203035     0.20288 5.67417e-05
           7    0.202927    0.202887 4.84237e-05
           8    0.202836     0.20288 4.24192e-05
           9    0.203022    0.202896 4.05756e-05
          10    0.203066    0.202913 4.00576e-05
          11    0.202822    0.202905 3.71584e-05
          12    0.202734     0.20289 3.67945e-05
          13    0.202622     0.20287  3.9638e-05
          14    0.202917    0.202873 3.68505e-05
          15    0.203226    0.202897 4.16045e-05
          16    0.202838    0.202893 3.90896e-05
          17     0.20258    0.202875 4.10763e-05
          18    0.202898    0.202876  3.8748e-05
          19    0.202955     0.20288 3.68901e-05
          20    0.202877     0.20288 3.49973e-05
           1    0.196729    0.196729           0
           2     0.19642    0.196574 0.000154678
           3    0.196709    0.196619 9.99058e-05
           4    0.196706    0.196641 7.39294e-05
           5    0.196733    0.196659 6.01473e-05
           6    0.196887    0.196697 6.20583e-05
           7    0.196784     0.19671 5.38998e-05
           8    0.196653    0.196703 4.72113e-05
           9    0.196851    0.196719 4.47897e-05
          10    0.196857    0.196733 4.23764e-05
          11    0.196647    0.196725 3.91221e-05
          12    0.196528    0.196709 3.93311e-05
          13    0.196512    0.196694 3.92294e-05
          14    0.196709    0.196695 3.63369e-05
          15    0.196957    0.196712 3.80722e-05
          16    0.196679     0.19671 3.56753e-05
          17     0.19639    0.196691 3.84498e-05
          18    0.196758    0.196695 3.64387e-05
          19    0.196749    0.196698 3.45869e-05
          20    0.196695    0.196698 3.28123e-05
           1    0.196915    0.196915           0
           2    0.196585     0.19675 0.000164847
           3    0.196889    0.196797 0.000105874
           4    0.196833    0.196806 7.54202e-05
           5    0.196897    0.196824 6.12157e-05
           6    0.197001    0.196854 5.80266e-05
           7    0.196895    0.196859 4.93921e-05
           8    0.196836    0.196857 4.28772e-05
           9    0.197017    0.196874 4.17947e-05
          10     0.19699    0.196886 3.91389e-05
          11    0.196821     0.19688 3.58979e-05
          12    0.196743    0.196869 3.47079e-05
          13    0.196666    0.196853 3.55175e-05
          14    0.196868    0.196854 3.29005e-05
          15    0.197133    0.196873 3.58252e-05
          16    0.196825     0.19687 3.36443e-05
          17    0.196586    0.196853 3.57487e-05
          18    0.196899    0.196855 3.38004e-05
          19    0.196883    0.196857 3.20048e-05
          20    0.196854    0.196857 3.03628e-05
