           1   -0.971318   -0.971318           0
           2   -0.976105   -0.973711   0.0023936
           3   -0.970575   -0.972666  0.00173277
           4   -0.972214   -0.972553  0.00123046
           5   -0.972786     -0.9726 0.000954255
           6    -0.97077   -0.972295 0.000836662
           7   -0.975583   -0.972764 0.000848944
           8   -0.976418   -0.973221 0.000865478
           9   -0.976604   -0.973597 0.000850811
          10    -0.97531   -0.973768  0.00078004
          11    -0.97607   -0.973978 0.000735935
          12    -0.97433   -0.974007 0.000672454
          13   -0.973595   -0.973975 0.000619378
          14    -0.97356   -0.973946 0.000574199
          15   -0.979862    -0.97434 0.000664334
          16    -0.97155   -0.974166 0.000645436
          17   -0.972482   -0.974067 0.000614313
          18   -0.974047   -0.974066 0.000579181
          19   -0.977569    -0.97425 0.000578046
          20   -0.972951   -0.974185 0.000552214
           1   -0.999294   -0.999294           0
           2    -1.00562    -1.00246  0.00316177
           3    -1.00126    -1.00206  0.00186816
           4    -1.00399    -1.00254  0.00140689
           5    -1.00088    -1.00221  0.00113951
           6    -1.00147    -1.00209 0.000938438
           7   -0.999954    -1.00178 0.000849623
           8    -1.00194     -1.0018 0.000736063
           9    -1.00477    -1.00213 0.000728319
          10    -1.00262    -1.00218 0.000653277
          11    -1.00304    -1.00226 0.000596022
          12    -1.00512     -1.0025 0.000594126
          13    -1.00371    -1.00259  0.00055446
          14    -1.00197    -1.00255 0.000515248
          15    -1.00706    -1.00285 0.000566099
          16    -1.00301    -1.00286 0.000529639
          17   -0.999833    -1.00268 0.000528369
          18    -1.00414    -1.00276 0.000504715
          19    -1.00475    -1.00287 0.000488733
          20    -1.00089    -1.00277 0.000474086
           1   -0.958566   -0.958566           0
           2   -0.964275    -0.96142   0.0028548
           3   -0.960061   -0.960967  0.00170939
           4   -0.956082   -0.959746  0.00171838
           5   -0.961747   -0.960146  0.00138994
           6   -0.961572   -0.960384  0.00115949
           7    -0.96185   -0.960593   0.0010021
           8   -0.963578   -0.960966 0.000944624
           9   -0.962231   -0.961107 0.000844852
          10   -0.962604   -0.961257 0.000770347
          11   -0.960795   -0.961215 0.000698066
          12   -0.958714   -0.961006 0.000670441
          13   -0.960366   -0.960957 0.000618682
          14   -0.958807   -0.960803 0.000593014
          15   -0.958416   -0.960644 0.000574551
          16   -0.960209   -0.960617 0.000538132
          17   -0.961853    -0.96069 0.000510687
          18    -0.96005   -0.960654 0.000482789
          19   -0.964934   -0.960879 0.000509194
          20   -0.958026   -0.960737 0.000503687
           1   -0.988431   -0.988431           0
           2   -0.991776   -0.990104  0.00167258
           3   -0.989823    -0.99001 0.000970196
           4   -0.991828   -0.990465 0.000822937
           5    -0.99232   -0.990836 0.000737606
           6   -0.990512   -0.990782 0.000604666
           7   -0.991779   -0.990924 0.000530524
           8   -0.988162   -0.990579  0.00057471
           9   -0.990967   -0.990622 0.000508679
          10   -0.990093   -0.990569 0.000458038
          11    -0.99379   -0.990862 0.000507308
          12   -0.992575   -0.991005 0.000484595
          13   -0.993411    -0.99119 0.000482671
          14    -0.98971   -0.991084 0.000459192
          15   -0.992261   -0.991163 0.000434621
          16   -0.993185   -0.991289 0.000425754
          17   -0.989868   -0.991205 0.000408572
          18   -0.992984   -0.991304 0.000397679
          19   -0.993926   -0.991442 0.000400681
          20   -0.990875   -0.991414 0.000381175
           1   -0.943255   -0.943255           0
           2   -0.948825    -0.94604   0.0027848
           3   -0.945407   -0.945829  0.00162158
           4   -0.944678   -0.945541  0.00118221
           5   -0.944296   -0.945292    0.000949
           6   -0.946692   -0.945525 0.000809217
           7   -0.948776    -0.94599 0.000826661
           8   -0.949182   -0.946389 0.000819625
           9   -0.944818   -0.946214 0.000743606
          10   -0.946277   -0.946221 0.000665131
          11   -0.947542   -0.946341 0.000613501
          12   -0.942797   -0.946045 0.000633144
          13   -0.944906   -0.945958 0.000588961
          14   -0.943042    -0.94575 0.000583683
          15   -0.942543   -0.945536 0.000583912
          16   -0.947089   -0.945633 0.000554757
          17     -0.9472   -0.945725 0.000529194
          18   -0.946515   -0.945769 0.000500857
          19   -0.949114   -0.945945 0.000505411
          20   -0.946333   -0.945964 0.000479867
           1   -0.970919   -0.970919           0
           2   -0.977386   -0.974152   0.0032338
           3   -0.974904   -0.974403  0.00188376
           4   -0.977311    -0.97513  0.00151747
           5   -0.977715   -0.975647  0.00128413
           6   -0.974487   -0.975454  0.00106617
           7   -0.981489   -0.976316  0.00124718
           8   -0.973106   -0.975915  0.00115222
           9   -0.976461   -0.975975  0.00101798
          10   -0.974477   -0.975825  0.00092275
          11   -0.978464   -0.976065  0.00086845
          12   -0.979823   -0.976378 0.000852401
          13   -0.976856   -0.976415 0.000784955
          14   -0.976319   -0.976408  0.00072676
          15   -0.975956   -0.976378 0.000677249
          16   -0.973431   -0.976194 0.000659751
          17   -0.975027   -0.976125 0.000623516
          18   -0.975859   -0.976111 0.000588042
          19   -0.976021   -0.976106 0.000556252
          20   -0.976767   -0.976139  0.00052874
           1   -0.926865   -0.926865           0
           2   -0.931146   -0.929005   0.0021404
           3   -0.929418   -0.929143  0.00124338
           4   -0.927534    -0.92874  0.00096686
           5   -0.928188    -0.92863 0.000757032
           6    -0.92965     -0.9288 0.000641051
           7   -0.932463   -0.929323 0.000753267
           8   -0.929455    -0.92934 0.000652557
           9   -0.927118   -0.929093 0.000626193
          10   -0.930189   -0.929202 0.000570705
          11   -0.932202   -0.929475 0.000583833
          12   -0.926775    -0.92925 0.000578512
          13   -0.928304   -0.929177 0.000537108
          14   -0.927822   -0.929081 0.000506608
          15   -0.928293   -0.929028 0.000474541
          16   -0.930211   -0.929102  0.00045001
          17   -0.928796   -0.929084 0.000423094
          18   -0.928604   -0.929057 0.000399787
          19   -0.928869   -0.929047 0.000378291
          20   -0.928694    -0.92903 0.000359314
           1   -0.953389   -0.953389           0
           2   -0.956868   -0.955128  0.00173944
           3     -0.9573   -0.955852  0.00123798
           4   -0.959289   -0.956712  0.00122661
           5     -0.9575   -0.956869 0.000963117
           6   -0.958412   -0.957126 0.000827329
           7   -0.962704   -0.957923  0.00106006
           8   -0.956409   -0.957734 0.000937348
           9   -0.955973   -0.957538 0.000849507
          10     -0.9519   -0.956974 0.000946173
          11   -0.960333    -0.95728 0.000908679
          12   -0.960817   -0.957574 0.000880335
          13   -0.957125    -0.95754 0.000810528
          14   -0.956138    -0.95744 0.000757055
          15   -0.958221   -0.957492   0.0007067
          16   -0.958658   -0.957565 0.000665065
          17   -0.955567   -0.957447 0.000635672
          18   -0.959818   -0.957579 0.000613619
          19   -0.955943   -0.957493 0.000586779
          20   -0.958845    -0.95756 0.000560758
           1   -0.910135   -0.910135           0
           2   -0.913278   -0.911706   0.0015712
           3   -0.913502   -0.912305  0.00108687
           4   -0.910155   -0.911768 0.000937825
           5   -0.912788   -0.911972 0.000754558
           6   -0.913314   -0.912195 0.000655479
           7   -0.915036   -0.912601 0.000686703
           8   -0.911263   -0.912434 0.000617775
           9   -0.909053   -0.912058 0.000661799
          10   -0.911518   -0.912004 0.000594388
          11   -0.914693   -0.912249  0.00059059
          12   -0.910402   -0.912095 0.000560657
          13   -0.911402   -0.912042 0.000518479
          14   -0.912523   -0.912076  0.00048125
          15   -0.911959   -0.912068 0.000448087
          16   -0.910934   -0.911997 0.000425095
          17   -0.912206    -0.91201 0.000399496
          18   -0.912654   -0.912045 0.000378348
          19   -0.912639   -0.912077 0.000359244
          20    -0.91056   -0.912001 0.000349143
           1   -0.937076   -0.937076           0
           2   -0.938722   -0.937899   0.0008233
           3    -0.93877   -0.938189 0.000557017
           4   -0.938755   -0.938331 0.000418489
           5   -0.938236   -0.938312 0.000324716
           6   -0.938651   -0.938368 0.000271087
           7   -0.939032   -0.938463 0.000247931
           8   -0.937843   -0.938386 0.000228272
           9   -0.937255    -0.93826 0.000237285
          10    -0.93392   -0.937826 0.000483073
          11   -0.941655   -0.938174 0.000558687
          12   -0.940452   -0.938364 0.000544194
          13   -0.940428   -0.938523 0.000525163
          14   -0.937809   -0.938472 0.000488872
          15   -0.937444   -0.938403  0.00046024
          16   -0.937106   -0.938322 0.000438086
          17   -0.937392   -0.938267 0.000415134
          18   -0.938431   -0.938277 0.000391498
          19   -0.939892   -0.938362 0.000379955
          20   -0.940582   -0.938473 0.000377167
           1   -0.893291   -0.893291           0
           2   -0.896597   -0.894944   0.0016528
           3   -0.893833   -0.894574  0.00102361
           4    -0.89481   -0.894633 0.000726219
           5   -0.897807   -0.895268 0.000848239
           6   -0.896512   -0.895475 0.000722967
           7   -0.896914   -0.895681 0.000644652
           8   -0.892678   -0.895305 0.000672689
           9   -0.895026   -0.895274  0.00059407
          10   -0.894556   -0.895202 0.000536184
          11    -0.89658   -0.895328 0.000500905
          12   -0.893375   -0.895165 0.000485346
          13   -0.895599   -0.895198 0.000447701
          14   -0.895424   -0.895214 0.000414804
          15   -0.895111   -0.895208 0.000386223
          16   -0.893748   -0.895116 0.000372618
          17   -0.895704   -0.895151 0.000351716
          18   -0.894062    -0.89509  0.00033707
          19   -0.897286   -0.895206 0.000339138
          20   -0.894874   -0.895189 0.000322162
           1   -0.914762   -0.914762           0
           2   -0.917112   -0.915937  0.00117515
           3   -0.917989   -0.916621 0.000963562
           4   -0.918293   -0.917039 0.000799403
           5   -0.918703   -0.917372 0.000702945
           6   -0.919474   -0.917722 0.000672474
           7   -0.916514    -0.91755 0.000593992
           8   -0.913825   -0.917084 0.000693829
           9   -0.917438   -0.917123 0.000613163
          10   -0.912296   -0.916641 0.000730625
          11   -0.917866   -0.916752 0.000670204
          12   -0.917015   -0.916774 0.000612203
          13   -0.918528   -0.916909  0.00057909
          14   -0.917423   -0.916946 0.000537388
          15     -0.9163   -0.916903 0.000502132
          16   -0.916111   -0.916853 0.000472299
          17   -0.915502   -0.916774 0.000450708
          18   -0.917826   -0.916832 0.000428936
          19   -0.916241   -0.916801 0.000406925
          20   -0.918612   -0.916892 0.000396517
           1    -0.87726    -0.87726           0
           2   -0.880535   -0.878898   0.0016376
           3   -0.878322   -0.878706 0.000964767
           4    -0.87667   -0.878197 0.000851038
           5   -0.880034   -0.878564 0.000754738
           6   -0.877159    -0.87833  0.00065924
           7   -0.878442   -0.878346 0.000557387
           8   -0.876113   -0.878067 0.000557619
           9   -0.878941   -0.878164 0.000501268
          10    -0.87819   -0.878167 0.000448355
          11   -0.879401   -0.878279 0.000420786
          12    -0.87772   -0.878232 0.000386936
          13   -0.881262   -0.878465 0.000425459
          14   -0.879144   -0.878514  0.00039687
          15   -0.878498   -0.878513 0.000369468
          16   -0.879032   -0.878545 0.000347126
          17     -0.8802   -0.878643 0.000340287
          18    -0.87885   -0.878654 0.000321034
          19   -0.878798   -0.878662 0.000303763
          20    -0.87929   -0.878693  0.00028988
           1    -0.89411    -0.89411           0
           2   -0.896924   -0.895517  0.00140721
           3    -0.89537   -0.895468 0.000813919
           4     -0.8967   -0.895776 0.000652788
           5   -0.898114   -0.896244 0.000688724
           6   -0.896857   -0.896346 0.000571567
           7   -0.896451   -0.896361 0.000483294
           8   -0.893702   -0.896029 0.000534443
           9   -0.897125    -0.89615  0.00048682
          10   -0.895418   -0.896077 0.000441548
          11   -0.897383   -0.896196 0.000416652
          12   -0.896495   -0.896221 0.000381164
          13   -0.898849   -0.896423 0.000404735
          14   -0.896653   -0.896439 0.000375072
          15   -0.895677   -0.896388 0.000352854
          16   -0.893659   -0.896218 0.000371549
          17    -0.89824   -0.896337 0.000368727
          18   -0.896871   -0.896367 0.000348902
          19   -0.895296    -0.89631 0.000334799
          20   -0.897153   -0.896352   0.0003204
           1   -0.860874   -0.860874           0
           2   -0.863058   -0.861966    0.001092
           3   -0.861994   -0.861975  0.00063054
           4   -0.861655   -0.861895 0.000452979
           5   -0.862605   -0.862037 0.000378491
           6   -0.861514    -0.86195 0.000321118
           7   -0.863159   -0.862123 0.000321716
           8   -0.861145      -0.862 0.000304246
           9   -0.861023   -0.861892 0.000289456
          10    -0.86101   -0.861804  0.00027349
          11   -0.861158   -0.861745 0.000254241
          12   -0.859839   -0.861586 0.000281227
          13   -0.865113   -0.861857  0.00037485
          14   -0.862926   -0.861934 0.000355343
          15   -0.862944   -0.862001 0.000337592
          16   -0.861401   -0.861964  0.00031801
          17   -0.863338   -0.862044 0.000309458
          18   -0.861553   -0.862017 0.000293036
          19   -0.860039   -0.861913 0.000296089
          20   -0.862423   -0.861939  0.00028205
           1   -0.875454   -0.875454           0
           2   -0.877703   -0.876579   0.0011246
           3   -0.875212   -0.876123 0.000793074
           4   -0.878574   -0.876736 0.000830605
           5   -0.878771   -0.877143 0.000761296
           6   -0.877772   -0.877248 0.000630374
           7   -0.877401    -0.87727 0.000533212
           8   -0.874461   -0.876919 0.000580049
           9   -0.876337   -0.876854 0.000515621
          10   -0.873483   -0.876517  0.00057124
          11    -0.87863   -0.876709 0.000551264
          12   -0.876047   -0.876654 0.000506252
          13   -0.880671   -0.876963 0.000558882
          14   -0.876402   -0.876923 0.000518971
          15   -0.877642   -0.876971 0.000485509
          16   -0.875753   -0.876895 0.000460487
          17   -0.878183    -0.87697 0.000439145
          18   -0.876395   -0.876938 0.000415262
          19   -0.873542    -0.87676 0.000431559
          20   -0.879053   -0.876874 0.000425167
           1   -0.845237   -0.845237           0
           2    -0.84519   -0.845214    2.32e-05
           3    -0.84493   -0.845119 9.56096e-05
           4    -0.84487   -0.845057 9.18213e-05
           5   -0.846866   -0.845419 0.000368842
           6    -0.84485   -0.845324 0.000315703
           7    -0.84569   -0.845376 0.000271881
           8    -0.84415   -0.845223 0.000280925
           9   -0.845217   -0.845222 0.000247753
          10   -0.844079   -0.845108 0.000249344
          11   -0.845075   -0.845105  0.00022556
          12   -0.843686   -0.844987 0.000237464
          13   -0.847226   -0.845159 0.000278161
          14   -0.846304   -0.845241 0.000270203
          15   -0.846182   -0.845303 0.000259248
          16   -0.844515   -0.845254 0.000247458
          17   -0.847144   -0.845365  0.00025766
          18   -0.843276   -0.845249 0.000269232
          19   -0.843698   -0.845168 0.000267442
          20   -0.846892   -0.845254 0.000267968
           1   -0.857405   -0.857405           0
           2   -0.858783   -0.858094 0.000688836
           3   -0.856046   -0.857411 0.000790211
           4    -0.85865   -0.857721 0.000638764
           5   -0.860344   -0.858246 0.000721132
           6   -0.858011   -0.858207 0.000590093
           7   -0.858009   -0.858178 0.000499515
           8   -0.857542   -0.858099 0.000439856
           9    -0.85761   -0.858045 0.000391695
          10   -0.854401    -0.85768 0.000505432
          11   -0.859226   -0.857821 0.000478289
          12   -0.856513   -0.857712 0.000450019
          13   -0.859812   -0.857873 0.000444357
          14   -0.858043   -0.857885 0.000411573
          15   -0.859042   -0.857962 0.000390834
          16   -0.856256   -0.857856 0.000380839
          17   -0.860032   -0.857984  0.00037996
          18   -0.858084   -0.857989 0.000358273
          19    -0.85425   -0.857793 0.000391889
          20   -0.860013   -0.857904 0.000388007
           1   -0.827496   -0.827496           0
           2   -0.827511   -0.827504 7.59999e-06
           3   -0.827991   -0.827666 0.000162593
           4   -0.827957   -0.827739  0.00013601
           5   -0.829082   -0.828007 0.000288485
           6   -0.827658   -0.827949 0.000242653
           7   -0.828631   -0.828047 0.000227054
           8    -0.82776   -0.828011  0.00019987
           9   -0.828226   -0.828035  0.00017789
          10   -0.827766   -0.828008 0.000161369
          11   -0.827958   -0.828003 0.000146033
          12   -0.827304   -0.827945 0.000145489
          13   -0.829503   -0.828065 0.000179659
          14   -0.828446   -0.828092  0.00016855
          15   -0.829033   -0.828155 0.000168979
          16   -0.826708   -0.828064 0.000182104
          17   -0.830696   -0.828219 0.000230702
          18   -0.828641   -0.828243 0.000218765
          19   -0.826993   -0.828177 0.000217135
          20   -0.829558   -0.828246 0.000217253
           1   -0.836693   -0.836693           0
           2   -0.838515   -0.837604  0.00091102
           3   -0.838214   -0.837807 0.000563831
           4   -0.839427   -0.838212 0.000568303
           5   -0.840423   -0.838655 0.000623874
           6   -0.837779   -0.838509 0.000529881
           7   -0.839987    -0.83872 0.000495155
           8   -0.839701   -0.838842 0.000445997
           9   -0.838579   -0.838813 0.000394416
          10   -0.835985    -0.83853  0.00045217
          11   -0.839614   -0.838629 0.000420709
          12   -0.838086   -0.838584 0.000386706
          13   -0.841947   -0.838842 0.000439848
          14   -0.840155   -0.838936  0.00041788
          15   -0.841017   -0.839075  0.00041302
          16   -0.837471   -0.838975 0.000399142
          17   -0.841251   -0.839109 0.000398128
          18    -0.83992   -0.839154 0.000378054
          19   -0.835139   -0.838942 0.000415359
          20   -0.838663   -0.838928 0.000394292
           1   -0.811718   -0.811718           0
           2   -0.810907   -0.811313   0.0004056
           3   -0.811722   -0.811449 0.000270935
           4   -0.810962   -0.811327 0.000227056
           5   -0.811846   -0.811431 0.000204162
           6   -0.810035   -0.811198 0.000286177
           7   -0.811563    -0.81125 0.000247418
           8    -0.81145   -0.811275 0.000215712
           9   -0.811082   -0.811254 0.000191454
          10   -0.810336   -0.811162 0.000194286
          11    -0.81135   -0.811179 0.000176571
          12   -0.811129   -0.811175 0.000161241
          13   -0.812128   -0.811248  0.00016545
          14   -0.811712   -0.811281 0.000156717
          15   -0.811529   -0.811298 0.000146825
          16    -0.80966   -0.811195 0.000171295
          17   -0.813984    -0.81136 0.000229773
          18   -0.810899   -0.811334 0.000218136
          19   -0.809506   -0.811238 0.000227672
          20   -0.811877    -0.81127  0.00021834
           1   -0.818968   -0.818968           0
           2   -0.820641   -0.819805 0.000836284
           3   -0.819434   -0.819681 0.000498384
           4    -0.82093   -0.819993 0.000470916
           5    -0.82143   -0.820281 0.000464353
           6   -0.819814   -0.820203 0.000387043
           7   -0.822807   -0.820575 0.000495349
           8   -0.820304   -0.820541 0.000430324
           9   -0.820445    -0.82053 0.000379659
          10   -0.817693   -0.820247 0.000442491
          11   -0.821137   -0.820328 0.000408351
          12    -0.82054   -0.820345 0.000373191
          13   -0.822092    -0.82048 0.000368653
          14   -0.820868   -0.820507 0.000342432
          15   -0.821637   -0.820583 0.000327568
          16   -0.818938    -0.82048 0.000323188
          17   -0.822241   -0.820584 0.000320762
          18   -0.821239    -0.82062 0.000304604
          19    -0.81737   -0.820449 0.000335078
          20   -0.820727   -0.820463 0.000318187
           1   -0.794681   -0.794681           0
           2   -0.794831   -0.794756    7.52e-05
           3    -0.79453   -0.794681 8.68335e-05
           4    -0.79425   -0.794573 0.000123886
           5   -0.794964   -0.794651 0.000123765
           6    -0.79296   -0.794369 0.000299459
           7   -0.794776   -0.794428 0.000259667
           8   -0.794566   -0.794445 0.000225547
           9   -0.794479   -0.794449  0.00019895
          10   -0.793022   -0.794306 0.000228104
          11   -0.793813   -0.794261 0.000211143
          12   -0.794595   -0.794289 0.000194746
          13    -0.79483   -0.794331 0.000183904
          14   -0.795701   -0.794428 0.000196388
          15   -0.794317   -0.794421 0.000182978
          16   -0.793006   -0.794333  0.00019267
          17   -0.795952   -0.794428 0.000204522
          18   -0.795081   -0.794464 0.000196208
          19   -0.792666   -0.794369 0.000208339
          20   -0.794413   -0.794372  0.00019766
           1   -0.801224   -0.801224           0
           2   -0.801298   -0.801261   3.712e-05
           3   -0.801911   -0.801477  0.00021787
           4   -0.802453   -0.801721 0.000288466
           5   -0.803556   -0.802088 0.000429661
           6   -0.800861   -0.801884 0.000406118
           7   -0.804163   -0.802209 0.000473138
           8   -0.802309   -0.802222 0.000409939
           9    -0.80219   -0.802218  0.00036155
          10   -0.800041   -0.802001 0.000389822
          11   -0.801531   -0.801958 0.000355181
          12   -0.802157   -0.801975 0.000324656
          13   -0.803194   -0.802068 0.000313027
          14   -0.802811   -0.802121 0.000294621
          15   -0.802866   -0.802171 0.000278729
          16   -0.800749   -0.802082 0.000275458
          17    -0.80318   -0.802147 0.000266687
          18   -0.802965   -0.802192 0.000255517
          19    -0.79929   -0.802039 0.000285923
          20   -0.802871   -0.802081 0.000274421
           1   -0.778182   -0.778182           0
           2   -0.778595   -0.778389   0.0002064
           3   -0.777117   -0.777965 0.000440427
           4   -0.777897   -0.777948 0.000311893
           5   -0.777905   -0.777939 0.000241744
           6   -0.776827   -0.777754 0.000270756
           7   -0.777721   -0.777749 0.000228879
           8   -0.778936   -0.777898 0.000247586
           9   -0.778121   -0.777922 0.000219756
          10   -0.776208   -0.777751 0.000260812
          11   -0.777814   -0.777757 0.000235982
          12   -0.777882   -0.777767 0.000215673
          13    -0.77791   -0.777778 0.000198697
          14   -0.779494   -0.777901 0.000221067
          15   -0.778159   -0.777918 0.000206523
          16   -0.777387   -0.777885 0.000196011
          17    -0.78019    -0.77802 0.000228654
          18    -0.77817   -0.778029 0.000215737
          19   -0.776934   -0.777971 0.000212037
          20    -0.77733   -0.777939  0.00020369
           1    -0.78383    -0.78383           0
           2   -0.783522   -0.783676 0.000154096
           3   -0.783414   -0.783589  0.00012479
           4   -0.785873    -0.78416 0.000577802
           5   -0.785132   -0.784354 0.000487984
           6   -0.783714   -0.784247 0.000412487
           7   -0.785437   -0.784417 0.000387807
           8   -0.784929   -0.784481 0.000341896
           9    -0.78515   -0.784556 0.000310555
          10   -0.782972   -0.784397 0.000319743
          11   -0.783921   -0.784354 0.000292436
          12   -0.784872   -0.784397 0.000270424
          13   -0.785953   -0.784517  0.00027606
          14   -0.786205   -0.784638 0.000282602
          15   -0.785537   -0.784697  0.00026984
          16   -0.783656   -0.784632 0.000260678
          17   -0.785725   -0.784697 0.000253161
          18    -0.78549   -0.784741 0.000242715
          19     -0.7828   -0.784639 0.000251275
          20   -0.785614   -0.784687  0.00024332
           1    -0.76151    -0.76151           0
           2   -0.761022   -0.761266    0.000244
           3   -0.760829    -0.76112 0.000202595
           4   -0.761431   -0.761198 0.000163019
           5   -0.761251   -0.761208 0.000126725
           6   -0.760785   -0.761138 0.000125269
           7   -0.761242   -0.761153  0.00010692
           8   -0.762105   -0.761272 0.000150781
           9   -0.762848   -0.761447 0.000219896
          10   -0.759212   -0.761223 0.000297713
          11   -0.761189    -0.76122  0.00026931
          12   -0.761479   -0.761242  0.00024679
          13   -0.761041   -0.761226  0.00022754
          14   -0.762925   -0.761348 0.000243095
          15   -0.761484   -0.761357 0.000226491
          16   -0.761466   -0.761364 0.000211972
          17   -0.762481   -0.761429 0.000209678
          18   -0.762271   -0.761476 0.000203144
          19   -0.760757   -0.761438 0.000195849
          20   -0.760933   -0.761413 0.000187509
           1   -0.766699   -0.766699           0
           2   -0.765643   -0.766171  0.00052834
           3   -0.766839   -0.766394 0.000377741
           4   -0.768151   -0.766833 0.000514102
           5   -0.767624   -0.766991 0.000428508
           6   -0.767221    -0.76703 0.000351956
           7   -0.766587   -0.766966 0.000304101
           8   -0.766732   -0.766937 0.000264986
           9   -0.768275   -0.767086 0.000276996
          10   -0.765483   -0.766925 0.000295078
          11   -0.766885   -0.766922 0.000266934
          12   -0.767638   -0.766981 0.000250883
          13   -0.768592   -0.767105 0.000261943
          14   -0.768496   -0.767205 0.000262072
          15   -0.768758   -0.767308 0.000265044
          16   -0.766548   -0.767261 0.000252442
          17   -0.767601   -0.767281 0.000237971
          18    -0.76843   -0.767345 0.000233263
          19   -0.765732    -0.76726 0.000236412
          20   -0.767338   -0.767264 0.000224315
           1   -0.746165   -0.746165           0
           2   -0.745321   -0.745743    0.000422
           3   -0.745853   -0.745779 0.000246385
           4   -0.745914   -0.745813 0.000177457
           5   -0.744838   -0.745618 0.000238676
           6   -0.744646   -0.745456 0.000253471
           7   -0.744997    -0.74539 0.000224041
           8    -0.74661   -0.745543 0.000246722
           9   -0.747225    -0.74573 0.000286831
          10   -0.743234    -0.74548 0.000357942
          11   -0.745006   -0.745437 0.000326621
          12   -0.745721   -0.745461   0.0002991
          13   -0.745559   -0.745468 0.000275236
          14   -0.746534   -0.745544 0.000265939
          15   -0.745824   -0.745563 0.000248277
          16   -0.744406   -0.745491 0.000243246
          17   -0.746787   -0.745567 0.000240883
          18   -0.745556   -0.745566 0.000227107
          19   -0.744983   -0.745536 0.000217003
          20   -0.744482   -0.745483 0.000212506
           1    -0.75035    -0.75035           0
           2   -0.749462   -0.749906  0.00044366
           3    -0.75019   -0.750001 0.000273106
           4   -0.750868   -0.750218 0.000290299
           5   -0.751285   -0.750431 0.000310056
           6   -0.750597   -0.750459 0.000254657
           7   -0.749875   -0.750375 0.000230811
           8   -0.750524   -0.750394 0.000200747
           9   -0.752317   -0.750608 0.000277506
          10   -0.749564   -0.750503 0.000269254
          11   -0.749993   -0.750457 0.000247918
          12   -0.751904   -0.750577 0.000256448
          13   -0.751447   -0.750644   0.0002452
          14   -0.752066   -0.750746 0.000248699
          15   -0.752752    -0.75088  0.00026739
          16   -0.748929   -0.750758 0.000278244
          17   -0.751036   -0.750774 0.000261876
          18   -0.751153   -0.750795 0.000247795
          19   -0.749527   -0.750728 0.000243704
          20   -0.750442   -0.750714  0.00023164
           1   -0.730462   -0.730462           0
           2    -0.73006   -0.730261   0.0002008
           3   -0.729878   -0.730133 0.000172302
           4   -0.730208   -0.730152 0.000123258
           5   -0.729802   -0.730082 0.000118434
           6   -0.728851   -0.729877 0.000226772
           7   -0.728782    -0.72972 0.000247409
           8   -0.731167   -0.729901 0.000280389
           9   -0.731554   -0.730085  0.00030804
          10   -0.727258   -0.729802 0.000394717
          11   -0.729529   -0.729777 0.000357899
          12   -0.731138   -0.729891 0.000345842
          13   -0.730613   -0.729946  0.00032294
          14   -0.730579   -0.729992 0.000302382
          15   -0.730618   -0.730033  0.00028458
          16   -0.729291   -0.729987  0.00027021
          17   -0.731342   -0.730067 0.000266048
          18   -0.730504   -0.730091 0.000252007
          19   -0.729214   -0.730045 0.000242797
          20    -0.72919   -0.730002 0.000234266
           1   -0.733694   -0.733694           0
           2   -0.734823   -0.734258 0.000564188
           3   -0.733662   -0.734059 0.000381626
           4   -0.734601   -0.734195 0.000301942
           5   -0.734607   -0.734277 0.000247997
           6   -0.734436   -0.734304   0.0002042
           7   -0.733473   -0.734185 0.000209427
           8   -0.734733   -0.734254 0.000193876
           9   -0.735626   -0.734406 0.000229114
          10   -0.732404   -0.734206 0.000286477
          11   -0.734169   -0.734203  0.00025915
          12   -0.736023   -0.734354 0.000281034
          13   -0.735893   -0.734473 0.000284336
          14   -0.735934   -0.734577 0.000283178
          15   -0.736031   -0.734674 0.000280872
          16   -0.733032   -0.734571 0.000282066
          17   -0.735681   -0.734637 0.000272875
          18   -0.735015   -0.734658 0.000258126
          19   -0.733092   -0.734575 0.000257695
          20   -0.734207   -0.734557 0.000245163
           1   -0.714094   -0.714094           0
           2   -0.714633   -0.714363   0.0002696
           3   -0.714623    -0.71445 0.000178155
           4   -0.715162   -0.714628 0.000218177
           5    -0.71455   -0.714612 0.000169725
           6    -0.71353   -0.714432 0.000227525
           7   -0.713262   -0.714265 0.000254732
           8   -0.715408   -0.714408 0.000262843
           9   -0.715736   -0.714555 0.000274803
          10   -0.713146   -0.714414 0.000283307
          11   -0.714597   -0.714431 0.000256797
          12   -0.715778   -0.714543 0.000259898
          13   -0.714742   -0.714559 0.000239562
          14   -0.714839   -0.714579 0.000222695
          15   -0.715183   -0.714619   0.0002112
          16   -0.714111   -0.714587 0.000200091
          17   -0.715366   -0.714633 0.000193462
          18   -0.714425   -0.714621 0.000182764
          19   -0.713258    -0.71455 0.000187187
          20   -0.714146   -0.714529 0.000178722
           1   -0.717298   -0.717298           0
           2    -0.71823   -0.717764 0.000466204
           3   -0.717864   -0.717797 0.000271197
           4   -0.718882   -0.718068 0.000332191
           5   -0.719141   -0.718283  0.00033504
           6   -0.718214   -0.718272 0.000273802
           7   -0.716913   -0.718078  0.00030197
           8   -0.718905   -0.718181 0.000281241
           9   -0.719235   -0.718298 0.000274296
          10   -0.716914    -0.71816 0.000281705
          11   -0.718497    -0.71819 0.000256649
          12   -0.720316   -0.718367 0.000293696
          13   -0.719888   -0.718484 0.000294408
          14   -0.719355   -0.718547 0.000279566
          15    -0.72024   -0.718659 0.000283688
          16   -0.718022    -0.71862 0.000268336
          17    -0.71988   -0.718694 0.000262731
          18   -0.718658   -0.718692 0.000247713
          19   -0.717384   -0.718623 0.000244216
          20   -0.718192   -0.718601 0.000232686
           1   -0.699785   -0.699785           0
           2   -0.699434   -0.699609   0.0001756
           3   -0.699753   -0.699657 0.000112115
           4   -0.700571   -0.699886 0.000241893
           5   -0.699838   -0.699876 0.000187607
           6   -0.699204   -0.699764 0.000189774
           7    -0.69877   -0.699622 0.000214267
           8   -0.700428   -0.699723 0.000211144
           9    -0.70099   -0.699864 0.000233478
          10   -0.698659   -0.699743 0.000241073
          11   -0.699694   -0.699739 0.000218104
          12   -0.701449   -0.699881 0.000244843
          13   -0.699913   -0.699884 0.000225236
          14    -0.70032   -0.699915 0.000210844
          15   -0.700295    -0.69994 0.000197916
          16   -0.699551   -0.699916 0.000186723
          17   -0.700942   -0.699976 0.000185499
          18   -0.699995   -0.699977 0.000174893
          19   -0.698506     -0.6999 0.000182669
          20   -0.698797   -0.699845  0.00018186
           1   -0.703103   -0.703103           0
           2   -0.702965   -0.703034   6.886e-05
           3    -0.70221    -0.70276 0.000277398
           4   -0.703443    -0.70293  0.00026014
           5    -0.70397   -0.703138 0.000289579
           6   -0.703567    -0.70321 0.000246987
           7   -0.701728   -0.702998 0.000297311
           8   -0.703315   -0.703038 0.000260515
           9   -0.704853   -0.703239 0.000305694
          10   -0.701758   -0.703091 0.000310967
          11   -0.703204   -0.703102 0.000281466
          12   -0.705103   -0.703268 0.000306333
          13   -0.704104   -0.703333 0.000289028
          14    -0.70459   -0.703422 0.000282263
          15   -0.705094   -0.703534 0.000285419
          16   -0.703169   -0.703511 0.000267958
          17   -0.704458   -0.703567 0.000257788
          18    -0.70375   -0.703577 0.000243258
          19   -0.701936   -0.703491 0.000245767
          20   -0.702435   -0.703438 0.000239049
           1   -0.685517   -0.685517           0
           2    -0.68451   -0.685013   0.0005036
           3   -0.685016   -0.685014 0.000290755
           4   -0.685374   -0.685104 0.000224458
           5   -0.685293   -0.685142 0.000177909
           6   -0.684267   -0.684996 0.000205803
           7   -0.684289   -0.684895 0.000201157
           8   -0.686012   -0.685035 0.000223249
           9   -0.686231   -0.685168 0.000237569
          10   -0.684057   -0.685057 0.000239772
          11   -0.685745   -0.685119 0.000225727
          12   -0.686833   -0.685262 0.000250707
          13   -0.685065   -0.685247 0.000231115
          14   -0.685655   -0.685276 0.000215951
          15   -0.685108   -0.685265 0.000201351
          16   -0.684592   -0.685223 0.000192982
          17   -0.685608   -0.685245 0.000182687
          18   -0.684762   -0.685218 0.000174323
          19   -0.683703   -0.685139 0.000183167
          20   -0.683682   -0.685066 0.000188423
           1   -0.688401   -0.688401           0
           2    -0.68768   -0.688041 0.000360552
           3   -0.687756   -0.687946 0.000228751
           4   -0.688233   -0.688018 0.000176979
           5   -0.688701   -0.688154 0.000193568
           6   -0.688079   -0.688142 0.000158547
           7   -0.687106   -0.687994 0.000199668
           8   -0.688418   -0.688047 0.000180849
           9   -0.689871    -0.68825 0.000257887
          10   -0.686974   -0.688122 0.000263595
          11   -0.688645   -0.688169 0.000243122
          12   -0.690366   -0.688353 0.000287692
          13   -0.688831   -0.688389 0.000267185
          14   -0.689328   -0.688456 0.000256291
          15   -0.689556    -0.68853 0.000249596
          16   -0.688327   -0.688517 0.000233818
          17   -0.688902    -0.68854 0.000220795
          18   -0.688178    -0.68852 0.000209135
          19   -0.687248   -0.688453  0.00020883
          20   -0.686881   -0.688374 0.000213128
           1    -0.67145    -0.67145           0
           2   -0.670901   -0.671175   0.0002744
           3   -0.670868   -0.671073 0.000188638
           4    -0.67087   -0.671022 0.000142733
           5   -0.670898   -0.670997 0.000113325
           6     -0.6696   -0.670764 0.000250564
           7   -0.670071   -0.670665 0.000233768
           8   -0.670963   -0.670702 0.000205846
           9   -0.672458   -0.670898 0.000266432
          10   -0.670078   -0.670816 0.000251988
          11    -0.67159   -0.670886 0.000238546
          12   -0.672509   -0.671021 0.000256337
          13   -0.671082   -0.671026 0.000235843
          14   -0.671571   -0.671065 0.000221795
          15   -0.671407   -0.671088 0.000207738
          16   -0.670397   -0.671044  0.00019906
          17    -0.67211   -0.671107 0.000197217
          18   -0.671418   -0.671124  0.00018674
          19   -0.669782   -0.671054 0.000190238
          20   -0.669452   -0.670974  0.00019745
           1    -0.67384    -0.67384           0
           2   -0.673754   -0.673797  4.2952e-05
           3   -0.673003   -0.673532 0.000265924
           4   -0.673906   -0.673625 0.000209946
           5    -0.67416   -0.673732  0.00019461
           6   -0.672989   -0.673608 0.000201533
           7   -0.672899   -0.673507 0.000198178
           8    -0.67356   -0.673514 0.000171755
           9   -0.675797   -0.673767 0.000295458
          10   -0.672828   -0.673673 0.000280462
          11   -0.674588   -0.673757 0.000266966
          12   -0.675151   -0.673873 0.000269986
          13   -0.673961    -0.67388 0.000248445
          14   -0.674621   -0.673933 0.000236036
          15     -0.6751    -0.67401 0.000233116
          16   -0.673695   -0.673991 0.000218947
          17   -0.675266   -0.674066 0.000218928
          18   -0.674197   -0.674073 0.000206535
          19   -0.672525   -0.673992 0.000211675
          20   -0.672281   -0.673906 0.000218269
           1   -0.657865   -0.657865           0
           2   -0.656943   -0.657404   0.0004608
           3   -0.656776   -0.657195 0.000338525
           4    -0.65688   -0.657116 0.000251968
           5   -0.657083   -0.657109 0.000195284
           6   -0.655502   -0.656842 0.000311709
           7   -0.655564   -0.656659 0.000320489
           8   -0.657002   -0.656702 0.000280849
           9   -0.658125    -0.65686 0.000293837
          10   -0.656078   -0.656782 0.000274195
          11    -0.65739   -0.656837 0.000254096
          12   -0.658538   -0.656979 0.000271851
          13   -0.657298   -0.657004 0.000251271
          14   -0.657758   -0.657057 0.000238786
          15   -0.656865   -0.657045 0.000222668
          16   -0.657112   -0.657049  0.00020833
          17   -0.658472   -0.657132 0.000212848
          18   -0.657538   -0.657155 0.000201938
          19   -0.656067   -0.657098 0.000199411
          20   -0.655377   -0.657012 0.000207828
           1   -0.660068   -0.660068           0
           2   -0.659683   -0.659876 0.000192876
           3   -0.658595   -0.659449 0.000441172
           4   -0.659403   -0.659437 0.000312168
           5   -0.659437   -0.659437 0.000241805
           6   -0.658941   -0.659355  0.00021404
           7   -0.658431   -0.659223 0.000223919
           8   -0.659445    -0.65925 0.000195901
           9   -0.660932   -0.659437 0.000254503
          10   -0.658469    -0.65934 0.000247371
          11   -0.660403   -0.659437 0.000243734
          12   -0.661483   -0.659608   0.0002803
          13    -0.65989   -0.659629 0.000258752
          14   -0.660271   -0.659675 0.000243904
          15   -0.659906    -0.65969 0.000227585
          16   -0.660188   -0.659722 0.000215142
          17   -0.661323   -0.659816 0.000222958
          18   -0.659867   -0.659819 0.000210227
          19   -0.659006   -0.659776 0.000203407
          20   -0.658013   -0.659688 0.000212152
           1   -0.644151   -0.644151           0
           2   -0.643666   -0.643909   0.0002424
           3   -0.643486   -0.643768  0.00019871
           4   -0.643717   -0.643755 0.000141085
           5   -0.644261   -0.643856 0.000148917
           6   -0.642216   -0.643583 0.000299182
           7   -0.642418   -0.643416 0.000302727
           8   -0.643519   -0.643429 0.000262484
           9   -0.644519    -0.64355 0.000261257
          10   -0.642259   -0.643421 0.000266972
          11   -0.644537   -0.643523 0.000261917
          12   -0.645429   -0.643681 0.000287054
          13   -0.643878   -0.643697 0.000264486
          14   -0.644941   -0.643785 0.000260494
          15   -0.643378   -0.643758 0.000244027
          16    -0.64386   -0.643765 0.000228355
          17    -0.64541   -0.643861 0.000235317
          18   -0.644466   -0.643895  0.00022439
          19   -0.643026   -0.643849 0.000217128
          20   -0.642158   -0.643765 0.000222676
           1   -0.646795   -0.646795           0
           2    -0.64587   -0.646332 0.000462296
           3   -0.645185    -0.64595 0.000466226
           4   -0.646194   -0.646011 0.000335256
           5   -0.646294   -0.646068 0.000265797
           6   -0.644967   -0.645884 0.000284124
           7      -0.645   -0.645758 0.000271332
           8   -0.645924   -0.645779   0.0002359
           9   -0.647166   -0.645933 0.000258901
          10   -0.644684   -0.645808 0.000263108
          11   -0.646898   -0.645907 0.000257812
          12   -0.647452   -0.646036 0.000268263
          13   -0.646577   -0.646077 0.000250256
          14   -0.646862   -0.646133 0.000238368
          15   -0.646354   -0.646148 0.000222394
          16   -0.646461   -0.646168 0.000208951
          17   -0.648153   -0.646284 0.000228391
          18   -0.646527   -0.646298 0.000215752
          19   -0.645296   -0.646245 0.000210791
          20   -0.644466   -0.646156  0.00021886
           1   -0.631139   -0.631139           0
           2    -0.63063   -0.630885   0.0002544
           3   -0.630951   -0.630907 0.000148536
           4   -0.630446   -0.630792 0.000155843
           5   -0.630722   -0.630778 0.000121511
           6   -0.629446   -0.630556  0.00024321
           7   -0.629379   -0.630388 0.000265531
           8   -0.630068   -0.630348 0.000233405
           9   -0.631445    -0.63047 0.000239225
          10   -0.629126   -0.630335 0.000252683
          11   -0.631462   -0.630438 0.000250448
          12    -0.63191    -0.63056 0.000259453
          13   -0.630979   -0.630593 0.000240827
          14   -0.631425   -0.630652 0.000230751
          15   -0.629629   -0.630584 0.000225388
          16   -0.630915   -0.630605 0.000211846
          17   -0.632169   -0.630697  0.00021924
          18    -0.63091   -0.630708 0.000207043
          19   -0.630214   -0.630682 0.000197567
          20   -0.629278   -0.630612 0.000200157
           1   -0.633262   -0.633262           0
           2   -0.632556   -0.632909 0.000353064
           3   -0.632401    -0.63274 0.000264888
           4   -0.633135   -0.632838 0.000211719
           5   -0.632498    -0.63277 0.000177594
           6   -0.631928    -0.63263 0.000201865
           7   -0.631962   -0.632535 0.000195449
           8   -0.632254   -0.632499 0.000172866
           9   -0.633893   -0.632654 0.000217282
          10   -0.631171   -0.632506 0.000244495
          11   -0.633613   -0.632607 0.000242971
          12   -0.633755   -0.632702 0.000241566
          13   -0.633273   -0.632746 0.000226506
          14   -0.633335   -0.632788 0.000213885
          15   -0.632493   -0.632769 0.000200089
          16    -0.63313   -0.632791 0.000188525
          17   -0.634393   -0.632885 0.000200608
          18   -0.632671   -0.632873  0.00018951
          19   -0.632347   -0.632846 0.000181384
          20   -0.631389   -0.632773 0.000186855
           1   -0.618576   -0.618576           0
           2   -0.618221   -0.618398   0.0001776
           3   -0.618688   -0.618495 0.000140828
           4   -0.618276    -0.61844 0.000113631
           5   -0.618155   -0.618383 0.000104863
           6   -0.616994   -0.618152 0.000246795
           7   -0.617038   -0.617993 0.000262301
           8   -0.617588   -0.617942 0.000232723
           9   -0.618749   -0.618032 0.000223961
          10   -0.616942   -0.617923 0.000228059
          11   -0.618894   -0.618011 0.000224376
          12   -0.619078     -0.6181 0.000223307
          13   -0.618482   -0.618129   0.0002075
          14   -0.618486   -0.618155 0.000193794
          15    -0.61739   -0.618104 0.000187486
          16   -0.618617   -0.618136 0.000178284
          17   -0.619732    -0.61823 0.000191993
          18   -0.618615   -0.618251 0.000182275
          19   -0.618399   -0.618259 0.000172591
          20   -0.616926   -0.618192 0.000176786
           1   -0.620466   -0.620466           0
           2   -0.620271   -0.620369  9.7452e-05
           3   -0.620347   -0.620361 5.67263e-05
           4   -0.620404   -0.620372  4.1487e-05
           5   -0.620053   -0.620308 7.13695e-05
           6   -0.619293   -0.620139 0.000178957
           7   -0.619283   -0.620017 0.000194519
           8   -0.619226   -0.619918  0.00019533
           9   -0.621255   -0.620066 0.000227441
          10   -0.618976   -0.619957 0.000230794
          11    -0.62084   -0.620038 0.000223647
          12   -0.621144    -0.62013 0.000224027
          13   -0.621065   -0.620202 0.000218265
          14   -0.620939   -0.620255 0.000208821
          15   -0.619918   -0.620232 0.000195693
          16   -0.620367   -0.620241  0.00018325
          17    -0.62203   -0.620346 0.000201767
          18   -0.620456   -0.620352 0.000190327
          19    -0.62021   -0.620344 0.000180187
          20   -0.618667   -0.620261 0.000190412
           1   -0.606374   -0.606374           0
           2   -0.606137   -0.606256   0.0001188
           3   -0.606349   -0.606287 7.52969e-05
           4   -0.605578    -0.60611 0.000184898
           5   -0.605718   -0.606031 0.000163199
           6   -0.604738   -0.605816 0.000253477
           7   -0.605368   -0.605752 0.000223572
           8   -0.605307   -0.605696 0.000201436
           9   -0.606199   -0.605752 0.000186234
          10   -0.604805   -0.605657 0.000191625
          11   -0.606658   -0.605748 0.000195769
          12   -0.606694   -0.605827 0.000195301
          13    -0.60619   -0.605855 0.000181802
          14   -0.606267   -0.605884 0.000170871
          15   -0.604817   -0.605813  0.00017427
          16   -0.606213   -0.605838 0.000164916
          17   -0.607238   -0.605921 0.000175446
          18   -0.605916    -0.60592 0.000165412
          19   -0.605935   -0.605921 0.000156466
          20   -0.604433   -0.605847 0.000166046
           1   -0.608033   -0.608033           0
           2   -0.608125   -0.608079  4.5684e-05
           3   -0.608058   -0.608072 2.73021e-05
           4   -0.607696   -0.607978 9.60697e-05
           5   -0.607574   -0.607897 0.000109795
           6   -0.607082   -0.607761 0.000162773
           7   -0.607538   -0.607729 0.000141231
           8   -0.607558   -0.607708 0.000124176
           9   -0.608293   -0.607773 0.000127375
          10    -0.60643   -0.607639 0.000176088
          11    -0.60851   -0.607718 0.000177905
          12   -0.608425   -0.607777 0.000172772
          13   -0.608391   -0.607824   0.0001658
          14   -0.607921   -0.607831 0.000153656
          15   -0.607089   -0.607782 0.000151362
          16   -0.608085     -0.6078 0.000142849
          17   -0.609328    -0.60789 0.000161488
          18   -0.607768   -0.607884 0.000152404
          19   -0.608116   -0.607896 0.000144679
          20   -0.606556   -0.607829 0.000152726
           1   -0.594454   -0.594454           0
           2   -0.594493   -0.594473    1.96e-05
           3    -0.59461   -0.594519 4.71125e-05
           4   -0.593914   -0.594368 0.000154761
           5      -0.594   -0.594294 0.000140648
           6   -0.593338   -0.594135 0.000196383
           7   -0.593764   -0.594082 0.000174228
           8   -0.594102   -0.594084 0.000150908
           9   -0.594134    -0.59409   0.0001332
          10   -0.593264   -0.594007 0.000144968
          11   -0.594541   -0.594056 0.000139809
          12   -0.594866   -0.594123 0.000144368
          13   -0.594883   -0.594182 0.000145094
          14   -0.594667   -0.594216 0.000138733
          15   -0.592788   -0.594121 0.000160466
          16   -0.594317   -0.594133   0.0001506
          17   -0.595691   -0.594225 0.000168548
          18    -0.59395    -0.59421  0.00015964
          19   -0.594162   -0.594207 0.000151025
          20   -0.593232   -0.594159 0.000151346
           1   -0.596218   -0.596218           0
           2   -0.596295   -0.596257  3.8288e-05
           3   -0.596234   -0.596249 2.33147e-05
           4   -0.596116   -0.596216 3.71927e-05
           5   -0.595549   -0.596082 0.000136449
           6   -0.595393   -0.595968 0.000160015
           7   -0.596068   -0.595982 0.000135998
           8   -0.595752   -0.595953 0.000121238
           9   -0.595834    -0.59594  0.00010774
          10   -0.594945   -0.595841 0.000138489
          11   -0.596286   -0.595881 0.000131642
          12   -0.596565   -0.595938 0.000132996
          13   -0.596768   -0.596002 0.000137992
          14   -0.596259    -0.59602  0.00012907
          15     -0.5951   -0.595959 0.000134911
          16   -0.595953   -0.595958 0.000126198
          17   -0.597591   -0.596054 0.000152546
          18   -0.595726   -0.596036 0.000144977
          19   -0.595813   -0.596024 0.000137637
          20   -0.594565   -0.595951 0.000149578
           1   -0.582873   -0.582873           0
           2   -0.582915   -0.582894    2.12e-05
           3   -0.582772   -0.582853 4.24687e-05
           4   -0.582488   -0.582762 9.61435e-05
           5   -0.582491   -0.582708 9.20839e-05
           6   -0.581411   -0.582492 0.000228812
           7   -0.582572   -0.582503 0.000193721
           8   -0.582496   -0.582502  0.00016777
           9    -0.58219   -0.582468 0.000151964
          10   -0.582017   -0.582423 0.000143203
          11   -0.583051    -0.58248 0.000141578
          12   -0.583693   -0.582581 0.000164083
          13   -0.583229   -0.582631 0.000158952
          14   -0.582958   -0.582654 0.000149011
          15   -0.581144   -0.582553 0.000171401
          16   -0.582281   -0.582536 0.000161234
          17   -0.584144   -0.582631 0.000178552
          18    -0.58291   -0.582646 0.000169051
          19   -0.582359   -0.582631 0.000160619
          20   -0.581712   -0.582585 0.000159158
           1   -0.584301   -0.584301           0
           2   -0.584638   -0.584469 0.000168592
           3   -0.584321    -0.58442 0.000109219
           4    -0.58448   -0.584435 7.87047e-05
           5   -0.584003   -0.584348 0.000105754
           6    -0.58361   -0.584225 0.000150314
           7   -0.584427   -0.584254 0.000130262
           8    -0.58421   -0.584249 0.000112946
           9   -0.584231   -0.584247 9.96273e-05
          10   -0.583415   -0.584164 0.000121909
          11   -0.584671    -0.58421 0.000119535
          12   -0.585255   -0.584297 0.000139613
          13   -0.584708   -0.584328 0.000132262
          14   -0.584442   -0.584337  0.00012272
          15   -0.583317   -0.584269 0.000132929
          16    -0.58417   -0.584263 0.000124495
          17    -0.58575    -0.58435  0.00014605
          18   -0.584427   -0.584354 0.000137764
          19   -0.584217   -0.584347 0.000130512
          20    -0.58305   -0.584282 0.000139779
           1   -0.571823   -0.571823           0
           2   -0.571645   -0.571734    8.92e-05
           3     -0.5719   -0.571789 7.55909e-05
           4   -0.571353    -0.57168  0.00012152
           5   -0.571266   -0.571597 0.000125337
           6   -0.570405   -0.571399 0.000223571
           7   -0.571517   -0.571416 0.000189704
           8    -0.57122   -0.571391 0.000166097
           9   -0.570986   -0.571346 0.000153256
          10   -0.570913   -0.571303  0.00014376
          11   -0.572229   -0.571387  0.00015491
          12   -0.572419   -0.571473 0.000165523
          13   -0.572134   -0.571524 0.000160516
          14   -0.571742   -0.571539 0.000149428
          15   -0.570422   -0.571465 0.000157811
          16   -0.571442   -0.571463 0.000147626
          17   -0.573294   -0.571571 0.000175585
          18   -0.572151   -0.571603 0.000168651
          19   -0.571159    -0.57158 0.000161231
          20   -0.570574    -0.57153 0.000161009
           1   -0.572996   -0.572996           0
           2   -0.573362   -0.573179 0.000183056
           3   -0.573198   -0.573185 0.000105884
           4    -0.57331   -0.573216 8.10452e-05
           5    -0.57275   -0.573123  0.00011237
           6   -0.572473   -0.573015 0.000141947
           7   -0.572998   -0.573013  0.00011999
           8   -0.572983   -0.573009  0.00010398
           9   -0.572858   -0.572992 9.32157e-05
          10   -0.572458   -0.572939 9.90356e-05
          11   -0.573931   -0.573029 0.000127156
          12   -0.573912   -0.573103 0.000137453
          13   -0.573545   -0.573137 0.000130935
          14   -0.573432   -0.573158  0.00012305
          15   -0.572266   -0.573098 0.000129047
          16    -0.57277   -0.573078 0.000122443
          17    -0.57453   -0.573163 0.000143254
          18   -0.573234   -0.573167 0.000135119
          19   -0.572782   -0.573147 0.000129403
          20   -0.571821   -0.573081  0.00013953
           1    -0.56083    -0.56083           0
           2   -0.561204   -0.561017   0.0001868
           3    -0.56129   -0.561108 0.000141154
           4   -0.560828   -0.561038 0.000121949
           5    -0.56068   -0.560967 0.000118555
           6   -0.559758   -0.560765 0.000223539
           7   -0.560903   -0.560785 0.000189953
           8    -0.56121   -0.560838 0.000172892
           9   -0.560525   -0.560803 0.000156398
          10   -0.560335   -0.560756 0.000147507
          11   -0.561619   -0.560835 0.000154773
          12   -0.561838   -0.560918 0.000164149
          13   -0.561583    -0.56097  0.00015942
          14   -0.561007   -0.560972 0.000147619
          15   -0.559949   -0.560904 0.000153431
          16   -0.560278   -0.560865 0.000148765
          17   -0.562657    -0.56097 0.000175038
          18   -0.561335   -0.560991 0.000166269
          19   -0.560606    -0.56097 0.000158574
          20   -0.559823   -0.560913 0.000160999
           1   -0.562182   -0.562182           0
           2   -0.563155   -0.562668 0.000486864
           3   -0.562494    -0.56261 0.000287065
           4   -0.562498   -0.562582 0.000204911
           5   -0.562141   -0.562494 0.000181611
           6   -0.561673   -0.562357 0.000201722
           7    -0.56255   -0.562385 0.000172711
           8   -0.562421   -0.562389  0.00014964
           9   -0.562316   -0.562381 0.000132217
          10   -0.561619   -0.562305 0.000140696
          11   -0.563048   -0.562372 0.000144071
          12   -0.563091   -0.562432  0.00014452
          13   -0.562901   -0.562468 0.000137742
          14   -0.562406   -0.562464 0.000127602
          15   -0.561758   -0.562417 0.000127771
          16   -0.561564   -0.562364 0.000130874
          17   -0.563689   -0.562442 0.000145586
          18   -0.562323   -0.562435 0.000137419
          19   -0.562338    -0.56243 0.000130087
          20   -0.561302   -0.562373 0.000135674
           1   -0.550042   -0.550042           0
           2   -0.551119   -0.550581   0.0005384
           3   -0.550874   -0.550679 0.000325888
           4   -0.550114   -0.550537 0.000270292
           5   -0.550249    -0.55048 0.000217178
           6   -0.549326   -0.550287 0.000261515
           7   -0.550479   -0.550315 0.000222711
           8   -0.550541   -0.550343  0.00019493
           9   -0.549965   -0.550301 0.000176977
          10   -0.549444   -0.550215 0.000180006
          11   -0.550775   -0.550266 0.000170591
          12   -0.551526   -0.550371 0.000187826
          13   -0.551176   -0.550433 0.000183529
          14   -0.550586   -0.550444 0.000170267
          15   -0.549234   -0.550363 0.000177847
          16   -0.549743   -0.550325 0.000170818
          17   -0.551986   -0.550422 0.000187884
          18   -0.550414   -0.550422 0.000177139
          19    -0.54999   -0.550399 0.000169095
          20   -0.549362   -0.550347 0.000168586
           1   -0.551319   -0.551319           0
           2   -0.552898   -0.552108 0.000789348
           3   -0.552298   -0.552172 0.000460106
           4   -0.551517   -0.552008 0.000364218
           5   -0.551767    -0.55196 0.000286216
           6   -0.551206   -0.551834 0.000265288
           7   -0.552039   -0.551863 0.000226113
           8   -0.551607   -0.551831 0.000198431
           9   -0.551307   -0.551773 0.000184422
          10   -0.550947    -0.55169 0.000184471
          11   -0.552302   -0.551746 0.000175872
          12   -0.552563   -0.551814 0.000174392
          13   -0.552492   -0.551866 0.000168672
          14   -0.551744   -0.551857 0.000156403
          15   -0.550816   -0.551788  0.00016131
          16   -0.550969   -0.551737 0.000159348
          17   -0.553072   -0.551815 0.000169049
          18   -0.551582   -0.551802 0.000159906
          19   -0.551174   -0.551769 0.000154831
          20   -0.550779    -0.55172 0.000155007
           1   -0.539956   -0.539956           0
           2   -0.541339   -0.540648   0.0006916
           3   -0.540813   -0.540703 0.000403075
           4   -0.540061   -0.540542 0.000327084
           5   -0.540432    -0.54052 0.000254315
           6   -0.539474   -0.540346 0.000271187
           7   -0.540254   -0.540333 0.000229566
           8   -0.539972   -0.540288 0.000203858
           9   -0.539802   -0.540234 0.000187695
          10   -0.539579   -0.540168 0.000180186
          11   -0.540838   -0.540229 0.000173999
          12   -0.541185   -0.540309 0.000177684
          13   -0.541158   -0.540374 0.000176004
          14   -0.540792   -0.540404  0.00016566
          15    -0.53934   -0.540333  0.00016975
          16   -0.539531   -0.540283 0.000166507
          17    -0.54206   -0.540387 0.000188124
          18   -0.540305   -0.540383 0.000177424
          19   -0.539827   -0.540354 0.000170355
          20   -0.539418   -0.540307 0.000168253
           1   -0.540995   -0.540995           0
           2   -0.542796   -0.541896 0.000900212
           3   -0.542291   -0.542027 0.000536183
           4   -0.541348   -0.541858 0.000415458
           5    -0.54155   -0.541796 0.000327647
           6   -0.541193   -0.541695 0.000285799
           7   -0.541635   -0.541687   0.0002417
           8     -0.5413   -0.541638 0.000214841
           9   -0.541347   -0.541606 0.000192209
          10   -0.540766   -0.541522  0.00019133
          11   -0.541898   -0.541556 0.000176413
          12   -0.542256   -0.541615 0.000171264
          13   -0.542504   -0.541683 0.000171749
          14   -0.541701   -0.541684 0.000159014
          15   -0.540817   -0.541626 0.000158927
          16   -0.540817   -0.541576 0.000157042
          17   -0.543075   -0.541664 0.000171858
          18   -0.541207   -0.541639 0.000164004
          19   -0.541507   -0.541632 0.000155286
          20   -0.540715   -0.541586 0.000154278
           1    -0.52971    -0.52971           0
           2   -0.531538   -0.530624    0.000914
           3   -0.530685   -0.530644 0.000528092
           4   -0.530117   -0.530512 0.000395995
           5   -0.530026   -0.530415 0.000321805
           6   -0.529765   -0.530307 0.000284215
           7   -0.530041   -0.530269 0.000243186
           8   -0.530142   -0.530253 0.000211195
           9   -0.529954    -0.53022 0.000189185
          10   -0.529461   -0.530144 0.000185448
          11   -0.530855   -0.530208 0.000179781
          12   -0.531458   -0.530313 0.000194346
          13   -0.531441   -0.530399 0.000198726
          14   -0.530835    -0.53043   0.0001866
          15   -0.529428   -0.530364 0.000186127
          16   -0.529818    -0.53033  0.00017741
          17     -0.5319   -0.530422  0.00019054
          18   -0.529973   -0.530397 0.000181367
          19   -0.529806   -0.530366 0.000174357
          20   -0.529459   -0.530321 0.000171509
           1   -0.530666   -0.530666           0
           2    -0.53271   -0.531688  0.00102216
           3   -0.531778   -0.531718 0.000590911
           4   -0.531451   -0.531651  0.00042316
           5   -0.531038   -0.531529 0.000350013
           6   -0.531398   -0.531507 0.000286615
           7   -0.531598    -0.53152 0.000242582
           8   -0.531237   -0.531484 0.000213028
           9   -0.531342   -0.531469 0.000188541
          10   -0.530744   -0.531396  0.00018353
          11   -0.531826   -0.531435 0.000170553
          12   -0.532458   -0.531521 0.000177473
          13   -0.532534   -0.531598 0.000180917
          14    -0.53176    -0.53161 0.000167896
          15   -0.530677   -0.531548 0.000168217
          16    -0.53086   -0.531505 0.000163121
          17   -0.533154   -0.531602 0.000181362
          18   -0.531201    -0.53158 0.000172434
          19   -0.531577   -0.531579 0.000163106
          20   -0.530601   -0.531531 0.000162281
           1   -0.520164   -0.520164           0
           2   -0.522212   -0.521188    0.001024
           3    -0.52089   -0.521089 0.000599516
           4   -0.520726   -0.520998 0.000433523
           5   -0.520434   -0.520885 0.000354206
           6   -0.520418   -0.520807 0.000299521
           7   -0.520588   -0.520776 0.000255071
           8   -0.520926   -0.520795 0.000221689
           9   -0.520341   -0.520744 0.000201909
          10   -0.520302     -0.5207 0.000185937
          11   -0.521323   -0.520757 0.000177474
          12   -0.521926   -0.520854 0.000189045
          13   -0.521982   -0.520941 0.000194328
          14   -0.521398   -0.520973 0.000182858
          15   -0.519768   -0.520893 0.000188247
          16   -0.520473   -0.520867 0.000178037
          17   -0.522674   -0.520973 0.000198177
          18   -0.520893   -0.520969 0.000186896
          19    -0.52067   -0.520953 0.000177486
          20    -0.52045   -0.520928 0.000170248
           1   -0.521063   -0.521063           0
           2   -0.523272   -0.522167  0.00110468
           3   -0.522101   -0.522145  0.00063817
           4   -0.521931   -0.522092 0.000454425
           5   -0.521266   -0.521927 0.000388812
           6   -0.521916   -0.521925 0.000317468
           7   -0.521876   -0.521918 0.000268401
           8   -0.521737   -0.521895 0.000233532
           9   -0.521749   -0.521879 0.000206597
          10   -0.521567   -0.521848 0.000187409
          11   -0.522362   -0.521895 0.000175856
          12   -0.522992   -0.521986 0.000184773
          13   -0.523148   -0.522075 0.000192027
          14   -0.522699    -0.52212 0.000183276
          15   -0.521065    -0.52205 0.000184541
          16   -0.521708   -0.522028 0.000173935
          17   -0.523377   -0.522108 0.000181625
          18   -0.521802   -0.522091  0.00017208
          19   -0.521974   -0.522084 0.000162887
          20   -0.521232   -0.522042 0.000160299
           1   -0.510944   -0.510944           0
           2   -0.512822   -0.511883   0.0009388
           3   -0.511416   -0.511727 0.000563909
           4   -0.511501   -0.511671 0.000402741
           5   -0.511302   -0.511597 0.000320572
           6   -0.511247   -0.511539 0.000268153
           7    -0.51117   -0.511486 0.000232678
           8   -0.511447   -0.511481 0.000201563
           9   -0.510878   -0.511414 0.000189985
          10   -0.510994   -0.511372 0.000175031
          11   -0.512135   -0.511441 0.000172857
          12   -0.512628    -0.51154  0.00018622
          13   -0.512632   -0.511624 0.000190775
          14   -0.511806   -0.511637 0.000177098
          15   -0.510558   -0.511565 0.000179873
          16   -0.511021   -0.511531 0.000171663
          17   -0.513086   -0.511623 0.000185368
          18   -0.511562   -0.511619 0.000174799
          19    -0.51131   -0.511603 0.000166141
          20   -0.510998   -0.511573 0.000160488
           1   -0.511746   -0.511746           0
           2    -0.51392   -0.512833  0.00108693
           3   -0.512424   -0.512697 0.000642205
           4   -0.512557   -0.512662 0.000455451
           5   -0.512012   -0.512532 0.000375949
           6   -0.512601   -0.512543 0.000307175
           7   -0.512445   -0.512529 0.000259992
           8   -0.512315   -0.512503 0.000226744
           9   -0.512074   -0.512455 0.000205569
          10   -0.512369   -0.512446 0.000184068
          11   -0.513139   -0.512509 0.000177996
          12   -0.513335   -0.512578  0.00017647
          13   -0.513809   -0.512673 0.000187935
          14   -0.513034   -0.512699 0.000175893
          15   -0.511545   -0.512622 0.000180903
          16   -0.512228   -0.512597 0.000170999
          17   -0.514034   -0.512682 0.000181519
          18   -0.512494   -0.512671 0.000171456
          19   -0.512513   -0.512663 0.000162394
          20    -0.51193   -0.512626 0.000158359
           1   -0.502377   -0.502377           0
           2   -0.504172   -0.503274   0.0008976
           3   -0.502462   -0.503003 0.000584779
           4   -0.502634   -0.502911  0.00042367
           5   -0.502098   -0.502749 0.000366229
           6   -0.502266   -0.502668 0.000309673
           7   -0.502513   -0.502646  0.00026266
           8   -0.502693   -0.502652 0.000227546
           9   -0.501956   -0.502574 0.000215054
          10   -0.502005   -0.502518 0.000200609
          11    -0.50339   -0.502597  0.00019805
          12   -0.503758   -0.502694 0.000205043
          13   -0.503811    -0.50278  0.00020728
          14   -0.503149   -0.502806 0.000193708
          15   -0.501386   -0.502711 0.000203681
          16   -0.502419   -0.502693 0.000191398
          17   -0.504268   -0.502786 0.000202255
          18   -0.502685    -0.50278  0.00019077
          19   -0.502395    -0.50276 0.000181584
          20   -0.502277   -0.502736  0.00017395
           1   -0.503201   -0.503201           0
           2   -0.505104   -0.504153  0.00095166
           3   -0.503491   -0.503932 0.000592024
           4   -0.503588   -0.503846 0.000427358
           5   -0.503115     -0.5037 0.000361903
           6   -0.503799   -0.503717 0.000295956
           7   -0.503618   -0.503703 0.000250522
           8   -0.503398   -0.503665 0.000220269
           9   -0.503455   -0.503641 0.000195648
          10   -0.503227     -0.5036 0.000179824
          11   -0.504185   -0.503653 0.000171138
          12   -0.504495   -0.503723 0.000171275
          13   -0.504985    -0.50382 0.000185055
          14   -0.504041   -0.503836  0.00017205
          15   -0.502493   -0.503747 0.000183506
          16   -0.503482    -0.50373 0.000172451
          17   -0.505298   -0.503822  0.00018641
          18   -0.503485   -0.503803 0.000176744
          19   -0.503599   -0.503793 0.000167529
          20   -0.503195   -0.503763 0.000161715
           1   -0.493665   -0.493665           0
           2   -0.495305   -0.494485     0.00082
           3   -0.493949   -0.494306 0.000506019
           4   -0.494036   -0.494239 0.000364127
           5   -0.493544     -0.4941 0.000314407
           6   -0.493543   -0.494007 0.000272953
           7   -0.493513   -0.493936 0.000241246
           8   -0.493948   -0.493938  0.00020893
           9   -0.493201   -0.493856 0.000201636
          10   -0.493422   -0.493813 0.000185486
          11   -0.494558    -0.49388 0.000180961
          12   -0.495025   -0.493976 0.000190747
          13   -0.495182   -0.494069 0.000198501
          14    -0.49426   -0.494082 0.000184284
          15   -0.492728   -0.493992 0.000193864
          16   -0.493508   -0.493962 0.000183849
          17   -0.495491   -0.494052 0.000194727
          18   -0.493994   -0.494048 0.000183618
          19   -0.493689    -0.49403 0.000174714
          20   -0.493743   -0.494015 0.000166365
           1   -0.494434   -0.494434           0
           2   -0.496085   -0.495259 0.000825496
           3   -0.494755   -0.495091 0.000505359
           4   -0.494757   -0.495008  0.00036696
           5   -0.494215   -0.494849 0.000325498
           6   -0.494829   -0.494846 0.000265789
           7   -0.494783   -0.494837  0.00022481
           8   -0.494643   -0.494813 0.000196192
           9   -0.494499   -0.494778 0.000176501
          10   -0.494279   -0.494728  0.00016556
          11   -0.495505   -0.494799 0.000165566
          12   -0.495756   -0.494878 0.000170925
          13    -0.49611   -0.494973 0.000183567
          14   -0.494911   -0.494969 0.000170007
          15    -0.49367   -0.494882 0.000180405
          16   -0.494509   -0.494859 0.000170359
          17     -0.4963   -0.494944 0.000181096
          18   -0.494876    -0.49494  0.00017078
          19   -0.494697   -0.494927 0.000162047
          20   -0.494449   -0.494903 0.000155582
           1   -0.485686   -0.485686           0
           2   -0.486674    -0.48618   0.0004936
           3   -0.485613   -0.485991 0.000341994
           4    -0.48573   -0.485926 0.000250444
           5   -0.485237   -0.485788 0.000237954
           6   -0.485029   -0.485661 0.000231859
           7   -0.485166   -0.485591 0.000208368
           8   -0.485702   -0.485604 0.000180984
           9   -0.485058   -0.485544 0.000170758
          10   -0.485091   -0.485499 0.000159296
          11   -0.485859   -0.485531 0.000147771
          12   -0.486737   -0.485632 0.000168191
          13   -0.486563   -0.485703 0.000170497
          14   -0.485741   -0.485706 0.000157872
          15   -0.484363   -0.485617 0.000172092
          16   -0.485315   -0.485598 0.000162076
          17   -0.486918   -0.485675 0.000170918
          18     -0.4858   -0.485682 0.000161292
          19   -0.485081   -0.485651 0.000155817
          20   -0.485422   -0.485639 0.000148265
           1   -0.486136   -0.486136           0
           2   -0.487439   -0.486787 0.000651588
           3    -0.48636   -0.486645 0.000402229
           4   -0.486518   -0.486613  0.00028619
           5   -0.486101   -0.486511  0.00024418
           6   -0.486319   -0.486479  0.00020193
           7    -0.48618   -0.486436 0.000175924
           8   -0.486477   -0.486441 0.000152443
           9   -0.486118   -0.486405 0.000139151
          10    -0.48596   -0.486361 0.000132201
          11   -0.486981   -0.486417 0.000132228
          12    -0.48741     -0.4865 0.000146348
          13   -0.487534   -0.486579 0.000156374
          14   -0.486459   -0.486571 0.000145028
          15   -0.485286   -0.486485 0.000159888
          16   -0.486424   -0.486481 0.000149611
          17   -0.487783   -0.486558 0.000160027
          18   -0.486577   -0.486559 0.000150879
          19   -0.486179   -0.486539 0.000144113
          20   -0.486344   -0.486529 0.000137066
           1   -0.477308   -0.477308           0
           2   -0.478458   -0.477883   0.0005748
           3   -0.477447   -0.477738 0.000362236
           4   -0.477307    -0.47763 0.000277822
           5   -0.477401   -0.477584 0.000220028
           6   -0.476694   -0.477436 0.000233035
           7   -0.476984   -0.477371 0.000207254
           8    -0.47762   -0.477402 0.000182161
           9   -0.476714   -0.477326 0.000177907
          10   -0.476814   -0.477275 0.000167167
          11   -0.477782   -0.477321 0.000158076
          12   -0.478414   -0.477412 0.000170639
          13   -0.478306   -0.477481 0.000171387
          14   -0.477131   -0.477456 0.000160624
          15   -0.475949   -0.477355 0.000180144
          16   -0.477268    -0.47735 0.000168597
          17    -0.47881   -0.477436 0.000180176
          18   -0.477461   -0.477437 0.000169877
          19   -0.476812   -0.477404 0.000164021
          20   -0.477233   -0.477396 0.000155839
           1   -0.478118   -0.478118           0
           2   -0.479394   -0.478756 0.000637788
           3   -0.478138    -0.47855 0.000422048
           4   -0.478294   -0.478486  0.00030521
           5   -0.477781   -0.478345  0.00027532
           6   -0.477845   -0.478262 0.000239744
           7   -0.477921   -0.478213 0.000208377
           8   -0.478247   -0.478217 0.000180511
           9   -0.477709   -0.478161 0.000168907
          10   -0.477668   -0.478112 0.000158895
          11    -0.47845   -0.478142 0.000146976
          12   -0.478929   -0.478208  0.00014933
          13   -0.479257   -0.478289 0.000159318
          14   -0.477998   -0.478268 0.000148948
          15   -0.476849   -0.478173 0.000167864
          16   -0.478499   -0.478194 0.000158333
          17   -0.479423   -0.478266 0.000165385
          18   -0.478072   -0.478255 0.000156297
          19   -0.477899   -0.478236 0.000149027
          20   -0.477862   -0.478218 0.000142615
           1   -0.469534   -0.469534           0
           2    -0.47067   -0.470102   0.0005676
           3   -0.469542   -0.469915 0.000377074
           4   -0.469683   -0.469857 0.000272881
           5   -0.469442   -0.469774 0.000227143
           6   -0.468794   -0.469611 0.000247113
           7   -0.469448   -0.469588 0.000210142
           8   -0.469826   -0.469618 0.000184419
           9   -0.468959   -0.469544 0.000178333
          10   -0.468693   -0.469459 0.000180814
          11   -0.469798    -0.46949 0.000166434
          12   -0.470358   -0.469562 0.000168285
          13   -0.470423   -0.469629 0.000168367
          14   -0.469486   -0.469618 0.000156212
          15   -0.468301   -0.469531 0.000169895
          16   -0.469699   -0.469541 0.000159272
          17   -0.470795   -0.469615 0.000166809
          18   -0.469306   -0.469598   0.0001582
          19   -0.469247   -0.469579 0.000150775
          20   -0.469478   -0.469574 0.000143128
           1   -0.470009   -0.470009           0
           2   -0.471362   -0.470686 0.000676792
           3   -0.469957   -0.470443 0.000460056
           4   -0.470306   -0.470409 0.000327111
           5   -0.470145   -0.470356 0.000258811
           6   -0.469838   -0.470269 0.000228283
           7   -0.470205    -0.47026 0.000193153
           8   -0.470393   -0.470277 0.000168095
           9   -0.469862   -0.470231 0.000155248
          10   -0.469553   -0.470163 0.000154498
          11   -0.470698   -0.470212 0.000147977
          12   -0.470955   -0.470274 0.000148608
          13    -0.47135   -0.470356 0.000159826
          14   -0.470173   -0.470343 0.000148552
          15   -0.469056   -0.470257 0.000162745
          16   -0.470585   -0.470278 0.000153602
          17   -0.471551   -0.470353 0.000162551
          18   -0.470228   -0.470346 0.000153411
          19    -0.47016   -0.470336 0.000145441
          20   -0.470286   -0.470334    0.000138
           1    -0.46161    -0.46161           0
           2   -0.462948   -0.462279   0.0006692
           3   -0.461698   -0.462085 0.000432214
           4   -0.461708   -0.461991 0.000319829
           5   -0.461593   -0.461911 0.000260212
           6   -0.460925   -0.461747  0.00026864
           7    -0.46137   -0.461693 0.000233323
           8   -0.461938   -0.461724 0.000204378
           9    -0.46108   -0.461652 0.000193917
          10   -0.461054   -0.461592 0.000183483
          11   -0.461966   -0.461626   0.0001694
          12   -0.462482   -0.461698 0.000170305
          13   -0.462551   -0.461763 0.000169862
          14   -0.461695   -0.461758 0.000157337
          15   -0.460622   -0.461683 0.000164893
          16   -0.461829   -0.461692 0.000154514
          17   -0.463078   -0.461773 0.000166489
          18   -0.461486   -0.461757 0.000157779
          19   -0.461522   -0.461745 0.000149759
          20   -0.461757   -0.461746 0.000142075
           1    -0.46213    -0.46213           0
           2   -0.463673   -0.462902  0.00077124
           3   -0.462207    -0.46267  0.00050183
           4   -0.462463   -0.462618 0.000358627
           5   -0.462262   -0.462547 0.000286799
           6   -0.462021   -0.462459 0.000250028
           7   -0.462426   -0.462455 0.000211365
           8   -0.462509   -0.462461 0.000183174
           9   -0.461925   -0.462402 0.000172185
          10   -0.461892   -0.462351 0.000162222
          11   -0.462784    -0.46239 0.000151933
          12   -0.463017   -0.462443 0.000148215
          13   -0.463315    -0.46251 0.000151958
          14   -0.462458   -0.462506 0.000140734
          15   -0.461408   -0.462433 0.000150067
          16   -0.462724   -0.462451 0.000141552
          17   -0.463693   -0.462524 0.000151707
          18   -0.462318   -0.462513 0.000143488
          19   -0.462535   -0.462514 0.000135731
          20   -0.462474   -0.462512 0.000128781
