0.5  -0.972951  0.000552214  0.213464  0.00430593  78.1578  0.565517
0.538  -0.958026  0.000503687  0.283942  0.00334365  61.7848  0.466975
0.576  -0.946333  0.000479867  0.314834  0.00273627  51.7603  0.380949
0.615  -0.928694  0.000359314  0.363615  0.00176613  40.1205  0.253835
0.653  -0.91056  0.000349143  0.400743  0.00149365  31.1255  0.277722
0.692  -0.894874  0.000322162  0.415984  0.00120457  25.7888  0.214435
0.73  -0.87929  0.00028988  0.425689  0.000955902  21.5785  0.140707
0.769  -0.862423  0.00028205  0.433282  0.000822524  17.5744  0.110837
0.807  -0.846892  0.000267968  0.434202  0.000695681  15.6218  0.091089
0.846  -0.829558  0.000217253  0.435695  0.000503033  13.0056  0.0662671
0.884  -0.811877  0.00021834  0.436181  0.000453477  10.8699  0.0402274
0.923  -0.794413  0.00019766  0.433027  0.000368521  9.53721  0.0326199
0.961  -0.77733  0.00020369  0.428531  0.000343272  8.40125  0.035219
1  -0.760933  0.000187509  0.420981  0.000285501  7.36879  0.0314368
1.038  -0.744482  0.000212506  0.413708  0.000294016  6.56228  0.0206254
1.076  -0.72919  0.000234266  0.404466  0.00029527  5.88965  0.0203026
1.115  -0.714146  0.000178722  0.394132  0.000205409  5.37402  0.0168975
1.153  -0.698797  0.00018186  0.384895  0.000191484  4.9151  0.0171087
1.192  -0.683682  0.000188423  0.374828  0.000181708  4.4214  0.015461
1.23  -0.669452  0.00019745  0.364752  0.000175135  4.08234  0.0130137
1.269  -0.655377  0.000207828  0.354257  0.000169558  3.76134  0.00979247
1.307  -0.642158  0.000222676  0.343998  0.000167819  3.49192  0.00913559
1.346  -0.629278  0.000200157  0.333391  0.000139322  3.24926  0.0103375
1.384  -0.616926  0.000176786  0.323371  0.00011409  3.04853  0.00919212
1.423  -0.604433  0.000166046  0.313424  9.93416e-05  2.85251  0.00895875
1.461  -0.593232  0.000151346  0.303616  8.42563e-05  2.68191  0.00748256
1.5  -0.581712  0.000159158  0.294049  8.24216e-05  2.55645  0.0077969
1.538  -0.570574  0.000161009  0.285124  7.7825e-05  2.39781  0.00715065
1.576  -0.559823  0.000160999  0.276433  7.27343e-05  2.2784  0.00645803
1.615  -0.549362  0.000168586  0.267692  7.11617e-05  2.15042  0.00508462
1.653  -0.539418  0.000168253  0.259488  6.65682e-05  2.02985  0.00467936
1.692  -0.529459  0.000171509  0.251382  6.3574e-05  1.93509  0.00438195
1.73  -0.52045  0.000170248  0.243621  5.93e-05  1.84083  0.00414712
1.769  -0.510998  0.000160488  0.236112  5.25012e-05  1.74568  0.00406459
1.807  -0.502277  0.00017395  0.228993  5.35891e-05  1.66855  0.00377732
1.846  -0.493743  0.000166365  0.221913  4.82577e-05  1.59836  0.00356901
1.884  -0.485422  0.000148265  0.215347  4.05827e-05  1.53197  0.00324689
1.923  -0.477233  0.000155839  0.208833  4.02451e-05  1.47424  0.00268205
1.961  -0.469478  0.000143128  0.202727  3.49581e-05  1.41187  0.00235437
2  -0.461757  0.000142075  0.196695  3.28123e-05  1.35103  0.00217616
