2   33.2296  36.7601
3   32.3602  33.5219
4   29.1228  32.3547
5   28.4502  30.375
6   27.6068  28.6402
7   26.8614  27.7956
8   26.2956  27.0582
9   24.151  26.2639
10   21.9851  25.294
11   21.7878  22.8802
12   21.4079  21.8551
13   20.8716  21.5807
14   20.846  21.1638
15   20.5989  20.8552
16   19.7508  20.6869
17   18.0928  20.16
18   17.7046  19.0979
19   17.6425  18.1017
20   17.6425  17.6773
21   17.6425  17.6425
22   17.6425  17.6425
23   16.9339  17.6189
24   16.8879  17.2383
25   16.5408  16.9395
26   16.2453  16.7191
27   15.3671  16.4479
28   15.1428  15.6916
29   14.4728  15.2085
30   14.2213  14.6901
31   14.0276  14.3042
32   13.7367  14.0784
33   13.7367  13.8589
34   13.7367  13.7367
35   13.7367  13.7367
36   13.6291  13.7328
37   13.6291  13.6853
38   13.4858  13.6303
39   13.3379  13.5411
40   12.8517  13.3774
41   12.8168  13.0113
42   12.7867  12.8427
43   12.6996  12.7943
44   12.6455  12.7486
45   12.6455  12.6635
46   12.6455  12.6455
47   12.6411  12.6454
48   12.6411  12.643
49   12.6411  12.6411
50   12.6282  12.6409
51   12.6282  12.634
52   12.6282  12.6282
53   12.2445  12.6206
54   12.2445  12.4133
55   12.2445  12.2445
56   12.2445  12.2445
57   11.6642  12.2322
58   11.6513  11.8973
59   11.4423  11.6515
60   11.4423  11.5153
61   11.4423  11.4423
62   11.4417  11.4423
63   10.3822  11.4053
64   10.3821  10.7958
65   10.3816  10.4161
66   10.3815  10.3817
67   10.3815  10.3816
68   9.84959  10.3709
69   9.82994  10.0997
70   9.82994  9.83734
71   9.82994  9.82994
72   9.82994  9.82994
73   9.81071  9.82955
74   9.33485  9.79281
75   9.00529  9.45423
76   9.00529  9.17538
77   9.00529  9.01899
78   9.00529  9.00529
79   9.00529  9.00529
80   9.00529  9.00529
81   8.60809  8.99666
82   8.60809  8.76424
83   8.57404  8.60673
84   8.57404  8.58698
85   8.57404  8.57404
86   8.57404  8.57404
87   8.57404  8.57404
88   8.57404  8.57404
89   8.57404  8.57404
90   8.57404  8.57404
91   8.57404  8.57404
92   8.57404  8.57404
93   8.57404  8.57404
94   8.57404  8.57404
95   8.57404  8.57404
96   8.57404  8.57404
97   8.57404  8.57404
98   8.57404  8.57404
99   8.57404  8.57404
100   8.57404  8.57404
101   8.57404  8.57404
102   8.57404  8.57404
103   8.57404  8.57404
104   8.57404  8.57404
105   8.57404  8.57404
106   8.57404  8.57404
107   8.57404  8.57404
108   8.57404  8.57404
109   8.57404  8.57404
110   8.57404  8.57404
111   8.57404  8.57404
112   8.57404  8.57404
113   8.57404  8.57404
114   8.57404  8.57404
115   8.57404  8.57404
116   8.57404  8.57404
117   8.57404  8.57404
118   8.57404  8.57404
119   8.57404  8.57404
120   8.57404  8.57404
121   8.57404  8.57404
122   8.57404  8.57404
123   8.57404  8.57404
124   8.57404  8.57404
125   8.57404  8.57404
126   8.57404  8.57404
127   8.57404  8.57404
128   8.57404  8.57404
129   8.57404  8.57404
130   8.57404  8.57404
131   8.57404  8.57404
132   8.57404  8.57404
133   8.55743  8.57371
134   8.55743  8.56267
135   8.55743  8.55743
136   8.55743  8.55743
137   8.37352  8.55375
138   8.1163  8.45341
139   8.1163  8.24516
140   8.1163  8.1163
141   8.1163  8.1163
142   7.47505  8.10347
143   7.47505  7.6299
144   7.47505  7.47505
145   7.47505  7.47505
146   7.47505  7.47505
147   7.47505  7.47505
148   7.47505  7.47505
149   7.47505  7.47505
150   7.47505  7.47505
151   7.47505  7.47505
152   7.47505  7.47505
153   7.47505  7.47505
154   7.47505  7.47505
155   7.47505  7.47505
156   7.47505  7.47505
157   7.47505  7.47505
158   7.47505  7.47505
159   7.47505  7.47505
160   7.47505  7.47505
161   7.47505  7.47505
162   7.47505  7.47505
163   7.47505  7.47505
164   7.47505  7.47505
165   7.47505  7.47505
166   7.47505  7.47505
167   7.47505  7.47505
168   7.47505  7.47505
169   7.47505  7.47505
170   7.47505  7.47505
171   7.47505  7.47505
172   7.47505  7.47505
173   7.47505  7.47505
174   7.47505  7.47505
175   7.47505  7.47505
176   7.47505  7.47505
177   7.47505  7.47505
178   7.47505  7.47505
179   7.47505  7.47505
180   7.47505  7.47505
181   7.47505  7.47505
182   7.47505  7.47505
183   7.47505  7.47505
184   7.47505  7.47505
185   7.47505  7.47505
186   7.47505  7.47505
187   7.47505  7.47505
188   7.47505  7.47505
189   7.47505  7.47505
190   7.47505  7.47505
191   7.47505  7.47505
192   7.47505  7.47505
193   7.47505  7.47505
194   7.47505  7.47505
195   7.47505  7.47505
196   7.47505  7.47505
197   7.47505  7.47505
198   7.47505  7.47505
199   7.47505  7.47505
200   7.47505  7.47505
201   7.47505  7.47505
202   7.47505  7.47505
203   7.47505  7.47505
204   7.47505  7.47505
205   7.47505  7.47505
206   7.47505  7.47505
207   7.47505  7.47505
208   7.47505  7.47505
209   7.47505  7.47505
210   7.47505  7.47505
211   7.47505  7.47505
212   7.47505  7.47505
213   7.47505  7.47505
214   7.47505  7.47505
215   7.47505  7.47505
216   7.47505  7.47505
217   7.47505  7.47505
218   7.47505  7.47505
219   7.47505  7.47505
220   7.47505  7.47505
221   7.47505  7.47505
222   7.47505  7.47505
223   7.47505  7.47505
224   7.47505  7.47505
225   7.47505  7.47505
226   7.47505  7.47505
227   7.47505  7.47505
228   7.47505  7.47505
229   7.47505  7.47505
230   7.47505  7.47505
231   7.47505  7.47505
232   7.47505  7.47505
233   7.47505  7.47505
234   7.47505  7.47505
235   7.47505  7.47505
236   7.47505  7.47505
237   7.47505  7.47505
238   7.47505  7.47505
239   7.47505  7.47505
240   7.47505  7.47505
241   7.47505  7.47505
242   7.47505  7.47505
243   7.47505  7.47505
244   7.47505  7.47505
245   7.47505  7.47505
246   7.47505  7.47505
247   7.47505  7.47505
248   7.47505  7.47505
249   7.47505  7.47505
250   7.47505  7.47505
251   7.47505  7.47505
252   7.47505  7.47505
253   7.47505  7.47505
254   7.47505  7.47505
255   7.47505  7.47505
256   7.47505  7.47505
257   7.47505  7.47505
258   7.47505  7.47505
259   7.47505  7.47505
260   7.47505  7.47505
261   7.47505  7.47505
262   7.47505  7.47505
263   7.47505  7.47505
264   7.47505  7.47505
265   7.47505  7.47505
266   7.47505  7.47505
267   7.47505  7.47505
268   7.47505  7.47505
269   7.47505  7.47505
270   7.47505  7.47505
271   7.47505  7.47505
272   7.47505  7.47505
273   7.47505  7.47505
274   7.47505  7.47505
275   7.47505  7.47505
276   7.47505  7.47505
277   7.47505  7.47505
278   7.47505  7.47505
279   7.47505  7.47505
280   7.47505  7.47505
281   7.47505  7.47505
282   7.47505  7.47505
283   7.47505  7.47505
284   7.47505  7.47505
285   7.47505  7.47505
286   7.47505  7.47505
287   7.47505  7.47505
288   7.47505  7.47505
289   7.47505  7.47505
290   7.47505  7.47505
291   7.47505  7.47505
292   7.47505  7.47505
293   7.47505  7.47505
294   7.47505  7.47505
295   7.47505  7.47505
296   7.47505  7.47505
297   7.47505  7.47505
298   7.47505  7.47505
299   7.47505  7.47505
300   7.47505  7.47505
301   7.47505  7.47505
302   7.47505  7.47505
303   7.47505  7.47505
304   7.47505  7.47505
305   7.47505  7.47505
306   7.47505  7.47505
307   7.47505  7.47505
308   7.47505  7.47505
309   7.47505  7.47505
310   7.47505  7.47505
311   7.47505  7.47505
312   7.47505  7.47505
313   7.47505  7.47505
314   7.47505  7.47505
315   7.47505  7.47505
316   7.47505  7.47505
317   7.47505  7.47505
318   7.47505  7.47505
319   7.47505  7.47505
320   7.47505  7.47505
321   7.47505  7.47505
322   7.47505  7.47505
323   7.47505  7.47505
324   7.47505  7.47505
325   7.47505  7.47505
326   7.47505  7.47505
327   7.47505  7.47505
328   7.47505  7.47505
329   7.47505  7.47505
330   7.47505  7.47505
331   7.47505  7.47505
332   7.47505  7.47505
333   7.47505  7.47505
334   7.47505  7.47505
335   7.47505  7.47505
336   7.47505  7.47505
337   7.47505  7.47505
338   7.47505  7.47505
339   7.47505  7.47505
340   7.47505  7.47505
341   7.47505  7.47505
342   7.47505  7.47505
343   7.47505  7.47505
344   7.47505  7.47505
345   7.47505  7.47505
346   7.47505  7.47505
347   7.47505  7.47505
348   7.47505  7.47505
349   7.47505  7.47505
350   7.47505  7.47505
351   7.47505  7.47505
352   7.47505  7.47505
353   7.47505  7.47505
354   7.47505  7.47505
355   7.47505  7.47505
356   7.47505  7.47505
357   7.47505  7.47505
358   7.47505  7.47505
359   7.47505  7.47505
360   7.47505  7.47505
361   7.47505  7.47505
362   7.47505  7.47505
363   7.47505  7.47505
364   7.47505  7.47505
365   7.47505  7.47505
366   7.47505  7.47505
367   7.47505  7.47505
368   7.47505  7.47505
369   7.47505  7.47505
370   7.47505  7.47505
371   7.47505  7.47505
372   7.47505  7.47505
373   7.47505  7.47505
374   7.47505  7.47505
375   7.47505  7.47505
376   7.47505  7.47505
377   7.47505  7.47505
378   7.47505  7.47505
379   7.47505  7.47505
380   7.47505  7.47505
381   7.47505  7.47505
382   7.47505  7.47505
383   7.47505  7.47505
384   7.47505  7.47505
385   7.47505  7.47505
386   7.47505  7.47505
387   7.47505  7.47505
388   7.47505  7.47505
389   7.47505  7.47505
390   7.47505  7.47505
391   7.47505  7.47505
392   7.47505  7.47505
393   7.47505  7.47505
394   7.47505  7.47505
395   7.47505  7.47505
396   7.47505  7.47505
397   7.47505  7.47505
398   7.47505  7.47505
399   7.47505  7.47505
400   7.47505  7.47505
401   7.47505  7.47505
402   7.47505  7.47505
403   7.47505  7.47505
404   7.47505  7.47505
405   7.47505  7.47505
406   7.47505  7.47505
407   7.47505  7.47505
408   7.47505  7.47505
409   7.47505  7.47505
410   7.47505  7.47505
411   7.47505  7.47505
412   7.47505  7.47505
413   7.47505  7.47505
414   7.47505  7.47505
415   7.47505  7.47505
416   7.47505  7.47505
417   7.47505  7.47505
418   7.47505  7.47505
419   7.47505  7.47505
420   7.47505  7.47505
421   7.47505  7.47505
422   7.47505  7.47505
423   7.47505  7.47505
424   7.47505  7.47505
425   7.47505  7.47505
426   7.47505  7.47505
427   7.47505  7.47505
428   7.47505  7.47505
429   7.47505  7.47505
430   7.47505  7.47505
431   7.47505  7.47505
432   7.47505  7.47505
433   7.47505  7.47505
434   7.47505  7.47505
435   7.47505  7.47505
436   7.47505  7.47505
437   7.47505  7.47505
438   7.47505  7.47505
439   7.47505  7.47505
440   7.47505  7.47505
441   7.47505  7.47505
442   7.47505  7.47505
443   7.47505  7.47505
444   7.47505  7.47505
445   7.47505  7.47505
446   7.47505  7.47505
447   7.47505  7.47505
448   7.47505  7.47505
449   7.47505  7.47505
450   7.47505  7.47505
451   7.47505  7.47505
452   7.47505  7.47505
453   7.47505  7.47505
454   7.47505  7.47505
455   7.47505  7.47505
456   7.47505  7.47505
457   7.47505  7.47505
458   7.47505  7.47505
459   7.47505  7.47505
460   7.47505  7.47505
461   7.47505  7.47505
462   7.47505  7.47505
463   7.47505  7.47505
464   7.47505  7.47505
465   7.47505  7.47505
466   7.47505  7.47505
467   7.47505  7.47505
468   7.47505  7.47505
469   7.47505  7.47505
470   7.47505  7.47505
471   7.47505  7.47505
472   7.47505  7.47505
473   7.47505  7.47505
474   7.47505  7.47505
475   7.47505  7.47505
476   7.47505  7.47505
477   7.47505  7.47505
478   7.47505  7.47505
479   7.47505  7.47505
480   7.47505  7.47505
481   7.47505  7.47505
482   7.47505  7.47505
483   7.47505  7.47505
484   7.47505  7.47505
485   7.47505  7.47505
486   7.47505  7.47505
487   7.47505  7.47505
488   7.47505  7.47505
489   7.47505  7.47505
490   7.47505  7.47505
491   7.47505  7.47505
492   7.47505  7.47505
493   7.47505  7.47505
494   7.47505  7.47505
495   7.47505  7.47505
496   7.47505  7.47505
497   7.47505  7.47505
498   7.47505  7.47505
499   7.47505  7.47505
500   7.47505  7.47505
501   7.47505  7.47505
502   7.47505  7.47505
503   7.47505  7.47505
504   7.47505  7.47505
505   7.47505  7.47505
506   7.47505  7.47505
507   7.47505  7.47505
508   7.47505  7.47505
509   7.47505  7.47505
510   7.47505  7.47505
511   7.47505  7.47505
512   7.47505  7.47505
513   7.47505  7.47505
514   7.47505  7.47505
515   7.47505  7.47505
516   7.47505  7.47505
517   7.47505  7.47505
518   7.47505  7.47505
519   7.47505  7.47505
520   7.47505  7.47505
521   7.47505  7.47505
522   7.47505  7.47505
523   7.47505  7.47505
524   7.47505  7.47505
525   7.47505  7.47505
526   7.47505  7.47505
527   7.47505  7.47505
528   7.47505  7.47505
529   7.47505  7.47505
530   7.47505  7.47505
531   7.47505  7.47505
532   7.47505  7.47505
533   7.47505  7.47505
534   7.47505  7.47505
535   7.47505  7.47505
536   7.47505  7.47505
537   7.47505  7.47505
538   7.47505  7.47505
539   7.47505  7.47505
540   7.47505  7.47505
541   7.47505  7.47505
542   7.47505  7.47505
543   7.47505  7.47505
544   7.47505  7.47505
545   7.47505  7.47505
546   7.47505  7.47505
547   7.47505  7.47505
548   7.47505  7.47505
549   7.47505  7.47505
550   7.47505  7.47505
551   7.47505  7.47505
552   7.47505  7.47505
553   7.47505  7.47505
554   7.47505  7.47505
555   7.47505  7.47505
556   7.47505  7.47505
557   7.47505  7.47505
558   7.47505  7.47505
559   7.47505  7.47505
560   7.47505  7.47505
561   7.47505  7.47505
562   7.47505  7.47505
563   7.47505  7.47505
564   7.47505  7.47505
565   7.47505  7.47505
566   7.47505  7.47505
567   7.47505  7.47505
568   7.47505  7.47505
569   7.47505  7.47505
570   7.47505  7.47505
571   7.47505  7.47505
572   7.47505  7.47505
573   7.47505  7.47505
574   7.47505  7.47505
575   7.47505  7.47505
576   7.47505  7.47505
577   7.47505  7.47505
578   7.47505  7.47505
579   7.47505  7.47505
580   7.47505  7.47505
581   7.47505  7.47505
582   7.47505  7.47505
583   7.47505  7.47505
584   7.47505  7.47505
585   7.47505  7.47505
586   7.47505  7.47505
587   7.47505  7.47505
588   7.47505  7.47505
589   7.47505  7.47505
590   7.47505  7.47505
591   7.47505  7.47505
592   7.47505  7.47505
593   7.47505  7.47505
594   7.47505  7.47505
595   7.47505  7.47505
596   7.47505  7.47505
597   7.47505  7.47505
598   7.47505  7.47505
599   7.47505  7.47505
600   7.47505  7.47505
601   7.47505  7.47505
602   7.47505  7.47505
603   7.47505  7.47505
604   7.47505  7.47505
605   7.47505  7.47505
606   7.47505  7.47505
607   7.47505  7.47505
608   7.47505  7.47505
609   7.47505  7.47505
610   7.47505  7.47505
611   7.47505  7.47505
612   7.47505  7.47505
613   7.47505  7.47505
614   7.47505  7.47505
615   7.47505  7.47505
616   7.47505  7.47505
617   7.47505  7.47505
618   7.47505  7.47505
619   7.47505  7.47505
620   7.47505  7.47505
621   7.47505  7.47505
622   7.47505  7.47505
623   7.47505  7.47505
624   7.47505  7.47505
625   7.47505  7.47505
626   7.47505  7.47505
627   7.47505  7.47505
628   7.47505  7.47505
629   7.47505  7.47505
630   7.47505  7.47505
631   7.47505  7.47505
632   7.47505  7.47505
633   7.47505  7.47505
634   7.47505  7.47505
635   7.47505  7.47505
636   7.47505  7.47505
637   7.47505  7.47505
638   7.47505  7.47505
639   7.47505  7.47505
640   7.47505  7.47505
641   7.47505  7.47505
642   7.47505  7.47505
643   7.47505  7.47505
644   7.47505  7.47505
645   7.47505  7.47505
646   7.47505  7.47505
647   7.47505  7.47505
648   7.47505  7.47505
649   7.47505  7.47505
650   7.47505  7.47505
651   7.47505  7.47505
652   7.47505  7.47505
653   7.47505  7.47505
654   7.47505  7.47505
655   7.47505  7.47505
656   7.47505  7.47505
657   7.47505  7.47505
658   7.47505  7.47505
659   7.47505  7.47505
660   7.47505  7.47505
661   7.47505  7.47505
662   7.47505  7.47505
663   7.47505  7.47505
664   7.47505  7.47505
665   7.47505  7.47505
666   7.47505  7.47505
667   7.47505  7.47505
668   7.47505  7.47505
669   7.47505  7.47505
670   7.47505  7.47505
671   7.47505  7.47505
672   7.47505  7.47505
673   7.47505  7.47505
674   7.47505  7.47505
675   7.47505  7.47505
676   7.47505  7.47505
677   7.47505  7.47505
678   7.47505  7.47505
679   7.47505  7.47505
680   7.47505  7.47505
681   7.47505  7.47505
682   7.47505  7.47505
683   7.47505  7.47505
684   7.47505  7.47505
685   7.47505  7.47505
686   7.47505  7.47505
687   7.47505  7.47505
688   7.47505  7.47505
689   7.47505  7.47505
690   7.47505  7.47505
691   7.47505  7.47505
692   7.47505  7.47505
693   7.47505  7.47505
694   7.47505  7.47505
695   7.47505  7.47505
696   7.47505  7.47505
697   7.47505  7.47505
698   7.47505  7.47505
699   7.47505  7.47505
700   7.47505  7.47505
701   7.47505  7.47505
702   7.47505  7.47505
703   7.47505  7.47505
704   7.47505  7.47505
705   7.47505  7.47505
706   7.47505  7.47505
707   7.47505  7.47505
708   7.47505  7.47505
709   7.47505  7.47505
710   7.47505  7.47505
711   7.47505  7.47505
712   7.47505  7.47505
713   7.47505  7.47505
714   7.47505  7.47505
715   7.47505  7.47505
716   7.47505  7.47505
717   7.47505  7.47505
718   7.47505  7.47505
719   7.47505  7.47505
720   7.47505  7.47505
721   7.47505  7.47505
722   7.47505  7.47505
723   7.47505  7.47505
724   7.47505  7.47505
725   7.47505  7.47505
726   7.47505  7.47505
727   7.47505  7.47505
728   7.47505  7.47505
729   7.47505  7.47505
730   7.47505  7.47505
731   7.47505  7.47505
732   7.47505  7.47505
733   7.47505  7.47505
734   7.47505  7.47505
735   7.47505  7.47505
736   7.47505  7.47505
737   7.47505  7.47505
738   7.47505  7.47505
739   7.47505  7.47505
740   7.47505  7.47505
741   7.47505  7.47505
742   7.47505  7.47505
743   7.47505  7.47505
744   7.47505  7.47505
745   7.47505  7.47505
746   7.47505  7.47505
747   7.47505  7.47505
748   7.47505  7.47505
749   7.47505  7.47505
750   7.47505  7.47505
751   7.47505  7.47505
752   7.47505  7.47505
753   7.47505  7.47505
754   7.47505  7.47505
755   7.47505  7.47505
756   7.47505  7.47505
757   7.47505  7.47505
758   7.47505  7.47505
759   7.47505  7.47505
760   7.47505  7.47505
761   7.47505  7.47505
762   7.47505  7.47505
763   7.47505  7.47505
764   7.47505  7.47505
765   7.47505  7.47505
766   7.47505  7.47505
767   7.47505  7.47505
768   7.47505  7.47505
769   7.47505  7.47505
770   7.47505  7.47505
771   7.47505  7.47505
772   7.47505  7.47505
773   7.47505  7.47505
774   7.47505  7.47505
775   7.47505  7.47505
776   7.47505  7.47505
777   7.47505  7.47505
778   7.47505  7.47505
779   7.47505  7.47505
780   7.47505  7.47505
781   7.47505  7.47505
782   7.47505  7.47505
783   7.47505  7.47505
784   7.47505  7.47505
785   7.47505  7.47505
786   7.47505  7.47505
787   7.47505  7.47505
788   7.47505  7.47505
789   7.47505  7.47505
790   7.47505  7.47505
791   7.47505  7.47505
792   7.47505  7.47505
793   7.47505  7.47505
794   7.47505  7.47505
795   7.47505  7.47505
796   7.47505  7.47505
797   7.47505  7.47505
798   7.47505  7.47505
799   7.47505  7.47505
800   7.47505  7.47505
801   7.47505  7.47505
802   7.47505  7.47505
803   7.47505  7.47505
804   7.47505  7.47505
805   7.47505  7.47505
806   7.47505  7.47505
807   7.47505  7.47505
808   7.47505  7.47505
809   7.47505  7.47505
810   7.47505  7.47505
811   7.47505  7.47505
812   7.47505  7.47505
813   7.47505  7.47505
814   7.47505  7.47505
815   7.47505  7.47505
816   7.47505  7.47505
817   7.47505  7.47505
818   7.47505  7.47505
819   7.47505  7.47505
820   7.47505  7.47505
821   7.47505  7.47505
822   7.47505  7.47505
823   7.47505  7.47505
824   7.47505  7.47505
825   7.47505  7.47505
826   7.47505  7.47505
827   7.47505  7.47505
828   7.47505  7.47505
829   7.47505  7.47505
830   7.47505  7.47505
831   7.47505  7.47505
832   7.47505  7.47505
833   7.47505  7.47505
834   7.47505  7.47505
835   7.47505  7.47505
836   7.47505  7.47505
837   7.47505  7.47505
838   7.47505  7.47505
839   7.47505  7.47505
840   7.47505  7.47505
841   7.47505  7.47505
842   7.47505  7.47505
843   7.47505  7.47505
844   7.47505  7.47505
845   7.47505  7.47505
846   7.47505  7.47505
847   7.47505  7.47505
848   7.47505  7.47505
849   7.47505  7.47505
850   7.47505  7.47505
851   7.47505  7.47505
852   7.47505  7.47505
853   7.47505  7.47505
854   7.47505  7.47505
855   7.47505  7.47505
856   7.47505  7.47505
857   7.47505  7.47505
858   7.47505  7.47505
859   7.47505  7.47505
860   7.47505  7.47505
861   7.47505  7.47505
862   7.47505  7.47505
863   7.47505  7.47505
864   7.47505  7.47505
865   7.47505  7.47505
866   7.47505  7.47505
867   7.47505  7.47505
868   7.47505  7.47505
869   7.47505  7.47505
870   7.47505  7.47505
871   7.47505  7.47505
872   7.47505  7.47505
873   7.47505  7.47505
874   7.47505  7.47505
875   7.47505  7.47505
876   7.47505  7.47505
877   7.47505  7.47505
878   7.47505  7.47505
879   7.47505  7.47505
880   7.47505  7.47505
881   7.47505  7.47505
882   7.47505  7.47505
883   7.47505  7.47505
884   7.47505  7.47505
885   7.47505  7.47505
886   7.47505  7.47505
887   7.47505  7.47505
888   7.47505  7.47505
889   7.47505  7.47505
890   7.47505  7.47505
891   7.47505  7.47505
892   7.47505  7.47505
893   7.47505  7.47505
894   7.47505  7.47505
895   7.47505  7.47505
896   7.47505  7.47505
897   7.47505  7.47505
898   7.47505  7.47505
899   7.47505  7.47505
900   7.47505  7.47505
901   7.47505  7.47505
902   7.47505  7.47505
903   7.47505  7.47505
904   7.47505  7.47505
905   7.47505  7.47505
906   7.47505  7.47505
907   7.47505  7.47505
908   7.47505  7.47505
909   7.47505  7.47505
910   7.47505  7.47505
911   7.47505  7.47505
912   7.47505  7.47505
913   7.47505  7.47505
914   7.47505  7.47505
915   7.47505  7.47505
916   7.47505  7.47505
917   7.47505  7.47505
918   7.47505  7.47505
919   7.47505  7.47505
920   7.47505  7.47505
921   7.47505  7.47505
922   7.47505  7.47505
923   7.47505  7.47505
924   7.47505  7.47505
925   7.47505  7.47505
926   7.47505  7.47505
927   7.47505  7.47505
928   7.47505  7.47505
929   7.47505  7.47505
930   7.47505  7.47505
931   7.47505  7.47505
932   7.47505  7.47505
933   7.47505  7.47505
934   7.47505  7.47505
935   7.47505  7.47505
936   7.47505  7.47505
937   7.47505  7.47505
938   7.47505  7.47505
939   7.47505  7.47505
940   7.47505  7.47505
941   7.47505  7.47505
942   7.47505  7.47505
943   7.47505  7.47505
944   7.47505  7.47505
945   7.47505  7.47505
946   7.47505  7.47505
947   7.47505  7.47505
948   7.47505  7.47505
949   7.47505  7.47505
950   7.47505  7.47505
951   7.47505  7.47505
952   7.47505  7.47505
953   7.47505  7.47505
954   7.47505  7.47505
955   7.47505  7.47505
956   7.47505  7.47505
957   7.47505  7.47505
958   7.47505  7.47505
959   7.47505  7.47505
960   7.47505  7.47505
961   7.47505  7.47505
962   7.47505  7.47505
963   7.47505  7.47505
964   7.47505  7.47505
965   7.47505  7.47505
966   7.47505  7.47505
967   7.47505  7.47505
968   7.47505  7.47505
969   7.47505  7.47505
970   7.47505  7.47505
971   7.47505  7.47505
972   7.47505  7.47505
973   7.47505  7.47505
974   7.47505  7.47505
975   7.47505  7.47505
976   7.47505  7.47505
977   7.47505  7.47505
978   7.47505  7.47505
979   7.47505  7.47505
980   7.47505  7.47505
981   7.47505  7.47505
982   7.47505  7.47505
983   7.47505  7.47505
984   7.47505  7.47505
985   7.47505  7.47505
986   7.47505  7.47505
987   7.47505  7.47505
988   7.47505  7.47505
989   7.47505  7.47505
990   7.47505  7.47505
991   7.47505  7.47505
992   7.47505  7.47505
993   7.47505  7.47505
994   7.47505  7.47505
995   7.47505  7.47505
996   7.47505  7.47505
997   7.47505  7.47505
998   7.47505  7.47505
999   7.47505  7.47505
1000   7.47505  7.47505
1001   7.47505  7.47505
1002   7.47505  7.47505
1003   7.47505  7.47505
1004   7.47505  7.47505
1005   7.47505  7.47505
1006   7.47505  7.47505
1007   7.47505  7.47505
1008   7.47505  7.47505
1009   7.47505  7.47505
1010   7.47505  7.47505
1011   7.47505  7.47505
1012   7.47505  7.47505
1013   7.47505  7.47505
1014   7.47505  7.47505
1015   7.47505  7.47505
1016   7.47505  7.47505
1017   7.47505  7.47505
1018   7.47505  7.47505
1019   7.47505  7.47505
1020   7.47505  7.47505
1021   7.47505  7.47505
1022   7.47505  7.47505
1023   7.47505  7.47505
1024   7.47505  7.47505
1025   7.47505  7.47505
1026   7.47505  7.47505
1027   7.47505  7.47505
1028   7.47505  7.47505
1029   7.47505  7.47505
1030   7.47505  7.47505
1031   7.47505  7.47505
1032   7.47505  7.47505
1033   7.47505  7.47505
1034   7.47505  7.47505
1035   7.47505  7.47505
1036   7.47505  7.47505
1037   7.47505  7.47505
1038   7.47505  7.47505
1039   7.47505  7.47505
1040   7.47505  7.47505
1041   7.47505  7.47505
1042   7.47505  7.47505
1043   7.47505  7.47505
1044   7.47505  7.47505
1045   7.47505  7.47505
1046   7.47505  7.47505
1047   7.47505  7.47505
1048   7.47505  7.47505
1049   7.47505  7.47505
1050   7.47505  7.47505
1051   7.47505  7.47505
1052   7.47505  7.47505
1053   7.47505  7.47505
1054   7.47505  7.47505
1055   7.47505  7.47505
1056   7.47505  7.47505
1057   7.47505  7.47505
1058   7.47505  7.47505
1059   7.47505  7.4758
1060   7.47505  7.47505
1061   7.47505  7.47505
1062   7.47505  7.47505
1063   7.47505  7.47505
1064   7.47505  7.47505
1065   7.47505  7.47505
1066   7.47505  7.47505
1067   7.47505  7.47505
1068   7.47505  7.47505
1069   7.47505  7.47505
1070   7.47505  7.47505
1071   7.47505  7.47505
1072   7.47505  7.47505
1073   7.47505  7.47505
1074   7.47505  7.47505
1075   7.47505  7.47505
1076   7.47505  7.47505
1077   7.47505  7.47505
1078   7.47505  7.47505
1079   7.47505  7.47505
1080   7.47505  7.47505
1081   7.47505  7.47505
1082   7.47505  7.47505
1083   7.47505  7.47505
1084   7.47505  7.47505
1085   7.47505  7.47505
1086   7.47505  7.47505
1087   7.47505  7.47505
1088   7.47505  7.47505
1089   7.47505  7.47505
1090   7.47505  7.47505
1091   7.47505  7.47505
1092   7.47505  7.47505
1093   7.47505  7.47505
1094   7.47505  7.47505
1095   7.47505  7.47505
1096   7.47505  7.47505
1097   7.47505  7.47505
1098   7.47505  7.47505
1099   7.47505  7.47505
1100   7.47505  7.47505
1101   7.47505  7.47505
1102   7.47505  7.4752
1103   7.47505  7.47505
1104   7.47505  7.47505
1105   7.47505  7.47505
1106   7.47505  7.47505
1107   7.47505  7.47505
1108   7.47505  7.47505
1109   7.47505  7.47505
1110   7.47505  7.47505
1111   7.47505  7.47505
1112   7.47505  7.47505
1113   7.47505  7.47505
1114   7.47505  7.47505
1115   7.47505  7.47505
1116   7.47505  7.47505
1117   7.47505  7.47505
1118   7.47505  7.47505
1119   7.47505  7.47505
1120   7.47505  7.47505
1121   7.47505  7.47505
1122   7.47505  7.47505
1123   7.47505  7.47505
1124   7.47505  7.47505
1125   7.47505  7.47505
1126   7.47505  7.47505
1127   7.47505  7.47505
1128   7.47505  7.47505
1129   7.47505  7.47505
1130   7.47505  7.47505
1131   7.47505  7.47505
1132   7.47505  7.47505
1133   7.47505  7.47505
1134   7.47505  7.47505
1135   7.47505  7.47505
1136   7.47505  7.47505
1137   7.47505  7.47505
1138   7.47505  7.47505
1139   7.47505  7.47505
1140   7.47505  7.47505
1141   7.47505  7.47505
1142   7.47505  7.47505
1143   7.47505  7.47505
1144   7.47505  7.47505
1145   7.47505  7.47505
1146   7.47505  7.47505
1147   7.47505  7.47505
1148   7.47505  7.47505
1149   7.47505  7.47505
1150   7.47505  7.47505
1151   7.47505  7.47505
1152   7.47505  7.47505
1153   7.47505  7.47505
1154   7.47505  7.47505
1155   7.47505  7.47505
1156   7.47505  7.47505
1157   7.47505  7.47505
1158   7.47505  7.47505
1159   7.47505  7.47505
1160   7.47505  7.47505
1161   7.47505  7.47505
1162   7.47505  7.47505
1163   7.47505  7.47505
1164   7.47505  7.47505
1165   7.47505  7.47505
1166   7.47505  7.47505
1167   7.47505  7.47505
1168   7.47505  7.47505
1169   7.47505  7.47505
1170   7.47505  7.47505
1171   7.47505  7.47505
1172   7.47505  7.47505
1173   7.47505  7.47505
1174   7.47505  7.47505
1175   7.47505  7.47505
1176   7.47505  7.47505
1177   7.47505  7.47505
1178   7.47505  7.47505
1179   7.47505  7.47505
1180   7.47505  7.47505
1181   7.47505  7.47505
1182   7.47505  7.47505
1183   7.47505  7.47505
1184   7.47505  7.47505
1185   7.47505  7.47505
1186   7.47505  7.47505
1187   7.47505  7.47505
1188   7.47505  7.47505
1189   7.47505  7.47505
1190   7.47505  7.47505
1191   7.47505  7.47505
1192   7.47505  7.47505
1193   7.47505  7.47505
1194   7.47505  7.47505
1195   7.47505  7.47505
1196   7.47505  7.47505
1197   7.47505  7.47505
1198   7.47505  7.47505
1199   7.47505  7.47505
1200   7.47505  7.47505
1201   7.47505  7.47505
1202   7.47505  7.47505
1203   7.47505  7.47505
1204   7.47505  7.47505
1205   7.47505  7.47505
1206   7.47505  7.47505
1207   7.47505  7.47505
1208   7.47505  7.47505
1209   7.47505  7.47505
1210   7.47505  7.47505
1211   7.47505  7.47505
1212   7.47505  7.47505
1213   7.47505  7.47505
1214   7.47505  7.47505
1215   7.47505  7.47505
1216   7.47505  7.47505
1217   7.47505  7.47505
1218   7.47505  7.47505
1219   7.47505  7.47505
1220   7.47505  7.47505
1221   7.47505  7.47505
1222   7.47505  7.47505
1223   7.47505  7.47505
1224   7.47505  7.47505
1225   7.47505  7.47505
1226   7.47505  7.47505
1227   7.47505  7.47505
1228   7.47505  7.47505
1229   7.47505  7.47505
1230   7.47505  7.47505
1231   7.47505  7.47505
1232   7.47505  7.47505
1233   7.47505  7.47505
1234   7.47505  7.47505
1235   7.47505  7.47505
1236   7.47505  7.47505
1237   7.47505  7.47505
1238   7.47505  7.47505
1239   7.47505  7.47505
1240   7.47505  7.47505
1241   7.47505  7.47505
1242   7.47505  7.47505
1243   7.47505  7.47505
1244   7.47505  7.47505
1245   7.47505  7.47505
1246   7.47505  7.47505
1247   7.47505  7.47505
1248   7.47505  7.47505
1249   7.47505  7.47505
1250   7.47505  7.47505
1251   7.47505  7.47505
1252   7.47505  7.47505
1253   7.47505  7.47505
1254   7.47505  7.47505
1255   7.47505  7.47505
1256   7.47505  7.47505
1257   7.47505  7.47505
1258   7.47505  7.47505
1259   7.47505  7.47505
1260   7.47505  7.47505
1261   7.47505  7.47505
1262   7.47505  7.47505
1263   7.47505  7.47505
1264   7.47505  7.47505
1265   7.47505  7.47505
1266   7.47505  7.47505
1267   7.47505  7.47505
1268   7.47505  7.47505
1269   7.47505  7.47505
1270   7.47505  7.47505
1271   7.47505  7.47505
1272   7.47505  7.47505
1273   7.47505  7.47505
1274   7.47505  7.47505
1275   7.47505  7.47505
1276   7.47505  7.47505
1277   7.47505  7.47505
1278   7.47505  7.47505
1279   7.47505  7.47505
1280   7.47505  7.47505
1281   7.47505  7.47505
1282   7.47505  7.47505
1283   7.47505  7.47505
1284   7.47505  7.47505
1285   7.47505  7.47505
1286   7.47505  7.47505
1287   7.47505  7.47505
1288   7.47505  7.47505
1289   7.47505  7.47505
1290   7.47505  7.47505
1291   7.47505  7.47505
1292   7.47505  7.47505
1293   7.47505  7.47505
1294   7.47505  7.47505
1295   7.47505  7.47505
1296   7.47505  7.47505
1297   7.47505  7.47505
1298   7.47505  7.47505
1299   7.47505  7.47505
1300   7.47505  7.47505
1301   7.47505  7.47505
1302   7.47505  7.47505
1303   7.47505  7.47505
1304   7.47505  7.47505
1305   7.47505  7.47505
1306   7.47505  7.47505
1307   7.47505  7.47505
1308   7.47505  7.47505
1309   7.47505  7.47505
1310   7.47505  7.47505
1311   7.47505  7.47505
1312   7.47505  7.47505
1313   7.47505  7.47505
1314   7.47505  7.47505
1315   7.47505  7.47505
1316   7.47505  7.47505
1317   7.47505  7.47505
1318   7.47505  7.47505
1319   7.47505  7.47505
1320   7.47505  7.47505
1321   7.47505  7.47505
1322   7.47505  7.47505
1323   7.47505  7.47505
1324   7.47505  7.47505
1325   7.47505  7.47505
1326   7.47505  7.47505
1327   7.47505  7.47505
1328   7.47505  7.47505
1329   7.47505  7.47505
1330   7.47505  7.47505
1331   7.47505  7.47505
1332   7.47505  7.47505
1333   7.47505  7.47505
1334   7.47505  7.47505
1335   7.47505  7.47505
1336   7.47505  7.47505
1337   7.47505  7.47505
1338   7.47505  7.47505
1339   7.47505  7.47505
1340   7.47505  7.47505
1341   7.47505  7.47505
1342   7.47505  7.47505
1343   7.47505  7.47505
1344   7.47505  7.47505
1345   7.47505  7.47505
1346   7.47505  7.47505
1347   7.47505  7.47505
1348   7.47505  7.47505
1349   7.47505  7.47505
1350   7.47505  7.47505
1351   7.47505  7.47505
1352   7.47505  7.47505
1353   7.47505  7.47505
1354   7.47505  7.47505
1355   7.47505  7.47505
1356   7.47505  7.47505
1357   7.47505  7.47505
1358   7.47505  7.47505
1359   7.47505  7.47505
1360   7.47505  7.47505
1361   7.47505  7.47505
1362   7.47505  7.47505
1363   7.47505  7.47505
1364   7.47505  7.47505
1365   7.47505  7.47505
1366   7.47505  7.47505
1367   7.47505  7.47505
1368   7.47505  7.47505
1369   7.47505  7.47505
1370   7.47505  7.47505
1371   7.47505  7.47505
1372   7.47505  7.47505
1373   7.47505  7.47505
1374   7.47505  7.47505
1375   7.47505  7.47505
1376   7.47505  7.47505
1377   7.47505  7.47505
1378   7.47505  7.47505
1379   7.47505  7.47505
1380   7.47505  7.47505
1381   7.47505  7.47505
1382   7.47505  7.47505
1383   7.47505  7.47505
1384   7.47505  7.47505
1385   7.47505  7.47505
1386   7.47505  7.47505
1387   7.47505  7.47505
1388   7.47505  7.47505
1389   7.47505  7.47505
1390   7.47505  7.47505
1391   7.47505  7.47505
1392   7.47505  7.47505
1393   7.47505  7.47505
1394   7.47505  7.47505
1395   7.47505  7.47505
1396   7.47505  7.47505
1397   7.47505  7.47505
1398   7.47505  7.47505
1399   7.47505  7.47505
1400   7.47505  7.47505
1401   7.47505  7.47505
1402   7.47505  7.47505
1403   7.47505  7.47505
1404   7.47505  7.47505
1405   7.47505  7.47505
1406   7.47505  7.47505
1407   7.47505  7.47505
1408   7.47505  7.47505
1409   7.47505  7.47505
1410   7.47505  7.47505
1411   7.47505  7.47505
1412   7.47505  7.47505
1413   7.47505  7.47505
1414   7.47505  7.47505
1415   7.47505  7.47505
1416   7.47505  7.47505
1417   7.47505  7.47505
1418   7.47505  7.47505
1419   7.47505  7.47505
1420   7.47505  7.47505
1421   7.47505  7.47505
1422   7.47505  7.47505
1423   7.47505  7.47505
1424   7.47505  7.47505
1425   7.47505  7.47505
1426   7.47505  7.47505
1427   7.47505  7.47505
1428   7.47505  7.47505
1429   7.47505  7.47505
1430   7.47505  7.47505
1431   7.47505  7.47505
1432   7.47505  7.47505
1433   7.47505  7.47505
1434   7.47505  7.47505
1435   7.47505  7.47505
1436   7.47505  7.47505
1437   7.47505  7.47505
1438   7.47505  7.47505
1439   7.47505  7.47505
1440   7.47505  7.47505
1441   7.47505  7.47505
1442   7.47505  7.47505
1443   7.47505  7.47505
1444   7.47505  7.47505
1445   7.47505  7.47505
1446   7.47505  7.47505
1447   7.47505  7.47505
1448   7.47505  7.47505
1449   7.47505  7.47505
1450   7.47505  7.47505
1451   7.47505  7.47505
1452   7.47505  7.47505
1453   7.47505  7.47505
1454   7.47505  7.47505
1455   7.47505  7.47505
1456   7.47505  7.47505
1457   7.47505  7.47505
1458   7.47505  7.47505
1459   7.47505  7.47505
1460   7.47505  7.47505
1461   7.47505  7.47505
1462   7.47505  7.47505
1463   7.47505  7.47505
1464   7.47505  7.47505
1465   7.47505  7.47505
1466   7.47505  7.47505
1467   7.47505  7.47505
1468   7.47505  7.47505
1469   7.47505  7.47505
1470   7.47505  7.47505
1471   7.47505  7.47505
1472   7.47505  7.47505
1473   7.47505  7.47505
1474   7.47505  7.47505
1475   7.47505  7.47505
1476   7.47505  7.47505
1477   7.47505  7.47505
1478   7.47505  7.47505
1479   7.47505  7.47505
1480   7.47505  7.47505
1481   7.47505  7.47505
1482   7.47505  7.47505
1483   7.47505  7.47505
1484   7.47505  7.47505
1485   7.47505  7.47505
1486   7.47505  7.47505
1487   7.47505  7.47505
1488   7.47505  7.47505
1489   7.47505  7.47505
1490   7.47505  7.47505
1491   7.47505  7.47505
1492   7.47505  7.47505
1493   7.47505  7.47505
1494   7.47505  7.47505
1495   7.47505  7.47505
1496   7.47505  7.47505
1497   7.47505  7.47505
1498   7.47505  7.47505
1499   7.47505  7.47505
1500   7.47505  7.47505
1501   7.47505  7.47505
1502   7.47505  7.47505
1503   7.47505  7.47505
1504   7.47505  7.47505
1505   7.47505  7.47505
1506   7.47505  7.47505
1507   7.47505  7.47505
1508   7.47505  7.47505
1509   7.47505  7.47505
1510   7.47505  7.47505
1511   7.47505  7.47505
1512   7.47505  7.47505
1513   7.47505  7.47505
1514   7.47505  7.47505
1515   7.47505  7.47505
1516   7.47505  7.47505
1517   7.47505  7.47505
1518   7.47505  7.47505
1519   7.47505  7.47505
1520   7.47505  7.47505
1521   7.47505  7.47505
1522   7.47505  7.47505
1523   7.47505  7.47505
1524   7.47505  7.47505
1525   7.47505  7.47505
1526   7.47505  7.47505
1527   7.47505  7.47505
1528   7.47505  7.47505
1529   7.47505  7.47505
1530   7.47505  7.47505
1531   7.47505  7.47505
1532   7.47505  7.47505
1533   7.47505  7.47505
1534   7.47505  7.47505
1535   7.47505  7.47505
1536   7.47505  7.47505
1537   7.47505  7.47505
1538   7.47505  7.47505
1539   7.47505  7.47505
1540   7.47505  7.47505
1541   7.47505  7.47505
1542   7.47505  7.47505
1543   7.47505  7.47505
1544   7.47505  7.47505
1545   7.47505  7.47505
1546   7.47505  7.47505
1547   7.47505  7.47505
1548   7.47505  7.47505
1549   7.47505  7.47505
1550   7.47505  7.47505
1551   7.47505  7.47505
1552   7.47505  7.47505
1553   7.47505  7.47505
1554   7.47505  7.47505
1555   7.47505  7.47505
1556   7.47505  7.47505
1557   7.47505  7.47505
1558   7.47505  7.47505
1559   7.47505  7.47505
1560   7.47505  7.47505
1561   7.47505  7.47505
1562   7.47505  7.47505
1563   7.47505  7.47505
1564   7.47505  7.47505
1565   7.47505  7.47505
1566   7.47505  7.47505
1567   7.47505  7.47505
1568   7.47505  7.47505
1569   7.47505  7.47505
1570   7.47505  7.47505
1571   7.47505  7.47505
1572   7.47505  7.47505
1573   7.47505  7.47505
1574   7.47505  7.47505
1575   7.47505  7.47505
1576   7.47505  7.47505
1577   7.47505  7.47505
1578   7.47505  7.47505
1579   7.47505  7.47505
1580   7.47505  7.47505
1581   7.47505  7.47505
1582   7.47505  7.47505
1583   7.47505  7.47505
1584   7.47505  7.47505
1585   7.47505  7.47505
1586   7.47505  7.47505
1587   7.47505  7.47505
1588   7.47505  7.47505
1589   7.47505  7.47505
1590   7.47505  7.47505
1591   7.47505  7.47505
1592   7.47505  7.47505
1593   7.47505  7.47505
1594   7.47505  7.47505
1595   7.47505  7.47505
1596   7.47505  7.47505
1597   7.47505  7.47505
1598   7.47505  7.47505
1599   7.47505  7.47505
1600   7.47505  7.47505
1601   7.47505  7.47505
1602   7.47505  7.47505
1603   7.47505  7.47505
1604   7.47505  7.47505
1605   7.47505  7.47505
1606   7.47505  7.47505
1607   7.47505  7.47505
1608   7.47505  7.47505
1609   7.47505  7.47505
1610   7.47505  7.47505
1611   7.47505  7.47505
1612   7.47505  7.47505
1613   7.47505  7.47505
1614   7.47505  7.47505
1615   7.47505  7.47505
1616   7.47505  7.47505
1617   7.47505  7.47505
1618   7.47505  7.47505
1619   7.47505  7.47505
1620   7.47505  7.47505
1621   7.47505  7.47505
1622   7.47505  7.47505
1623   7.47505  7.47505
1624   7.47505  7.47505
1625   7.47505  7.47505
1626   7.47505  7.47505
1627   7.47505  7.47505
1628   7.47505  7.47505
1629   7.47505  7.47505
1630   7.47505  7.47505
1631   7.47505  7.47505
1632   7.47505  7.47505
1633   7.47505  7.47505
1634   7.47505  7.47505
1635   7.47505  7.47505
1636   7.47505  7.47505
1637   7.47505  7.47505
1638   7.47505  7.47505
1639   7.47505  7.47505
1640   7.47505  7.47505
1641   7.47505  7.47505
1642   7.47505  7.47505
1643   7.47505  7.47505
1644   7.47505  7.47505
1645   7.47505  7.47505
1646   7.47505  7.47505
1647   7.47505  7.47505
1648   7.47505  7.47505
1649   7.47505  7.47505
1650   7.47505  7.47505
1651   7.47505  7.47505
1652   7.47505  7.47505
1653   7.47505  7.47505
1654   7.47505  7.47505
1655   7.47505  7.47505
1656   7.47505  7.47505
1657   7.47505  7.47505
1658   7.47505  7.47505
1659   7.47505  7.47505
1660   7.47505  7.47505
1661   7.47505  7.47505
1662   7.47505  7.47505
1663   7.47505  7.47505
1664   7.47505  7.47505
1665   7.47505  7.47505
1666   7.47505  7.47505
1667   7.47505  7.47505
1668   7.47505  7.47505
1669   7.47505  7.47505
1670   7.47505  7.47505
1671   7.47505  7.47505
1672   7.47505  7.47505
1673   7.47505  7.47505
1674   7.47505  7.47505
1675   7.47505  7.47505
1676   7.47505  7.47505
1677   7.47505  7.47505
1678   7.47505  7.47505
1679   7.47505  7.47505
1680   7.47505  7.47505
1681   7.47505  7.47505
1682   7.47505  7.47505
1683   7.47505  7.47505
1684   7.47505  7.47505
1685   7.47505  7.47505
1686   7.47505  7.47505
1687   7.47505  7.47505
1688   7.47505  7.47505
1689   7.47505  7.47505
1690   7.47505  7.47505
1691   7.47505  7.47505
1692   7.47505  7.47505
1693   7.47505  7.47505
1694   7.47505  7.47505
1695   7.47505  7.47505
1696   7.47505  7.47505
1697   7.47505  7.47505
1698   7.47505  7.47505
1699   7.47505  7.47505
1700   7.47505  7.47505
1701   7.47505  7.47505
1702   7.47505  7.47505
1703   7.47505  7.47505
1704   7.47505  7.47505
1705   7.47505  7.47505
1706   7.47505  7.47505
1707   7.47505  7.47505
1708   7.47505  7.47505
1709   7.47505  7.47505
1710   7.47505  7.47505
1711   7.47505  7.47505
1712   7.47505  7.47505
1713   7.47505  7.47505
1714   7.47505  7.47505
1715   7.47505  7.47505
1716   7.47505  7.47505
1717   7.47505  7.47505
1718   7.47505  7.47505
1719   7.47505  7.47505
1720   7.47505  7.47505
1721   7.47505  7.47505
1722   7.47505  7.47505
1723   7.47505  7.47505
1724   7.47505  7.47505
1725   7.47505  7.47505
1726   7.47505  7.47505
1727   7.47505  7.47505
1728   7.47505  7.47505
1729   7.47505  7.47505
1730   7.47505  7.47505
1731   7.47505  7.47505
1732   7.47505  7.47505
1733   7.47505  7.47505
1734   7.47505  7.47505
1735   7.47505  7.47505
1736   7.47505  7.47505
1737   7.47505  7.47505
1738   7.47505  7.47505
1739   7.47505  7.47505
1740   7.47505  7.47505
1741   7.47505  7.47505
1742   7.47505  7.47505
1743   7.47505  7.47505
1744   7.47505  7.47505
1745   7.47505  7.47505
1746   7.47505  7.47505
1747   7.47505  7.47505
1748   7.47505  7.47505
1749   7.47505  7.47505
1750   7.47505  7.47505
1751   7.47505  7.47505
1752   7.47505  7.47505
1753   7.47505  7.47505
1754   7.47505  7.47505
1755   7.47505  7.47505
1756   7.47505  7.47505
1757   7.47505  7.47505
1758   7.47505  7.47505
1759   7.47505  7.47505
1760   7.47505  7.47505
1761   7.47505  7.47505
1762   7.47505  7.47505
1763   7.47505  7.47505
1764   7.47505  7.47505
1765   7.47505  7.47505
1766   7.47505  7.47505
1767   7.47505  7.47505
1768   7.47505  7.47505
1769   7.47505  7.47505
1770   7.47505  7.47505
1771   7.47505  7.47505
1772   7.47505  7.47505
1773   7.47505  7.47505
1774   7.47505  7.47505
1775   7.47505  7.47505
1776   7.47505  7.47505
1777   7.47505  7.47505
1778   7.47505  7.47505
1779   7.47505  7.47505
1780   7.47505  7.47505
1781   7.47505  7.47505
1782   7.47505  7.47505
1783   7.47505  7.47505
1784   7.47505  7.47505
1785   7.47505  7.47505
1786   7.47505  7.47505
1787   7.47505  7.47505
1788   7.47505  7.47505
1789   7.47505  7.47505
1790   7.47505  7.47505
1791   7.47505  7.47505
1792   7.47505  7.47505
1793   7.47505  7.47505
1794   7.47505  7.47505
1795   7.47505  7.48224
1796   7.47505  7.47505
1797   7.47505  7.47505
1798   7.47505  7.47505
1799   7.47505  7.47505
1800   7.47505  7.47505
1801   7.47505  7.47505
1802   7.47505  7.47505
1803   7.47505  7.47505
1804   7.47505  7.47505
1805   7.47505  7.47505
1806   7.47505  7.47505
1807   7.47505  7.47505
1808   7.47505  7.47505
1809   7.47505  7.47505
1810   7.47505  7.47505
1811   7.47505  7.47505
1812   7.47505  7.47505
1813   7.47505  7.47505
1814   7.47505  7.47505
1815   7.47505  7.47505
1816   7.47505  7.47505
1817   7.47505  7.47505
1818   7.47505  7.47505
1819   7.47505  7.47505
1820   7.47505  7.47505
1821   7.47505  7.47505
1822   7.47505  7.47505
1823   7.47505  7.47505
1824   7.47505  7.47505
1825   7.47505  7.47505
1826   7.47505  7.47505
1827   7.47505  7.47505
1828   7.47505  7.47505
1829   7.47505  7.47505
1830   7.47505  7.47505
1831   7.47505  7.47505
1832   7.47505  7.47505
1833   7.47505  7.47505
1834   7.47505  7.47505
1835   7.47505  7.47505
1836   7.47505  7.47505
1837   7.47505  7.47505
1838   7.47505  7.47505
1839   7.47505  7.47505
1840   7.47505  7.47505
1841   7.47505  7.47505
1842   7.47505  7.47505
1843   7.47505  7.47505
1844   7.47505  7.47505
1845   7.47505  7.47505
1846   7.47505  7.47505
1847   7.47505  7.47505
1848   7.47505  7.47505
1849   7.47505  7.47505
1850   7.47505  7.47505
1851   7.47505  7.47505
1852   7.47505  7.47505
1853   7.47505  7.47505
1854   7.47505  7.47505
1855   7.47505  7.47505
1856   7.47505  7.47505
1857   7.47505  7.47505
1858   7.47505  7.47505
1859   7.47505  7.47505
1860   7.47505  7.47505
1861   7.47505  7.47505
1862   7.47505  7.47505
1863   7.47505  7.47505
1864   7.47505  7.47505
1865   7.47505  7.47505
1866   7.47505  7.47505
1867   7.47505  7.47505
1868   7.47505  7.47505
1869   7.47505  7.47505
1870   7.47505  7.47505
1871   7.47505  7.47505
1872   7.47505  7.47505
1873   7.47505  7.47505
1874   7.47505  7.47505
1875   7.47505  7.47505
1876   7.47505  7.47505
1877   7.47505  7.47505
1878   7.47505  7.47505
1879   7.47505  7.47505
1880   7.47505  7.47505
1881   7.47505  7.47505
1882   7.47505  7.47505
1883   7.47505  7.47505
1884   7.47505  7.47505
1885   7.47505  7.47505
1886   7.47505  7.47505
1887   7.47505  7.47505
1888   7.47505  7.47505
1889   7.47505  7.47505
1890   7.47505  7.47505
1891   7.47505  7.47505
1892   7.47505  7.47505
1893   7.47505  7.47505
1894   7.47505  7.47505
1895   7.47505  7.47505
1896   7.47505  7.47505
1897   7.47505  7.47505
1898   7.47505  7.47505
1899   7.47505  7.47505
1900   7.47505  7.47505
1901   7.47505  7.47505
1902   7.47505  7.47505
1903   7.47505  7.47505
1904   7.47505  7.47505
1905   7.47505  7.47505
1906   7.47505  7.47505
1907   7.47505  7.47505
1908   7.47505  7.47505
1909   7.47505  7.47505
1910   7.47505  7.47505
1911   7.47505  7.47505
1912   7.47505  7.47505
1913   7.47505  7.47505
1914   7.47505  7.47505
1915   7.47505  7.47505
1916   7.47505  7.47505
1917   7.47505  7.47505
1918   7.47505  7.47505
1919   7.47505  7.47505
1920   7.47505  7.47505
1921   7.47505  7.47505
1922   7.47505  7.47505
1923   7.47505  7.47505
1924   7.47505  7.47505
1925   7.47505  7.47505
1926   7.47505  7.47505
1927   7.47505  7.47505
1928   7.47505  7.47505
1929   7.47505  7.47505
1930   7.47505  7.47505
1931   7.47505  7.47505
1932   7.47505  7.47505
1933   7.47505  7.47505
1934   7.47505  7.47505
1935   7.47505  7.47505
1936   7.47505  7.47505
1937   7.47505  7.47505
1938   7.47505  7.47505
1939   7.47505  7.47505
1940   7.47505  7.47505
1941   7.47505  7.47505
1942   7.47505  7.47505
1943   7.47505  7.47505
1944   7.47505  7.47505
1945   7.47505  7.47505
1946   7.47505  7.47505
1947   7.47505  7.47505
1948   7.47505  7.47505
1949   7.47505  7.47505
1950   7.47505  7.47505
1951   7.47505  7.47505
1952   7.47505  7.47505
1953   7.47505  7.47505
1954   7.47505  7.47505
1955   7.47505  7.47505
1956   7.47505  7.47505
1957   7.47505  7.47505
1958   7.47505  7.47505
1959   7.47505  7.47505
1960   7.47505  7.47505
1961   7.47505  7.47505
1962   7.47505  7.47505
1963   7.47505  7.47505
1964   7.47505  7.47505
1965   7.47505  7.47505
1966   7.47505  7.47505
1967   7.47505  7.47505
1968   7.47505  7.47505
1969   7.47505  7.47505
1970   7.47505  7.47505
1971   7.47505  7.47505
1972   7.47505  7.47505
1973   7.47505  7.47505
1974   7.47505  7.47505
1975   7.47505  7.47505
1976   7.47505  7.47505
1977   7.47505  7.47505
1978   7.47505  7.47505
1979   7.47505  7.47505
1980   7.47505  7.47505
1981   7.47505  7.47505
1982   7.47505  7.47505
1983   7.47505  7.47505
1984   7.47505  7.47505
1985   7.47505  7.47505
1986   7.47505  7.47505
1987   7.47505  7.47505
1988   7.47505  7.47505
1989   7.47505  7.47505
1990   7.47505  7.47505
1991   7.47505  7.4752
1992   7.47505  7.47505
1993   7.47505  7.47505
1994   7.47505  7.47505
1995   7.47505  7.47505
1996   7.47505  7.47505
1997   7.47505  7.47505
1998   7.47505  7.47505
1999   7.47505  7.47505
2000   7.47505  7.47505
2001   7.47505  7.47505
