3.13357  0
3.11988  0.0136877
3.12938  0.0123537
3.1448  0.0177243
3.14354  0.0137871
3.14819  0.0121811
3.14654  0.0104263
3.15187  0.0104838
3.15272  0.00928522
3.15179  0.00835689
3.15307  0.00766576
3.14981  0.00771619
3.14489  0.00863762
3.14191  0.00853386
3.14115  0.00798092
3.13717  0.00845885
3.13635  0.0079883
3.13586  0.00754768
3.1377  0.00737285
3.13746  0.00699852
3.13881  0.00679242
3.13879  0.00647634
3.13878  0.00618837
3.13785  0.00599735
3.1385  0.00578839
3.13899  0.00558364
3.139  0.00537286
3.13984  0.00524605
3.13935  0.00508566
3.13984  0.00493725
3.14062  0.00483815
3.13917  0.00490415
3.13874  0.00477256
3.13851  0.00463549
3.13967  0.0046475
3.14112  0.00474218
3.14111  0.00461223
3.14096  0.00449172
3.13935  0.00466244
3.13985  0.00457238
3.13912  0.00451925
3.13912  0.00441033
3.13852  0.00434774
3.13824  0.00425697
3.13775  0.0041909
3.13798  0.00410527
3.13794  0.00401719
3.13808  0.0039351
3.13857  0.0038849
3.13884  0.003816
3.13823  0.00378898
3.13793  0.0037276
3.13788  0.0036569
3.13736  0.00362599
3.13774  0.00357977
3.13796  0.00352164
3.13808  0.00346168
3.13752  0.00344731
3.13768  0.00339179
3.13774  0.00333541
3.13909  0.00354642
3.1389  0.0034938
3.13932  0.00346312
3.13942  0.00341012
3.14033  0.003479
3.14088  0.00346941
3.14123  0.00343451
3.14082  0.0034082
3.14041  0.00338283
3.14082  0.00335898
3.14193  0.00349392
3.14149  0.00347381
3.1414  0.00342691
3.14139  0.00338031
3.1411  0.00334767
3.1413  0.00330949
3.14091  0.00328887
3.14108  0.00325074
3.14072  0.00322917
3.14087  0.00319207
3.14058  0.00316607
3.14053  0.00312771
3.14001  0.00313244
3.13996  0.00309528
3.14081  0.00317454
3.14111  0.00315153
3.14144  0.00313299
3.141  0.00312851
3.14127  0.00310507
3.14145  0.00307538
3.14172  0.00305316
3.1417  0.00301987
3.14137  0.00300466
3.14162  0.00298274
3.14189  0.0029633
3.14181  0.00293337
3.14163  0.00290814
3.14144  0.00288488
3.14169  0.00286674
3.14142  0.00285135
