0.506394  0  0.0851372  0  111.6
0.505419  0.000975434  0.0824533  0.00268387  86.2
0.506531  0.00124642  0.081621  0.00175893  116.4
0.50366  0.00300341  0.082147  0.0013504  84.2
0.502191  0.00275126  0.0823961  0.00107526  93.6
0.500854  0.0026139  0.0828372  0.000982542  93.6
0.503536  0.00347441  0.0825559  0.00087674  103.2
0.504052  0.00305291  0.0825923  0.000760149  97.8
0.503583  0.00273295  0.082646  0.00067254  74.8
0.501214  0.00340415  0.0825403  0.000610759  90.2
0.499985  0.00331548  0.0825668  0.000553088  93.8
0.50016  0.00303163  0.0824752  0.000513148  126.8
0.500513  0.00281098  0.082476  0.000472029  101.4
0.500319  0.00260967  0.082921  0.000623673  119.2
0.500069  0.00244235  0.0828104  0.000591057  75.6
0.502089  0.00305001  0.0827312  0.000558526  108.6
0.501955  0.00286812  0.0826633  0.000529014  105.8
0.50203  0.00270512  0.0829222  0.000561953  116.6
0.50241  0.00258682  0.0828709  0.00053402  97.8
0.502239  0.00245996  0.0828575  0.000506794  89.6
0.502193  0.00234034  0.0827783  0.000488523  142.4
0.502628  0.00227343  0.0828471  0.000470849  90.8
0.501909  0.00228835  0.0829234  0.000456331  106
0.501397  0.00224989  0.0829624  0.000438636  128.2
0.501469  0.00215921  0.0829768  0.000420973  115.4
0.500565  0.00226315  0.0830208  0.000406848  106.4
0.500407  0.00218344  0.083088  0.000397201  101.6
0.500215  0.0021127  0.0831847  0.00039479  104.2
0.500182  0.00203881  0.0832228  0.000382836  86.8
0.500143  0.00197007  0.083284  0.000374872  91.6
0.499822  0.00193239  0.0830982  0.000407379  99.6
0.499685  0.00187603  0.083085  0.000394666  109.8
0.499734  0.00181896  0.0831507  0.000388122  89.2
0.499716  0.00176474  0.0831164  0.000378094  82.2
0.500207  0.0017823  0.0830423  0.000374521  86.8
0.500321  0.00173589  0.0829962  0.000366888  115.4
0.500405  0.0016904  0.082905  0.000368287  84.8
0.500574  0.00165397  0.0828967  0.000358561  125.2
0.500453  0.00161558  0.0828595  0.000351221  73.2
0.500522  0.00157619  0.082962  0.000357344  106
0.500891  0.00158104  0.0830343  0.000355942  102.8
0.501175  0.00156888  0.0830562  0.000348053  116.4
0.501354  0.00154233  0.0831641  0.000356575  91.8
0.501247  0.00151063  0.0832112  0.000351551  89.6
0.501008  0.00149589  0.0832832  0.000351102  87.4
0.501151  0.00146997  0.0833114  0.000344547  73.4
0.501207  0.00143943  0.0833432  0.000338626  99.8
0.501334  0.00141484  0.0834466  0.000347245  120.2
0.501198  0.0013923  0.0834777  0.000341506  116.2
0.501583  0.00141746  0.0834959  0.0003351  99.4
0.501586  0.00138939  0.0834718  0.000329342  107.4
0.501462  0.001368  0.0834328  0.000325294  101
0.501321  0.00134934  0.0834644  0.000320661  97.4
0.501434  0.00132893  0.0834833  0.000315233  103.8
0.501337  0.00130813  0.0835081  0.000310439  121.4
0.501292  0.00128536  0.083506  0.000304852  116.6
0.501591  0.00129766  0.083539  0.000301271  107.4
0.501867  0.0013045  0.0834994  0.000298665  98.6
0.501889  0.00128239  0.0834668  0.000295367  96.2
0.501892  0.00126084  0.08347  0.00029042  107.4
0.502039  0.00124871  0.0834718  0.000285625  89
0.50228  0.0012519  0.0835055  0.000282995  114.2
0.502342  0.00123343  0.0835561  0.000283012  97
0.502278  0.00121571  0.0835179  0.000281157  90.2
0.502368  0.00120021  0.083487  0.000278512  99.6
0.502462  0.00118565  0.0834723  0.000274658  120
0.502576  0.00117338  0.0834946  0.000271448  115.4
0.502263  0.00119766  0.0834391  0.00027313  100.2
0.502119  0.00118891  0.0833945  0.000272802  92
0.502078  0.00117254  0.0833885  0.000268943  95
0.502065  0.00115597  0.0833613  0.00026652  80.6
0.501637  0.00121758  0.0833867  0.000264009  84.8
0.501591  0.00120166  0.0833689  0.000260973  103.4
0.501591  0.00118531  0.0833666  0.000257432  95.4
0.501622  0.00116982  0.0834008  0.000256268  86
0.501501  0.00116064  0.083438  0.000255599  104.2
0.501553  0.00114663  0.0833928  0.00025628  86.4
0.501685  0.00113951  0.0833877  0.000253024  108.4
0.501712  0.00112533  0.0833681  0.00025057  98.8
0.501896  0.00112621  0.0833626  0.000247479  105.6
0.501825  0.00111448  0.0833008  0.000252101  95.6
0.50158  0.00112763  0.0832912  0.000249194  93.8
0.501557  0.00111419  0.0833379  0.000250561  72.4
0.501375  0.00111586  0.0833323  0.000247623  106.2
0.501241  0.00111073  0.0833221  0.000244906  81.6
0.501197  0.00109864  0.0833252  0.000242062  76.8
0.501336  0.00109486  0.0833276  0.000239275  85.8
0.501387  0.00108355  0.0833263  0.000236543  82.2
0.501342  0.00107226  0.0833344  0.000234009  105.8
0.501367  0.00106056  0.0833084  0.000232844  83.2
0.501434  0.00105099  0.0833642  0.000236915  101.6
0.501335  0.00104414  0.0833934  0.000236142  98
0.501397  0.00103467  0.0834357  0.000237389  101.8
0.501369  0.00102399  0.0834318  0.000234882  86.2
0.501288  0.00101635  0.0834494  0.000233064  109.2
0.501285  0.00100571  0.0834361  0.000231005  73.4
0.501435  0.00100652  0.0834632  0.000230204  117.8
0.501277  0.00100858  0.0834771  0.000228267  114.6
0.50149  0.00102079  0.0834729  0.000225987  115.2
0.501438  0.00101189  0.0834675  0.000223781  96.2
