0.5  0.978784  0.0155383
0.538  0.929092  0.0245875
0.576  0.881176  0.0263198
0.615  0.843236  0.0230065
0.653  0.674148  0.018662
0.692  0.561072  0.0151621
0.73  0.423688  0.0134484
0.769  0.403848  0.0144967
0.807  0.36708  0.0121761
0.846  0.258436  0.0101513
0.884  0.157336  0.00781705
0.923  0.154072  0.00709703
0.961  0.151976  0.00585944
1  0.139872  0.00496165
1.038  0.138448  0.00519715
1.076  0.122852  0.00406036
1.115  0.119068  0.00420933
1.153  0.100372  0.00394227
1.192  0.096636  0.0038405
1.23  0.076156  0.0039568
1.269  0.07168  0.00338635
1.307  0.068652  0.00295465
1.346  0.058964  0.00279702
1.384  0.051464  0.00269996
1.423  0.052392  0.00261491
1.461  0.047992  0.00259931
1.5  0.044332  0.00247859
1.538  0.044444  0.00244126
1.576  0.044424  0.00225418
1.615  0.0442  0.00213731
1.653  0.040604  0.00204062
1.692  0.03648  0.00216905
1.73  0.034468  0.00205766
1.769  0.034  0.00194838
1.807  0.027592  0.0017512
1.846  0.026456  0.00181425
1.884  0.025308  0.00184579
1.923  0.024692  0.00175736
1.961  0.02324  0.00185822
2  0.02188  0.00173225
