           1    0.234228    0.234228           0
           2   -0.062056    0.086086    0.148142
           3   -0.234324  -0.0207173    0.136829
           4     0.68716    0.156252    0.201691
           5     0.73896    0.272794    0.194909
           6     0.17336    0.256221    0.160003
           7    0.807968    0.335042    0.156522
           8    0.173588    0.314861    0.137046
           9   -0.321588    0.244144    0.140031
          10     0.06944    0.226674     0.12646
          11   -0.200528    0.187837    0.120801
          12    0.414228    0.206703    0.111878
          13   -0.770464    0.131536     0.12744
          14    -0.13794    0.112288    0.119547
          15   -0.602084   0.0646632    0.121054
          16   -0.072128   0.0561138    0.113558
          17   -0.371136   0.0309814     0.10959
          18    -0.68866 -0.00899867    0.110787
          19    0.435728    0.014408    0.107377
          20    0.243012   0.0258382    0.102506
           1    0.937368    0.937368           0
           2    0.838844    0.888106    0.049262
           3    0.925236    0.900483   0.0310177
           4    0.970492    0.917985   0.0280603
           5    0.911336    0.916655   0.0217761
           6    0.860588    0.907311   0.0200861
           7    0.950496     0.91348   0.0180621
           8       0.924    0.914795   0.0156974
           9    0.943332    0.917966   0.0142023
          10    0.909868    0.917156   0.0127287
          11     0.83656    0.909829   0.0136472
          12    0.892624    0.908395   0.0125403
          13    0.936164    0.910531   0.0117315
          14    0.845132     0.90586   0.0118233
          15    0.750548    0.895506   0.0151116
          16    0.910708    0.896456   0.0141675
          17    0.857236    0.894149   0.0135065
          18    0.819076    0.889978   0.0133997
          19    0.718936    0.880976   0.0155464
          20    0.978784    0.885866   0.0155383
           1    -0.24024    -0.24024           0
           2    -0.01258    -0.12641     0.11383
           3    0.315672   0.0209507    0.161351
           4   -0.033708    0.007286    0.114908
           5    0.079332   0.0216952   0.0901662
           6    0.096992   0.0342447   0.0746823
           7   -0.320552  -0.0164406   0.0809499
           8    0.145212    0.003766   0.0729587
           9   -0.303784  -0.0304062   0.0728548
          10    0.105884  -0.0167772   0.0665734
          11   -0.228908  -0.0360618   0.0632304
          12    0.309944   -0.007228   0.0645223
          13    0.169136  0.00633846   0.0608826
          14    -0.09768 -0.00109143    0.056854
          15    -0.37678  -0.0261373    0.058555
          16     0.36778  -0.0015175   0.0600519
          17    0.116424  0.00542024    0.056834
          18    0.296696   0.0216022   0.0559738
          19    0.114912   0.0265133   0.0531732
          20    0.211204   0.0357478   0.0512828
           1    0.878588    0.878588           0
           2     0.81706    0.847824    0.030764
           3     0.89716    0.864269   0.0242059
           4    0.871088    0.865974   0.0172008
           5    0.797752     0.85233   0.0190707
           6    0.826856    0.848084   0.0161396
           7    0.884552    0.853294   0.0146014
           8    0.676972    0.831253   0.0254101
           9    0.902564    0.839177   0.0237691
          10    0.842836    0.839543   0.0212629
          11    0.583892    0.816302   0.0301671
          12    0.797988    0.814776   0.0275809
          13    0.563788    0.795469   0.0318814
          14      0.8433    0.798885   0.0297135
          15    0.685024    0.791295   0.0286844
          16    0.847352    0.794798   0.0270596
          17    0.920168    0.802173   0.0264662
          18    0.798992    0.801996   0.0249532
          19    0.650108    0.794002   0.0249204
          20    0.929092    0.800757   0.0245875
           1    -0.15438    -0.15438           0
           2    0.014784   -0.069798    0.084582
           3    0.583984    0.148129    0.223332
           4    0.058468    0.125714    0.159502
           5   -0.089408   0.0826896    0.130827
           6    0.122448    0.089316    0.107025
           7   -0.276256   0.0370914    0.104447
           8    0.093448    0.044136   0.0907273
           9    0.006392   0.0399422   0.0801238
          10   -0.014228   0.0345252   0.0718693
          11   -0.391552 -0.00420909   0.0756731
          12    0.256636    0.017528    0.072419
          13   -0.020964   0.0145671   0.0666816
          14   -0.091112  0.00701857   0.0621949
          15    -0.44594  -0.0231787   0.0653018
          16    0.238188 -0.00684325   0.0632308
          17   -0.100952  -0.0123791   0.0596524
          18   -0.101112  -0.0173087   0.0564564
          19    0.263988 -0.00250358   0.0554167
          20     0.17126   0.0061846    0.053286
           1    0.746656    0.746656           0
           2    0.786464     0.76656    0.019904
           3    0.841088    0.791403   0.0273718
           4    0.820404    0.798653   0.0206682
           5    0.723976    0.783718   0.0218945
           6    0.464592     0.73053   0.0561115
           7    0.645348    0.718361   0.0489593
           8    0.673796    0.712791   0.0427644
           9    0.850656    0.728109   0.0407068
          10     0.69436    0.724734   0.0365654
          11    0.532916    0.707296     0.03739
          12    0.767684    0.712328   0.0345013
          13    0.601596     0.70381   0.0328597
          14     0.56974    0.694234   0.0318939
          15     0.59792    0.687813   0.0303779
          16      0.8167    0.695869   0.0295357
          17    0.660272    0.693775   0.0278228
          18    0.837872     0.70178    0.027426
          19    0.659112    0.699534   0.0260394
          20    0.881176    0.708616   0.0263198
           1    0.018596    0.018596           0
           2   -0.117188   -0.049296    0.067892
           3    0.395688    0.099032     0.15342
           4    0.065532    0.090657    0.108807
           5    0.170872      0.1067   0.0857948
           6    0.112232    0.107622   0.0700573
           7     -0.0499   0.0851189   0.0633413
           8     0.36664    0.120309   0.0651724
           9    0.132784    0.121695   0.0574933
          10    0.020664    0.111592   0.0524067
          11   -0.003708     0.10111   0.0485486
          12    0.050132    0.096862   0.0445218
          13   -0.070008   0.0840258   0.0429186
          14    0.054236    0.081898   0.0397918
          15   -0.295984   0.0567059   0.0447986
          16    0.074504   0.0578183     0.04192
          17   -0.016956   0.0534198   0.0396219
          18   -0.027848   0.0489049   0.0376277
          19    0.260744   0.0600543   0.0372977
          20    0.507688    0.082436   0.0418682
           1    0.552544    0.552544           0
           2    0.672344    0.612444      0.0599
           3    0.729636    0.651508   0.0521728
           4    0.717928    0.668113   0.0404565
           5    0.660084    0.666507   0.0313786
           6    0.499444    0.638663   0.0378377
           7    0.590396    0.631768   0.0327136
           8    0.702856    0.640654   0.0296917
           9     0.72326    0.649832   0.0277476
          10    0.718924    0.656742    0.025762
          11    0.409836    0.634296   0.0323548
          12    0.638056    0.634609   0.0295374
          13    0.596928     0.63171   0.0273246
          14    0.617736    0.630712   0.0253174
          15      0.4772    0.620478   0.0256952
          16    0.660284    0.622966   0.0241641
          17      0.7188    0.628603   0.0233878
          18    0.557832    0.624672    0.022398
          19    0.686084    0.627904   0.0214315
          20    0.843236     0.63867   0.0230065
           1     0.04056     0.04056           0
           2   -0.155844   -0.057642    0.098202
           3    0.347524   0.0774133    0.146474
           4   -0.062384    0.042464     0.10931
           5   -0.032632   0.0274448    0.085993
           6    0.087936   0.0375267   0.0709331
           7   -0.005324   0.0314051   0.0602612
           8     0.19596   0.0519745    0.056095
           9    0.082696    0.055388   0.0495888
          10    0.035836   0.0534328   0.0443966
          11   -0.053872   0.0436778   0.0413261
          12    0.000656   0.0400927   0.0378954
          13    0.023672   0.0388295   0.0348816
          14    0.150932   0.0468369   0.0332719
          15   -0.250896    0.026988   0.0367885
          16    0.085468    0.030643   0.0346061
          17    0.023056   0.0301967   0.0325098
          18    0.114064    0.034856   0.0310027
          19      0.1337   0.0400583   0.0297835
          20    0.204316   0.0482712   0.0294245
           1    0.424124    0.424124           0
           2    0.575612    0.499868    0.075744
           3    0.568984    0.522907   0.0494284
           4    0.509484    0.519551   0.0351119
           5    0.476284    0.510898    0.028541
           6    0.521308    0.512633   0.0233681
           7    0.567524    0.520474   0.0212495
           8    0.574248    0.527196   0.0195917
           9    0.552372    0.529993   0.0175033
          10    0.593048    0.536299   0.0168775
          11    0.302528    0.515047   0.0261668
          12    0.447216    0.509394   0.0245466
          13    0.568844    0.513967    0.023038
          14    0.606792    0.520598   0.0223359
          15     0.47694    0.517687   0.0209963
          16      0.6301    0.524713   0.0208591
          17    0.603044    0.529321   0.0201282
          18    0.555304    0.530764   0.0190318
          19    0.584528    0.533594   0.0182233
          20    0.674148    0.540622    0.018662
           1     0.13594     0.13594           0
           2   -0.199584   -0.031822    0.167762
           3     0.23364   0.0566653    0.131192
           4   -0.023348    0.036662    0.094899
           5    0.023936   0.0341168   0.0735525
           6    0.033232   0.0339693   0.0600555
           7    -0.03126   0.0246509   0.0516045
           8    0.091036    0.032949   0.0454547
           9    0.010284   0.0304307   0.0401663
          10     0.10764   0.0381516   0.0367461
          11   -0.021148   0.0327607   0.0336724
          12    0.075664    0.036336   0.0309458
          13    0.007356   0.0341068   0.0285532
          14      0.1386   0.0415706   0.0274686
          15   -0.113348   0.0312427   0.0275787
          16    0.083868   0.0345317   0.0260064
          17    0.057164   0.0358631    0.024465
          18     0.02172   0.0350773   0.0230792
          19    0.131948   0.0401758   0.0224182
          20     0.17084    0.046709   0.0222486
           1     0.47244     0.47244           0
           2    0.454988    0.463714    0.008726
           3    0.517448    0.481625   0.0186064
           4    0.523812    0.492172   0.0168621
           5    0.389468    0.471631   0.0243418
           6    0.432372    0.465088   0.0209244
           7    0.491808    0.468905   0.0180916
           8    0.465948    0.468535   0.0156721
           9    0.434284     0.46473   0.0143359
          10    0.562252    0.474482   0.0161096
          11    0.307532    0.459305   0.0210401
          12    0.410076    0.455202   0.0196401
          13    0.538016    0.461573   0.0191565
          14    0.522904    0.465953   0.0182685
          15    0.423612    0.463131   0.0172397
          16    0.545768    0.468296   0.0169332
          17    0.525976    0.471688   0.0162638
          18    0.391464    0.467232   0.0159682
          19    0.504456    0.469191    0.015231
          20    0.561072    0.473785   0.0151621
           1    0.054448    0.054448           0
           2    -0.14628   -0.045916    0.100364
           3    0.111144  0.00643733    0.078093
           4   -0.024212   -0.001225   0.0557492
           5    0.004632   -5.36e-05    0.043199
           6   -0.012812    -0.00218   0.0353359
           7   -0.036932 -0.00714457   0.0302741
           8    0.135968   0.0107445   0.0317397
           9    0.003024  0.00988667   0.0280049
          10    -0.03264    0.005634   0.0254068
          11     -0.0213  0.00318545   0.0231114
          12    0.079924  0.00958033   0.0220456
          13   -0.060208    0.004212   0.0209775
          14    0.070304  0.00893286    0.019987
          15   -0.097952   0.0018072   0.0199246
          16    0.026628   0.0033585   0.0187022
          17    0.025788  0.00467788   0.0176171
          18    0.017472  0.00538867   0.0166248
          19     0.10426   0.0105924   0.0165641
          20     -0.0286   0.0086328   0.0158358
           1    0.358832    0.358832           0
           2     0.30706    0.332946    0.025886
           3    0.446736    0.370876   0.0407682
           4    0.401496    0.378531   0.0298265
           5    0.338424     0.37051   0.0244564
           6       0.381    0.372258    0.020045
           7    0.363612    0.371023   0.0169861
           8     0.48782    0.385622   0.0207255
           9    0.463348    0.394259   0.0202157
          10    0.378624    0.392695   0.0181489
          11    0.314792    0.385613   0.0178788
          12    0.327176    0.380743   0.0170321
          13     0.38712    0.381234   0.0156749
          14    0.474896    0.387924     0.01598
          15    0.309688    0.382708   0.0157644
          16     0.45372    0.387147   0.0153997
          17    0.424264     0.38933   0.0146293
          18     0.30914    0.384875   0.0144943
          19     0.44324    0.387947   0.0140501
          20    0.423688    0.389734   0.0134484
           1    0.014452    0.014452           0
           2   -0.128752    -0.05715    0.071602
           3    0.096224 -0.00602533   0.0657471
           4   -0.028956   -0.011758   0.0468423
           5    -0.00312  -0.0100304    0.036325
           6    0.076964  0.00446867   0.0330135
           7    0.023032  0.00712057   0.0280273
           8    0.064612    0.014307   0.0253139
           9    0.061048   0.0195004   0.0229208
          10    0.014368   0.0189872   0.0205074
          11   -0.095324  0.00859527   0.0212622
          12    0.030076   0.0103853   0.0194921
          13   -0.052644  0.00553692    0.018574
          14    0.044604  0.00832743   0.0174212
          15   -0.137504 -0.00139467    0.018909
          16   -0.001532 -0.00140325   0.0176877
          17    0.071184  0.00286659   0.0171546
          18    0.004824  0.00297533   0.0161739
          19    0.083276  0.00720168    0.015872
          20    0.015292   0.0076062   0.0150629
           1      0.3187      0.3187           0
           2     0.19822     0.25846     0.06024
           3    0.372948    0.296623   0.0516334
           4    0.340528    0.307599   0.0381246
           5     0.28696    0.303471   0.0298183
           6    0.391572    0.318155   0.0284316
           7    0.356792    0.323674   0.0246549
           8    0.451576    0.339662   0.0266741
           9    0.399076    0.346264    0.024433
          10    0.305136    0.342151   0.0222372
          11    0.205528    0.329731     0.02364
          12    0.316352    0.328616    0.021609
          13    0.296884    0.326175   0.0200267
          14      0.3628    0.328791   0.0187248
          15    0.242932    0.323067   0.0183475
          16    0.344332    0.324396   0.0172139
          17    0.369984    0.327078   0.0163905
          18    0.326424    0.327041   0.0154532
          19    0.366576    0.329122   0.0147646
          20    0.403848    0.332858   0.0144967
           1    0.029676    0.029676           0
           2   -0.035596    -0.00296    0.032636
           3    0.041184   0.0117547   0.0239073
           4   -0.020476    0.003697   0.0187271
           5    0.025252    0.008008    0.015133
           6     0.07692   0.0194933   0.0168696
           7    0.034116   0.0215823   0.0144097
           8     0.06314    0.026777   0.0135172
           9    0.063628   0.0308716   0.0126046
          10      0.0608   0.0338644   0.0116644
          11   -0.081612   0.0233665   0.0148837
          12      0.0214   0.0232027   0.0135879
          13    0.031268   0.0238231   0.0125144
          14      0.0644   0.0267214   0.0119431
          15    -0.10324   0.0180573   0.0140956
          16   -0.043292    0.014223   0.0137315
          17   -0.023092    0.012028   0.0130839
          18   -0.032556  0.00955111   0.0125818
          19     0.08522   0.0135337   0.0125499
          20    0.018772   0.0137956   0.0119088
           1    0.308476    0.308476           0
           2    0.209368    0.258922    0.049554
           3    0.300948    0.272931   0.0318555
           4    0.289112    0.276976   0.0228856
           5    0.305312    0.282643    0.018611
           6     0.33208    0.290883   0.0172859
           7    0.292856    0.291165   0.0146119
           8    0.401168    0.304915   0.0186871
           9    0.349124    0.309827   0.0171969
          10    0.293468    0.308191   0.0154681
          11    0.196524     0.29804   0.0172863
          12    0.258444     0.29474   0.0161214
          13    0.320956    0.296757    0.014966
          14    0.303492    0.297238   0.0138642
          15    0.194544    0.290391   0.0146102
          16    0.243584    0.287466   0.0139762
          17    0.271604    0.286533   0.0131615
          18    0.240548    0.283978    0.012669
          19    0.315124    0.285617   0.0120953
          20     0.36708    0.289691   0.0121761
           1   -0.024308   -0.024308           0
           2   -0.027832    -0.02607    0.001762
           3   -0.018064  -0.0234013  0.00285599
           4   -0.028276    -0.02462   0.0023587
           5   -0.008768  -0.0214496  0.00365917
           6    0.060816 -0.00773867   0.0140327
           7    0.048868    0.000348   0.0143544
           8    0.075476    0.009739   0.0155797
           9    0.035552   0.0126071   0.0140362
          10    0.048912   0.0162376   0.0130687
          11   -0.102224  0.00546836   0.0159911
          12    0.034944  0.00792467    0.014803
          13    0.011472  0.00819754   0.0136195
          14    0.024848  0.00938686   0.0126652
          15   -0.128732 0.000178933   0.0149601
          16   -0.045188  -0.0026565   0.0142783
          17    0.005868 -0.00215506   0.0134215
          18   -0.028796 -0.00363511   0.0127402
          19    0.057064-0.000440421   0.0124672
          20   -0.032836  -0.0020602   0.0119379
           1    0.256916    0.256916           0
           2    0.213896    0.235406     0.02151
           3    0.202948    0.224587   0.0164707
           4     0.20784      0.2204   0.0123762
           5    0.233704    0.223061  0.00994898
           6    0.287536    0.233807   0.0134708
           7    0.269828    0.238953   0.0124938
           8    0.320952    0.249202   0.0149041
           9    0.293876    0.254166   0.0140502
          10    0.248372    0.253587   0.0125802
          11     0.18362    0.247226   0.0130363
          12    0.250004    0.247458   0.0119027
          13    0.258416    0.248301   0.0109813
          14    0.297388    0.251807   0.0107543
          15    0.134204    0.243967   0.0127163
          16     0.20232    0.241364   0.0121764
          17      0.2352    0.241001   0.0114435
          18    0.195652    0.238482   0.0110793
          19    0.275364    0.240423   0.0106582
          20    0.258436    0.241324   0.0101513
           1   -0.038032   -0.038032           0
           2   -0.003864   -0.020948    0.017084
           3    -0.00444  -0.0154453   0.0112946
           4   -0.037428   -0.020941  0.00969463
           5   -0.049452  -0.0266432  0.00942903
           6    0.012424   -0.020132    0.010083
           7    0.034348  -0.0123491   0.0115409
           8    0.065864  -0.0025725   0.0139813
           9    0.032216  0.00129289    0.012922
          10    0.074316   0.0085952   0.0136714
          11   -0.039628  0.00421127   0.0131203
          12     0.04128  0.00730033   0.0123691
          13    0.014832  0.00787969   0.0113926
          14    0.061608   0.0117174    0.011224
          15   -0.102756  0.00408587   0.0129392
          16   -0.034904    0.001649   0.0123464
          17      0.0054  0.00186965   0.0115995
          18    0.004148  0.00199622   0.0109368
          19    0.038804  0.00393347    0.010525
          20   -0.031812   0.0021462   0.0101436
           1    0.195744    0.195744           0
           2     0.19552    0.195632    0.000112
           3    0.182224    0.191163   0.0044698
           4     0.19422    0.191927  0.00325173
           5    0.178952    0.189332  0.00361639
           6    0.254104    0.200127   0.0111919
           7    0.217496    0.202609  0.00977889
           8     0.26108    0.209918   0.0111866
           9    0.255364    0.214967   0.0110829
          10    0.254196     0.21889   0.0106608
          11    0.172016    0.214629   0.0105426
          12    0.220372    0.215107  0.00963596
          13    0.206036     0.21441  0.00889122
          14     0.25192    0.217089  0.00865674
          15    0.143632    0.212192  0.00943022
          16    0.182736    0.210351  0.00901123
          17    0.195856    0.209498  0.00850741
          18    0.207672    0.209397   0.0080215
          19      0.2385    0.210928  0.00774065
          20    0.157336    0.208249  0.00781705
           1   -0.012116   -0.012116           0
           2   -0.010196   -0.011156     0.00096
           3    0.016404 -0.00196933  0.00920337
           4   -0.037644   -0.010888   0.0110405
           5   -0.073168   -0.023344   0.0151092
           6    0.002688  -0.0190053   0.0130773
           7    0.017896  -0.0137337   0.0122452
           8    0.030764  -0.0081715   0.0119748
           9    -0.00038 -0.00730578   0.0105962
          10    0.051996  -0.0013756   0.0111799
          11   -0.005932 -0.00178982   0.0101211
          12    0.025044 0.000446333  0.00950603
          13      -8e-06 0.000411385  0.00874434
          14    0.061024  0.00474086  0.00918066
          15    -0.07886-0.000832533   0.0102034
          16   -0.006812 -0.00120625  0.00955171
          17    0.017328   -0.000116  0.00903827
          18    0.022704  0.00115178  0.00861515
          19    0.012644  0.00175663  0.00817154
          20   -0.012396    0.001049  0.00778443
           1    0.163996    0.163996           0
           2    0.180904     0.17245    0.008454
           3    0.184108    0.176336  0.00623894
           4    0.149876    0.169721  0.00795113
           5     0.11764    0.159305   0.0121008
           6    0.195904    0.165405   0.0116115
           7     0.16714    0.165653  0.00981668
           8    0.190248    0.168727  0.00904033
           9    0.186492    0.170701  0.00821353
          10     0.19874    0.173505  0.00786331
          11    0.168196    0.173022  0.00712898
          12    0.202716    0.175497   0.0069624
          13     0.17776    0.175671  0.00640685
          14    0.248524    0.180875  0.00789071
          15    0.098732    0.175398  0.00916242
          16    0.165792    0.174798  0.00859166
          17    0.202316    0.176417   0.0082312
          18    0.191068    0.177231  0.00780302
          19    0.175532    0.177141  0.00738146
          20    0.154072    0.175988  0.00709703
           1     -0.0103     -0.0103           0
           2   -0.006912   -0.008606    0.001694
           3    0.006684 -0.00350933  0.00518966
           4   -0.029448   -0.009994  0.00745099
           5    -0.06948  -0.0218912   0.0132232
           6    0.020344   -0.014852   0.0128887
           7    0.010044  -0.0112954   0.0114589
           8    0.028616  -0.0063065   0.0111072
           9   -0.005888    -0.00626   0.0097957
          10     0.04966   -0.000668    0.010394
          11      -0.037 -0.00397091  0.00996501
          12    0.003508 -0.00334767   0.0091181
          13   -0.018836 -0.00453908  0.00847163
          14    0.061488 0.000177143  0.00915197
          15   -0.071508 -0.00460187  0.00976881
          16    -0.01434  -0.0052105  0.00915813
          17    0.011784 -0.00421082  0.00866046
          18    0.010688 -0.00338311    0.008207
          19   -0.013644 -0.00392316  0.00778181
          20   -0.000228  -0.0037384  0.00738478
           1    0.151488    0.151488           0
           2    0.158288    0.154888      0.0034
           3    0.166112    0.158629  0.00422503
           4     0.14456    0.155112  0.00461488
           5     0.12114    0.148318  0.00767738
           6    0.160356    0.150324  0.00658182
           7    0.160556    0.151786   0.0057515
           8    0.181384    0.155485  0.00620469
           9    0.151184    0.155008  0.00549286
          10    0.209732     0.16048  0.00735424
          11    0.123048    0.157077  0.00747202
          12    0.166348     0.15785   0.0068646
          13     0.13712    0.156255  0.00651274
          14    0.207012    0.159881  0.00703567
          15    0.095804    0.155609  0.00781975
          16    0.149864     0.15525  0.00732352
          17    0.161124    0.155595  0.00688792
          18    0.167024     0.15623  0.00652496
          19    0.157232    0.156283  0.00617222
          20    0.151976    0.156068  0.00585944
           1   -0.032988   -0.032988           0
           2    -0.00328   -0.018134    0.014854
           3   -0.001808   -0.012692   0.0101569
           4   -0.046696   -0.021193   0.0111287
           5   -0.052304  -0.0274152   0.0106313
           6    -0.00208  -0.0231927  0.00965296
           7    0.009532  -0.0185177  0.00940277
           8    0.034928   -0.011837   0.0105329
           9   -0.004328  -0.0110027   0.0093265
          10    0.062856  -0.0036168   0.0111417
          11   -0.013252 -0.00449273   0.0101161
          12   -0.005476 -0.00457467  0.00923502
          13   -0.019964 -0.00575846  0.00857707
          14    0.041356 -0.00239314   0.0086245
          15   -0.044896 -0.00522667   0.0085143
          16   -0.026512   -0.006557  0.00807474
          17     0.00892 -0.00564659  0.00763934
          18    0.005004 -0.00505489   0.0072267
          19    0.001764   -0.004696  0.00684519
          20    0.009752  -0.0039736  0.00653397
           1    0.109472    0.109472           0
           2     0.13828    0.123876    0.014404
           3    0.141052    0.129601   0.0100964
           4     0.11674    0.126386   0.0078299
           5    0.116908     0.12449  0.00635434
           6    0.157548        0.13  0.00756797
           7    0.168604    0.135515  0.00844534
           8     0.17682    0.140678   0.0089527
           9    0.138092    0.140391  0.00790077
          10    0.182708    0.144622  0.00823682
          11    0.120628    0.142441  0.00776324
          12    0.147488    0.142862   0.0070993
          13    0.126748    0.141622    0.006647
          14      0.1776    0.144192  0.00666895
          15    0.113764    0.142163  0.00653145
          16    0.123324    0.140986  0.00622204
          17     0.14712    0.141347  0.00585572
          18    0.140276    0.141287  0.00552115
          19    0.136072    0.141013  0.00522969
          20    0.139872    0.140956  0.00496165
           1   -0.034268   -0.034268           0
           2   -0.007628   -0.020948     0.01332
           3    0.007724  -0.0113907   0.0122672
           4   -0.026808   -0.015245  0.00949198
           5   -0.035488  -0.0192936  0.00839343
           6   -0.002824  -0.0165487  0.00738249
           7    0.024024  -0.0107526  0.00851611
           8     0.02666   -0.006076  0.00873289
           9   -0.002792 -0.00571111  0.00771033
          10    0.039312  -0.0012088   0.0082359
          11   -0.009352 -0.00194909  0.00748635
          12    0.005968 -0.00128933  0.00686584
          13   -0.014616 -0.00231446  0.00639831
          14    0.024292   -0.000414  0.00622108
          15     -0.0452 -0.00339973  0.00651584
          16   -0.025444  -0.0047775  0.00624879
          17   -0.005512 -0.00482071  0.00586988
          18    0.013264   -0.003816  0.00562463
          19    0.007272 -0.00323242  0.00535228
          20    0.003748  -0.0028834   0.0050896
           1    0.093496    0.093496           0
           2    0.114092    0.103794    0.010298
           3     0.12236    0.109983  0.00858191
           4    0.107504    0.109363  0.00609988
           5    0.103288    0.108148  0.00487867
           6     0.12338    0.110687   0.0047236
           7    0.169708    0.119118  0.00932897
           8     0.15788    0.123964  0.00942063
           9    0.124076    0.123976  0.00830823
          10    0.159032    0.127482  0.00821648
          11    0.100832    0.125059  0.00781699
          12    0.135048    0.125891  0.00718429
          13    0.107184    0.124452  0.00676345
          14    0.153004    0.126492  0.00658548
          15    0.087908    0.123919   0.0066485
          16      0.1076      0.1229  0.00630218
          17    0.145688     0.12424  0.00606975
          18    0.131984     0.12467  0.00573876
          19     0.12278    0.124571  0.00542923
          20    0.138448    0.125265  0.00519715
           1   -0.027416   -0.027416           0
           2    0.002876    -0.01227    0.015146
           3     0.00176 -0.00759333  0.00991657
           4   -0.033072   -0.013963  0.00947322
           5   -0.037364  -0.0186432  0.00870341
           6    0.006252   -0.014494  0.00822894
           7    0.024456 -0.00892971  0.00890671
           8    0.029736  -0.0040965  0.00910258
           9    0.013668 -0.00212267  0.00826682
          10     0.02146   0.0002356  0.00776104
          11   -0.011072-0.000792364  0.00709499
          12    0.016244 0.000627333  0.00663058
          13    -0.01426-0.000517846  0.00620582
          14     0.01656    0.000702  0.00587354
          15   -0.035208   -0.001692  0.00596908
          16   -0.017872 -0.00270325   0.0056744
          17    0.013624 -0.00174282  0.00541601
          18    0.008484 -0.00117467  0.00513777
          19    0.013648-0.000394526  0.00492207
          20    0.011076    0.000179  0.00470457
           1    0.083892    0.083892           0
           2    0.115096    0.099494    0.015602
           3     0.12406    0.107683   0.0121735
           4    0.091856    0.103726  0.00947379
           5     0.09684    0.102349  0.00746648
           6    0.114496    0.104373  0.00642373
           7      0.1485    0.110677  0.00831941
           8    0.145612    0.115044  0.00842489
           9    0.114756    0.115012  0.00743013
          10    0.122656    0.115776  0.00668952
          11     0.10306     0.11462  0.00616034
          12    0.124532    0.115446  0.00568393
          13    0.100936     0.11433  0.00534627
          14    0.125032    0.115095  0.00500837
          15    0.082212    0.112902  0.00515217
          16    0.100472    0.112125  0.00488163
          17    0.126676    0.112981  0.00466469
          18    0.123476    0.113564  0.00443639
          19    0.127056    0.114275  0.00425606
          20    0.122852    0.114703  0.00406036
           1   -0.037124   -0.037124           0
           2    0.001588   -0.017768    0.019356
           3    0.002456  -0.0110267   0.0130511
           4   -0.029784   -0.015716   0.0103516
           5   -0.044512  -0.0214752  0.00987226
           6    -0.01204  -0.0199027  0.00821262
           7    0.025536  -0.0134114   0.0095033
           8    0.010616   -0.010408    0.008761
           9    0.011132 -0.00801467  0.00808866
          10    0.024528  -0.0047604  0.00793293
          11    0.001948 -0.00415055  0.00720148
          12     0.01888 -0.00223133  0.00684844
          13     -0.0021 -0.00222123  0.00629965
          14     0.00256 -0.00187971  0.00584234
          15   -0.015312  -0.0027752  0.00551215
          16   -0.020044  -0.0038545  0.00526789
          17    0.001504 -0.00353929  0.00495835
          18      0.0064 -0.00298711  0.00470728
          19    0.002468     -0.0027  0.00446188
          20    0.014076  -0.0018612  0.00431522
           1    0.074832    0.074832           0
           2    0.114432    0.094632      0.0198
           3    0.110308   0.0998573   0.0125692
           4    0.081292    0.095216   0.0100267
           5    0.062448   0.0886624   0.0101622
           6    0.099744   0.0905093  0.00850046
           7     0.13522   0.0968966  0.00961299
           8    0.126392    0.100583  0.00910498
           9      0.1064     0.10123   0.0080558
          10    0.116808    0.102788  0.00737181
          11     0.10526    0.103012  0.00667184
          12    0.124308    0.104787  0.00634381
          13    0.104392    0.104757  0.00583553
          14    0.099376    0.104372   0.0054163
          15    0.077832    0.102603  0.00534373
          16    0.083356      0.1014  0.00514131
          17    0.105368    0.101633  0.00483506
          18     0.11144    0.102178  0.00459098
          19    0.099344    0.102029  0.00434519
          20    0.119068    0.102881  0.00420933
           1   -0.039024   -0.039024           0
           2   -0.009296    -0.02416    0.014864
           3   -0.001012   -0.016444   0.0115405
           4    -0.05106   -0.025098   0.0118947
           5   -0.038348   -0.027748  0.00958709
           6    0.005468   -0.022212  0.00958761
           7    0.018248   -0.016432  0.00995325
           8    0.000308  -0.0143395  0.00887011
           9    0.011432   -0.011476  0.00833033
          10    0.007348  -0.0095936  0.00768498
          11    0.004284   -0.008332  0.00706488
          12     0.02224 -0.00578433  0.00693429
          13    0.012524   -0.004376  0.00653224
          14    0.000336 -0.00403943  0.00605704
          15   -0.018088   -0.004976  0.00571605
          16   -0.017824   -0.005779  0.00540683
          17    0.003116 -0.00525576  0.00510572
          18   -0.002256 -0.00508911   0.0048166
          19      0.0095 -0.00432126   0.0046203
          20    0.003848  -0.0039128  0.00440219
           1    0.063164    0.063164           0
           2    0.099448    0.081306    0.018142
           3     0.09692   0.0865107   0.0116961
           4    0.069372    0.082226   0.0093144
           5    0.052772   0.0763352  0.00931431
           6    0.104844   0.0810867  0.00896738
           7    0.122752   0.0870389  0.00963676
           8    0.107796   0.0896335  0.00873971
           9    0.100572   0.0908489  0.00780294
          10    0.098992   0.0916632   0.0070265
          11    0.098144   0.0922524  0.00638296
          12    0.108904     0.09364  0.00598977
          13      0.1116   0.0950215  0.00568035
          14    0.089812   0.0946494  0.00527213
          15    0.075044   0.0933424  0.00507914
          16     0.07914   0.0924547  0.00483331
          17     0.10872   0.0934115  0.00463982
          18    0.094592   0.0934771  0.00437496
          19     0.09584   0.0936015  0.00414017
          20    0.100372     0.09394  0.00394227
           1   -0.031288   -0.031288           0
           2   -0.021452    -0.02637    0.004918
           3    -0.00366     -0.0188  0.00808499
           4    -0.04796    -0.02609  0.00926432
           5   -0.038468  -0.0285656  0.00759113
           6    0.005696  -0.0228553  0.00842757
           7    0.015616  -0.0173594  0.00899646
           8     -0.0025   -0.015502  0.00800951
           9    0.013492  -0.0122804  0.00776368
          10     0.00366  -0.0106864  0.00712465
          11    0.001368 -0.00959055    0.006537
          12    0.013584 -0.00765933  0.00627215
          13    0.015396 -0.00588585  0.00603596
          14   -0.004984 -0.00582143  0.00558859
          15     -0.0172    -0.00658   0.0052577
          16   -0.027316   -0.007876  0.00508602
          17   -0.008788 -0.00792965  0.00477779
          18    0.004176 -0.00725711  0.00455447
          19    0.006668 -0.00652421  0.00436999
          20    0.001244  -0.0061358   0.0041639
           1    0.062644    0.062644           0
           2     0.08108    0.071862    0.009218
           3    0.076684   0.0734693  0.00555944
           4    0.050384    0.067698  0.00698298
           5    0.051172   0.0643928  0.00633889
           6    0.100324   0.0703813  0.00791519
           7      0.1068    0.075584  0.00847454
           8     0.09124    0.077541  0.00759561
           9    0.099436   0.0799738  0.00712678
          10    0.085976    0.080574  0.00640258
          11    0.091812   0.0815956  0.00588077
          12    0.101324   0.0832397  0.00561448
          13    0.104964   0.0849108   0.0054282
          14    0.082576    0.084744  0.00502831
          15    0.066268   0.0835123  0.00484044
          16    0.064592   0.0823297  0.00467969
          17     0.09204   0.0829009  0.00443275
          18    0.084516   0.0829907   0.0041802
          19     0.09296   0.0835154  0.00398874
          20    0.096636   0.0841714   0.0038405
           1   -0.031472   -0.031472           0
           2    -0.02196   -0.026716    0.004756
           3     0.00052  -0.0176373  0.00948483
           4    -0.02906   -0.020493  0.00728943
           5   -0.039996  -0.0243936  0.00686267
           6    0.021948    -0.01667  0.00954209
           7    0.017548  -0.0117817  0.00943038
           8     -0.0109  -0.0116715  0.00816769
           9    0.011316 -0.00911733  0.00764266
          10   -0.000904   -0.008296  0.00688497
          11      0.0003 -0.00751455  0.00627653
          12    0.010368 -0.00602433  0.00592028
          13    0.009088 -0.00486185  0.00556856
          14   -0.002392 -0.00468543   0.0051585
          15   -0.025568  -0.0060776  0.00500002
          16   -0.014056 -0.00657625   0.0047036
          17   -0.014108 -0.00701929  0.00444042
          18    0.002968 -0.00646444  0.00422308
          19    0.014592 -0.00535621  0.00414551
          20    -0.00778  -0.0054774  0.00393464
           1    0.055508    0.055508           0
           2    0.060048    0.057778     0.00227
           3      0.0813   0.0656187  0.00794945
           4    0.057244    0.063525  0.00599836
           5     0.03752    0.058324  0.00697414
           6    0.105036   0.0661093  0.00964558
           7    0.097912   0.0706526  0.00933253
           8    0.079584    0.071769  0.00815895
           9    0.100088   0.0749156  0.00785343
          10    0.080532   0.0754772  0.00704674
          11    0.092024   0.0769815  0.00654911
          12    0.095164   0.0784967  0.00616751
          13    0.086036   0.0790766  0.00570285
          14    0.074968   0.0787831  0.00528797
          15    0.053396   0.0770907  0.00520564
          16     0.07228     0.07679  0.00487871
          17    0.082672    0.077136  0.00459579
          18    0.085488      0.0776  0.00435772
          19    0.089512   0.0782269   0.0041694
          20    0.076156   0.0781234   0.0039568
           1   -0.029924   -0.029924           0
           2   -0.019508   -0.024716    0.005208
           3     0.00638  -0.0143507   0.0107926
           4   -0.019692   -0.015686   0.0077475
           5   -0.039764  -0.0205016  0.00769443
           6    0.020548    -0.01366  0.00928854
           7     0.01752 -0.00920571  0.00902591
           8   -0.010688   -0.009391  0.00781886
           9    0.007928 -0.00746667  0.00715907
          10   -0.008284  -0.0075484  0.00640378
          11    0.005564 -0.00635636  0.00591382
          12    0.003316 -0.00555033   0.0054584
          13   -0.003092 -0.00536123  0.00502456
          14   -0.004444 -0.00529571   0.0046523
          15   -0.022912 -0.00647013  0.00448746
          16   -0.008016 -0.00656675  0.00419874
          17   -0.013832 -0.00699412  0.00396712
          18    0.002164 -0.00648533  0.00377468
          19    0.009596 -0.00563895  0.00366944
          20   -0.006516  -0.0056828  0.00348141
           1     0.04206     0.04206           0
           2    0.060776    0.051418    0.009358
           3    0.077776    0.060204   0.0103143
           4    0.055408    0.059005   0.0073912
           5    0.034712   0.0541464  0.00750892
           6    0.096984    0.061286   0.0094108
           7    0.090168    0.065412  0.00896009
           8    0.068388    0.065784  0.00776858
           9    0.085592   0.0679849  0.00719607
          10    0.064588   0.0676452  0.00644532
          11    0.077612   0.0685513      0.0059
          12    0.077292   0.0692797  0.00543497
          13    0.071792   0.0694729  0.00500318
          14     0.06524   0.0691706   0.0046419
          15      0.0558   0.0682792  0.00441235
          16    0.072136   0.0685203  0.00413441
          17    0.070884   0.0686593  0.00388609
          18      0.0778   0.0691671  0.00369886
          19     0.08248   0.0698678  0.00356825
          20     0.07168   0.0699584  0.00338635
           1    -0.01874    -0.01874           0
           2    -0.01082    -0.01478     0.00396
           3    0.002344   -0.009072  0.00614886
           4   -0.022176   -0.012348  0.00544393
           5    -0.02892  -0.0156624   0.0053635
           6    0.021836 -0.00941267  0.00763133
           7    0.012888 -0.00622686  0.00719357
           8   -0.013168  -0.0070945  0.00628994
           9     0.00146   -0.006144  0.00562805
          10   -0.009092  -0.0064388  0.00504251
          11    0.002664 -0.00561127  0.00463558
          12    0.004004    -0.00481  0.00430688
          13   -0.001916 -0.00458738    0.003968
          14   -0.003112   -0.004482  0.00367517
          15   -0.022584  -0.0056888  0.00362799
          16   -0.000468  -0.0053625  0.00340932
          17   -0.009144 -0.00558494  0.00321022
          18      -8e-05 -0.00527911  0.00304203
          19    0.016484 -0.00413368  0.00309708
          20   -0.001644  -0.0040092  0.00294078
           1     0.04484     0.04484           0
           2    0.060768    0.052804    0.007964
           3     0.06624   0.0572827  0.00641874
           4     0.04338    0.053807  0.00571667
           5    0.040568   0.0511592  0.00515937
           6    0.095572   0.0585613   0.0085169
           7    0.079952   0.0616171  0.00781988
           8    0.062492   0.0617265   0.0067731
           9     0.07344    0.063028  0.00611346
          10    0.060604   0.0627856  0.00547341
          11    0.068832   0.0633353  0.00498131
          12     0.06876   0.0637873  0.00456971
          13     0.06734   0.0640606  0.00421239
          14    0.069784   0.0644694  0.00392129
          15    0.054172   0.0637829  0.00371451
          16    0.070392    0.064196  0.00349907
          17    0.068372   0.0644416  0.00329597
          18    0.065584   0.0645051  0.00310812
          19     0.08378   0.0655196  0.00311009
          20    0.068652   0.0656762  0.00295465
           1   -0.018028   -0.018028           0
           2   -0.006856   -0.012442    0.005586
           3     0.00734   -0.005848  0.00734043
           4   -0.019476   -0.009255  0.00620875
           5    -0.02298      -0.012  0.00553753
           6    0.014664   -0.007556  0.00633971
           7    0.013692 -0.00452057  0.00615811
           8    -0.01052  -0.0052705  0.00538555
           9     0.01224 -0.00332489  0.00513266
          10   -0.003388  -0.0033312  0.00459079
          11    0.008512 -0.00225455  0.00428984
          12    0.005668 -0.00159433  0.00397133
          13   -0.001796 -0.00160985  0.00365312
          14   -0.007256 -0.00201314   0.0034061
          15   -0.013868 -0.00280347  0.00326791
          16   -0.004312 -0.00289775   0.0030583
          17   -0.010168 -0.00332541  0.00290443
          18   -0.003268 -0.00332222  0.00273833
          19    0.010764 -0.00258084  0.00269421
          20   -0.005564    -0.00273   0.0025603
           1      0.0424      0.0424           0
           2    0.058096    0.050248    0.007848
           3    0.069748    0.056748  0.00792341
           4    0.040552    0.052699  0.00691264
           5    0.038252   0.0498096  0.00608436
           6    0.090716   0.0566273   0.0084357
           7    0.074964   0.0592469  0.00759548
           8    0.061444   0.0595215  0.00658361
           9    0.074868   0.0612267   0.0060514
          10    0.064852   0.0615892  0.00542467
          11    0.074004   0.0627178  0.00503492
          12    0.067532    0.063119  0.00461371
          13    0.063824   0.0631732  0.00424434
          14    0.057824   0.0627911  0.00394803
          15    0.054376   0.0622301  0.00371798
          16    0.066256   0.0624817  0.00348695
          17    0.061696   0.0624355  0.00327574
          18      0.0626   0.0624447  0.00308841
          19    0.068964   0.0627878  0.00294143
          20    0.058964   0.0625966  0.00279702
           1   -0.016296   -0.016296           0
           2    -0.00102   -0.008658    0.007638
           3    0.008824 -0.00283067  0.00730782
           4   -0.019232   -0.006931  0.00659658
           5   -0.022664  -0.0100776  0.00600083
           6    0.017804 -0.00543067  0.00675282
           7      0.0163 -0.00232629  0.00649685
           8      0.0017   -0.001823   0.0056489
           9    0.007452-0.000792444  0.00508734
          10   -0.003572  -0.0010704  0.00455874
          11      0.0062-0.000409455  0.00417617
          12    0.001268-0.000269667  0.00381486
          13   -0.001892-0.000394462  0.00351138
          14   -0.007828-0.000925429  0.00329398
          15   -0.021308 -0.00228427  0.00335411
          16   -0.003372 -0.00235225  0.00313822
          17   -0.011744 -0.00290471  0.00299916
          18   -0.004904 -0.00301578  0.00282982
          19    0.014988 -0.00206821  0.00283951
          20   -0.005016  -0.0022156  0.00269783
           1    0.043236    0.043236           0
           2     0.06344    0.053338    0.010102
           3    0.070216    0.058964  0.00810362
           4    0.041632    0.054631  0.00718396
           5     0.04092   0.0518888  0.00620364
           6    0.084936   0.0573967  0.00748287
           7     0.07434   0.0598171  0.00677156
           8      0.0631   0.0602275  0.00587868
           9      0.0664   0.0609133  0.00522967
          10    0.053724   0.0601944  0.00473249
          11    0.071756   0.0612455  0.00440784
          12    0.062208   0.0613257  0.00402459
          13    0.061784   0.0613609  0.00370225
          14    0.051992   0.0606917  0.00349234
          15    0.038964   0.0592432  0.00355927
          16    0.060692   0.0593338  0.00333063
          17    0.056448    0.059164  0.00313318
          18     0.05578    0.058976  0.00295997
          19    0.064708   0.0592777  0.00281606
          20    0.051464    0.058887  0.00269996
           1   -0.009712   -0.009712           0
           2    0.003836   -0.002938    0.006774
           3    0.009232  0.00111867  0.00563491
           4   -0.012276    -0.00223  0.00520478
           5   -0.018824  -0.0055488   0.0052219
           6    0.022516-0.000871333   0.0063291
           7    0.018344  0.00187371   0.0060123
           8   -0.003688   0.0011785  0.00525302
           9   -0.000976 0.000939111  0.00463891
          10    0.003468    0.001192  0.00415686
          11    0.012944  0.00226036  0.00390886
          12    0.001888  0.00222933  0.00356842
          13   -0.003444  0.00179292  0.00331135
          14   -0.002012  0.00152114  0.00307774
          15   -0.023884-0.000172533  0.00332837
          16    0.002924     2.1e-05  0.00311941
          17     -0.0094-0.000533176  0.00298212
          18   -0.009616 -0.00103778  0.00285649
          19    0.010596-0.000425474  0.00277048
          20   -0.001136   -0.000461  0.00262855
           1    0.038472    0.038472           0
           2     0.06338    0.050926    0.012454
           3    0.060648   0.0541667  0.00788686
           4    0.045188    0.051922  0.00601164
           5    0.039508   0.0494392  0.00527714
           6    0.076956   0.0540253   0.0062927
           7    0.069836    0.056284  0.00577806
           8    0.055896   0.0562355  0.00500418
           9    0.064336   0.0571356  0.00450411
          10      0.0588    0.057302  0.00403204
          11    0.071944   0.0586331  0.00388243
          12    0.056844    0.058484  0.00354729
          13    0.058472   0.0584831  0.00326303
          14    0.056104   0.0583131  0.00302576
          15    0.031048   0.0564955  0.00335238
          16    0.060736   0.0567605  0.00314705
          17    0.050828   0.0564115  0.00297666
          18     0.04714   0.0558964   0.0028533
          19    0.065736   0.0564143  0.00274819
          20    0.052392   0.0562132  0.00261491
           1   -0.011636   -0.011636           0
           2    0.003536    -0.00405    0.007586
           3    0.007788   -0.000104   0.0058952
           4      -0.016   -0.004078  0.00575929
           5   -0.024724  -0.0082072  0.00607881
           6     0.01922   -0.003636  0.00674763
           7    0.014516 -0.00104286  0.00626468
           8    -0.00778   -0.001885  0.00549034
           9    0.004052 -0.00122533  0.00488675
          10       0.008  -0.0003028  0.00446714
          11    0.009108 0.000552727  0.00413026
          12   -0.003312 0.000230667  0.00378412
          13   -0.001396 0.000105538  0.00348313
          14    0.004484 0.000418286  0.00323989
          15     -0.0236 -0.00118293  0.00341485
          16    0.002188 -0.00097225  0.00320124
          17   -0.009284 -0.00146118  0.00304653
          18   -0.011132 -0.00199844  0.00292211
          19    0.014384 -0.00113621   0.0028954
          20     -0.0029  -0.0012244  0.00274824
           1     0.03852     0.03852           0
           2    0.061356    0.049938    0.011418
           3    0.062036   0.0539707  0.00772783
           4     0.03616    0.049518  0.00704882
           5    0.032632   0.0461408  0.00642005
           6     0.07248   0.0505307  0.00683732
           7    0.064332   0.0525023  0.00610568
           8    0.048324     0.05198  0.00531341
           9    0.059064   0.0527671  0.00475163
          10    0.062572   0.0537476  0.00436162
          11    0.062212   0.0545171  0.00401958
          12    0.056188   0.0546563    0.003672
          13    0.053784   0.0545892  0.00337841
          14    0.055372   0.0546451   0.0031283
          15     0.02958   0.0529741  0.00335764
          16    0.055784   0.0531497  0.00314569
          17    0.050644   0.0530024  0.00295853
          18    0.042412    0.052414  0.00285071
          19    0.060272   0.0528276  0.00272803
          20    0.047992   0.0525858  0.00259931
           1    -0.01014    -0.01014           0
           2    0.001892   -0.004124    0.006016
           3    0.007568-0.000226667  0.00522047
           4    -0.01846   -0.004785  0.00586558
           5   -0.023788  -0.0085856  0.00592348
           6    0.013816   -0.004852  0.00610995
           7     0.01204 -0.00243886  0.00569988
           8    -0.01046  -0.0034415  0.00503704
           9    0.001336 -0.00291067  0.00447385
          10     0.00904  -0.0017156  0.00417618
          11    0.008932-0.000747636  0.00389954
          12   -0.004644 -0.00107233  0.00357456
          13   -0.004484 -0.00133477  0.00329857
          14    0.005512-0.000845714  0.00309279
          15   -0.021656 -0.00223307  0.00319605
          16   -0.000248   -0.002109   0.0029922
          17   -0.002832 -0.00215153  0.00281101
          18   -0.013656 -0.00279067  0.00272622
          19    0.013292 -0.00194421  0.00271412
          20   -0.004252  -0.0020596  0.00257742
           1    0.040168    0.040168           0
           2    0.059372     0.04977    0.009602
           3     0.05558   0.0517067  0.00587226
           4    0.032156    0.046819  0.00641335
           5     0.02756   0.0429672  0.00628609
           6     0.06796   0.0471327  0.00661018
           7    0.058744   0.0487914  0.00582768
           8    0.048252    0.048724  0.00504737
           9    0.055852    0.049516  0.00452127
          10    0.057204   0.0502848  0.00411637
          11      0.0555   0.0507589  0.00375346
          12    0.051276    0.050802   0.0034267
          13    0.046496   0.0504708  0.00316946
          14    0.054324    0.050746  0.00294723
          15    0.030124   0.0493712  0.00306889
          16     0.05126   0.0494893  0.00287311
          17    0.052372   0.0496588  0.00270414
          18    0.033924   0.0487847  0.00269519
          19     0.05844   0.0492928  0.00259955
          20    0.044332   0.0490448  0.00247859
           1   -0.007584   -0.007584           0
           2     0.00448   -0.001552    0.006032
           3       0.006 0.000965333  0.00429713
           4    -0.01914   -0.004061  0.00587339
           5   -0.022036   -0.007656  0.00579845
           6      0.0162    -0.00368   0.0061825
           7     0.01194 -0.00144857  0.00568169
           8    -0.00192  -0.0015075  0.00492084
           9   -0.000888 -0.00143867  0.00434032
          10     0.00238  -0.0010568  0.00390084
          11    0.004984-0.000507636  0.00357092
          12   -0.002836-0.000701667  0.00326556
          13   -0.004184-0.000969538   0.0030158
          14    0.008708-0.000278286  0.00287638
          15   -0.019368 -0.00155093   0.0029648
          16    0.001084 -0.00138625   0.0027782
          17     -0.0046 -0.00157529  0.00261651
          18   -0.012384 -0.00217578   0.0025389
          19    0.009852 -0.00154274  0.00248359
          20     -0.0027  -0.0016006  0.00235685
           1    0.034204    0.034204           0
           2    0.058368    0.046286    0.012082
           3    0.051976   0.0481827   0.0072288
           4     0.02566    0.042552  0.00760475
           5     0.02942   0.0399256   0.0064496
           6    0.066336   0.0443273  0.00686344
           7    0.059208   0.0464531  0.00617793
           8    0.045656   0.0463535  0.00535117
           9    0.049172   0.0466667  0.00472967
          10    0.049056   0.0469056  0.00423708
          11    0.056484   0.0477764  0.00393026
          12     0.04714   0.0477233  0.00358821
          13    0.046476   0.0476274  0.00330207
          14    0.053248   0.0480289  0.00308337
          15    0.029068   0.0467648  0.00313646
          16     0.05076   0.0470145   0.0029445
          17    0.046936   0.0470099  0.00276588
          18     0.03608   0.0464027  0.00267746
          19    0.054724   0.0468406  0.00257021
          20    0.044444   0.0467208  0.00244126
           1   -0.010644   -0.010644           0
           2    0.004136   -0.003254     0.00739
           3    0.006764 8.53333e-05  0.00541804
           4   -0.018128   -0.004468  0.00595067
           5   -0.017224  -0.0070192  0.00526829
           6     0.01472   -0.003396  0.00562413
           7     0.01148 -0.00127086   0.0052067
           8    -0.00646  -0.0019195  0.00455555
           9     0.00158 -0.00153067  0.00403639
          10   -0.003392  -0.0017168  0.00361505
          11    0.008432-0.000794182   0.0033976
          12    0.000196-0.000711667  0.00310267
          13   -0.005524 -0.00108185  0.00287795
          14    0.006108-0.000568286   0.0027135
          15   -0.019152  -0.0018072  0.00281359
          16    0.002968 -0.00150875  0.00264874
          17   -0.003804 -0.00164376  0.00249171
          18     -0.0105 -0.00213578  0.00240018
          19    0.010312 -0.00148063  0.00236298
          20   -0.000336  -0.0014234  0.00224245
           1     0.02996     0.02996           0
           2    0.052516    0.041238    0.011278
           3    0.044576   0.0423507  0.00660574
           4    0.025016    0.038017   0.0063717
           5    0.030492    0.036512  0.00515986
           6    0.063308    0.040978  0.00613959
           7     0.05642    0.043184  0.00563836
           8    0.039224    0.042689  0.00490799
           9    0.048956   0.0433853   0.0043841
          10    0.040444   0.0430912  0.00393227
          11    0.052512   0.0439476  0.00365853
          12     0.04394    0.043947  0.00333976
          13    0.042236   0.0438154  0.00307495
          14    0.049276   0.0442054  0.00287345
          15    0.027544   0.0430947  0.00289648
          16    0.048344   0.0434227   0.0027292
          17    0.043636   0.0434353  0.00256367
          18    0.037184    0.043088  0.00244187
          19    0.053652    0.043644  0.00237576
          20    0.044424    0.043683  0.00225418
           1   -0.011084   -0.011084           0
           2    0.002224    -0.00443    0.006654
           3    0.005356   -0.001168  0.00503976
           4    -0.01464   -0.004536  0.00490337
           5   -0.015216   -0.006672  0.00435756
           6    0.009828   -0.003922  0.00449682
           7    0.010908 -0.00180343  0.00435111
           8    -0.00882  -0.0026805   0.0038689
           9    0.001696 -0.00219422  0.00344653
          10   -0.002348  -0.0022096  0.00308271
          11    0.006232 -0.00144218  0.00289209
          12   -0.000836 -0.00139167  0.00264059
          13   -0.004644 -0.00164185  0.00244184
          14     0.00534 -0.00114314  0.00231505
          15    -0.01874 -0.00231627  0.00245379
          16    0.006596 -0.00175925  0.00236193
          17   -0.006116 -0.00201553   0.0022334
          18   -0.007724 -0.00233267  0.00212942
          19    0.006708 -0.00185684  0.00206967
          20    -0.00212    -0.00187   0.0019635
           1    0.026936    0.026936           0
           2     0.04454    0.035738    0.008802
           3    0.044204     0.03856  0.00581281
           4    0.023724    0.034851  0.00553634
           5     0.02806   0.0334928  0.00449837
           6    0.054344    0.036968  0.00505641
           7    0.053364   0.0393103  0.00487326
           8    0.036448   0.0389525   0.0042355
           9    0.044112   0.0395258   0.0037791
          10    0.037408    0.039314  0.00338675
          11     0.05064   0.0403436  0.00323184
          12    0.043376   0.0405963  0.00296105
          13    0.040624   0.0405985  0.00272377
          14    0.044352   0.0408666  0.00253594
          15    0.020944   0.0395384  0.00270879
          16    0.050136   0.0402008  0.00261898
          17    0.039244   0.0401445  0.00246075
          18    0.036844   0.0399611  0.00232725
          19    0.048232   0.0403964  0.00224399
          20      0.0442   0.0405866  0.00213731
           1   -0.010756   -0.010756           0
           2    0.000792   -0.004982    0.005774
           3     0.00716-0.000934667  0.00524347
           4    -0.01532   -0.004531  0.00516532
           5   -0.016532  -0.0069312  0.00466576
           6    0.009716 -0.00415667  0.00471284
           7     0.01388    -0.00158  0.00474385
           8   -0.010096  -0.0026445  0.00424397
           9    0.004156 -0.00188889  0.00381834
          10   -0.001836  -0.0018836  0.00341523
          11    0.006356 -0.00113455  0.00317871
          12    0.000576   -0.000992  0.00290525
          13    -0.00134 -0.00101877  0.00267258
          14    0.005916-0.000523429  0.00252342
          15   -0.021972 -0.00195333  0.00275014
          16    0.003576 -0.00160775  0.00259563
          17   -0.004764 -0.00179341  0.00244522
          18   -0.005312 -0.00198889  0.00231365
          19    0.004156 -0.00166547  0.00221226
          20   -0.002448  -0.0017046   0.0020991
           1    0.028244    0.028244           0
           2     0.04256    0.035402    0.007158
           3      0.0442   0.0383347   0.0050675
           4    0.021276     0.03407   0.0055702
           5    0.024424   0.0321408  0.00472632
           6    0.052156   0.0354767  0.00510099
           7    0.050716   0.0376537  0.00482963
           8    0.033368    0.037118  0.00421675
           9     0.04438   0.0379249  0.00380535
          10     0.03754   0.0378864  0.00340383
          11    0.048116   0.0388164  0.00321626
          12    0.041084   0.0390053  0.00294211
          13    0.040032   0.0390843   0.0027075
          14    0.044328   0.0394589  0.00253448
          15    0.021148   0.0382381  0.00265656
          16    0.047244    0.038801  0.00254793
          17     0.03726   0.0387104  0.00239508
          18    0.037432   0.0386393  0.00225922
          19    0.042956   0.0388665  0.00214905
          20    0.040604   0.0389534  0.00204062
           1   -0.010352   -0.010352           0
           2    0.000728   -0.004812     0.00554
           3    0.006784-0.000946667   0.0050171
           4   -0.017548   -0.005097  0.00545994
           5   -0.016628  -0.0074032  0.00481717
           6     0.01116 -0.00430933  0.00500421
           7    0.011808 -0.00200686  0.00481545
           8   -0.012016   -0.003258  0.00435394
           9    0.006632 -0.00215911  0.00399396
          10    -0.00496  -0.0024392  0.00358327
          11    0.008156   -0.001476  0.00338128
          12    0.002564 -0.00113933  0.00310498
          13   -0.000276 -0.00107292  0.00285694
          14    0.010672   -0.000234  0.00277487
          15    -0.01832 -0.00143973  0.00285079
          16     0.00608 -0.00096975  0.00270777
          17   -0.007144 -0.00133294  0.00256931
          18   -0.007112   -0.001654  0.00244355
          19    0.003096   -0.001404  0.00232485
          20   -0.004192  -0.0015434  0.00220995
           1    0.025664    0.025664           0
           2    0.041072    0.033368    0.007704
           3    0.046368   0.0377013   0.0062098
           4    0.020472    0.033394  0.00615093
           5    0.020492   0.0308136  0.00541838
           6    0.051296   0.0342273  0.00558803
           7    0.047112    0.036068  0.00506877
           8    0.029468    0.035243  0.00446654
           9     0.04538   0.0363693  0.00409698
          10    0.033412   0.0360736  0.00367637
          11    0.047784   0.0371382  0.00349165
          12      0.0424   0.0375767  0.00321744
          13    0.037996   0.0376089  0.00295979
          14    0.045956   0.0382051  0.00280435
          15    0.020632   0.0370336  0.00286152
          16     0.04258   0.0373802  0.00269906
          17    0.034064   0.0371852  0.00254282
          18    0.033696   0.0369913  0.00240522
          19    0.041236   0.0372147  0.00228605
          20     0.03648    0.037178  0.00216905
           1   -0.012724   -0.012724           0
           2   -0.000344   -0.006534     0.00619
           3    0.009244 -0.00127467  0.00635866
           4    -0.01378   -0.004401  0.00547634
           5    -0.01676  -0.0068728  0.00490958
           6     0.00882 -0.00425733  0.00478644
           7    0.011976 -0.00193829  0.00466286
           8   -0.008992    -0.00282  0.00413329
           9    0.005996 -0.00184044  0.00377454
          10   -0.004056   -0.002062  0.00338331
          11    0.010928-0.000881091  0.00328026
          12    0.004044-0.000470667  0.00302245
          13   -0.001664-0.000562462  0.00278177
          14    0.007784 3.37143e-05  0.00264352
          15   -0.016404 -0.00106213  0.00269394
          16    0.004848 -0.00069275  0.00254688
          17   -0.007596 -0.00109882  0.00242659
          18   -0.007476 -0.00145311  0.00231509
          19   -0.000416 -0.00139853  0.00219053
          20   -0.002512  -0.0014542  0.00207887
           1    0.022568    0.022568           0
           2    0.038284    0.030426    0.007858
           3    0.043228   0.0346933  0.00622839
           4    0.020436    0.031129  0.00566577
           5    0.019292   0.0287616  0.00498649
           6    0.045628   0.0315727  0.00494761
           7    0.046308   0.0336777  0.00468146
           8    0.029676   0.0331775  0.00408501
           9    0.044404   0.0344249  0.00381248
          10    0.031964   0.0341788  0.00341885
          11    0.046984   0.0353429  0.00330432
          12    0.043004   0.0359813  0.00308324
          13    0.035596   0.0359517  0.00283632
          14    0.042356   0.0364091  0.00266547
          15     0.01992   0.0353099  0.00271401
          16    0.037828   0.0354672   0.0025436
          17    0.031376   0.0352266  0.00240138
          18      0.0294   0.0349029  0.00228707
          19    0.037808   0.0350558  0.00216875
          20    0.034468   0.0350264  0.00205766
           1   -0.009792   -0.009792           0
           2    0.000804   -0.004494    0.005298
           3    0.009116 4.26667e-05  0.00547153
           4   -0.012688    -0.00314  0.00500981
           5   -0.015096  -0.0055312  0.00455815
           6    0.008584 -0.00317867  0.00440291
           7    0.009604 -0.00135257  0.00414505
           8     -0.0146  -0.0030085  0.00395325
           9    0.004992 -0.00211956  0.00359798
          10     -0.0036  -0.0022676  0.00322154
          11      0.0116 -0.00100691  0.00317501
          12    0.005748   -0.000444  0.00295253
          13   -0.002032-0.000566154  0.00271868
          14    0.004648-0.000193714  0.00254441
          15   -0.015804  -0.0012344  0.00258725
          16    0.004424 -0.00088075  0.00244585
          17   -0.005456 -0.00114988  0.00231319
          18   -0.007736 -0.00151578  0.00221138
          19   -0.000732 -0.00147453  0.00209216
          20   -0.003796  -0.0015906  0.00198819
           1    0.022984    0.022984           0
           2      0.0339    0.028442    0.005458
           3    0.041984    0.032956   0.0055051
           4    0.020488    0.029839  0.00498686
           5    0.017328   0.0273368  0.00460242
           6    0.041444    0.029688  0.00443279
           7    0.045148   0.0318966  0.00434894
           8    0.026972    0.031281  0.00381626
           9    0.040956    0.032356  0.00353314
          10    0.028856    0.032006  0.00317946
          11    0.046196    0.033296  0.00315199
          12    0.040152   0.0338673  0.00293354
          13    0.032984   0.0337994  0.00269932
          14    0.038336   0.0341234     0.00252
          15    0.019064   0.0331195  0.00255179
          16    0.037148   0.0333713  0.00240022
          17    0.030708   0.0332146  0.00226005
          18     0.02594   0.0328104  0.00216879
          19    0.034288   0.0328882  0.00205294
          20       0.034   0.0329438  0.00194838
           1   -0.008368   -0.008368           0
           2   -0.000228   -0.004298     0.00407
           3    0.007152-0.000481333  0.00448203
           4   -0.011852   -0.003324  0.00425735
           5   -0.015424   -0.005744  0.00409041
           6    0.008756 -0.00332733  0.00412245
           7    0.010256 -0.00138686  0.00398803
           8   -0.010236   -0.002493  0.00362655
           9    0.003828 -0.00179067  0.00327452
          10   -0.005072  -0.0021188  0.00294715
          11    0.009932 -0.00102327  0.00288212
          12     0.00364-0.000634667  0.00265955
          13   -0.001236-0.000680923  0.00244687
          14    0.003804-0.000360571   0.0022879
          15   -0.015868  -0.0013944  0.00236756
          16    0.003332   -0.001099  0.00223427
          17   -0.010172 -0.00163271  0.00216553
          18   -0.010012 -0.00209822  0.00209407
          19   -0.000632 -0.00202105   0.0019823
          20   -0.005464  -0.0021932  0.00188844
           1     0.02246     0.02246           0
           2    0.033612    0.028036    0.005576
           3    0.037544   0.0312053  0.00451759
           4     0.02162    0.028809  0.00399333
           5    0.018056   0.0266584  0.00376737
           6    0.041148   0.0290733  0.00391075
           7    0.042072   0.0309303  0.00379111
           8    0.026988   0.0304375  0.00331998
           9    0.036856   0.0311507  0.00301355
          10    0.029972   0.0310328  0.00269797
          11    0.040412   0.0318855  0.00258508
          12     0.03762   0.0323633  0.00240774
          13    0.029772    0.032164  0.00222375
          14    0.036624   0.0324826   0.0020833
          15    0.016604    0.031424  0.00220953
          16      0.0334   0.0315475  0.00207051
          17    0.025576   0.0311962  0.00197637
          18     0.02134   0.0306487  0.00194213
          19    0.032044   0.0307221  0.00183854
          20    0.027592   0.0305656   0.0017512
           1    -0.00816    -0.00816           0
           2     0.00078    -0.00369     0.00447
           3    0.006748-0.000210667  0.00433198
           4   -0.009136   -0.002442  0.00378971
           5     -0.0131  -0.0045736  0.00362779
           6      0.0076 -0.00254467  0.00359033
           7    0.009848-0.000774286  0.00351308
           8   -0.006736  -0.0015195  0.00313235
           9    0.006156-0.000666667  0.00289112
          10   -0.001228  -0.0007228  0.00258651
          11    0.009752 0.000229455  0.00252596
          12      0.0031 0.000468667  0.00231825
          13   -0.001132 0.000345538  0.00213603
          14    0.001628 0.000437143   0.0019797
          15   -0.014936-0.000587733  0.00210879
          16     0.00252  -0.0003935  0.00198214
          17   -0.009572-0.000933412  0.00193859
          18   -0.010756 -0.00147911  0.00190745
          19   -0.000712 -0.00143874  0.00180472
          20   -0.007788  -0.0017562  0.00174129
           1    0.020944    0.020944           0
           2    0.032916     0.02693    0.005986
           3     0.03664   0.0301667  0.00473498
           4    0.020736    0.027809  0.00409495
           5    0.017428   0.0257328  0.00379101
           6     0.04018   0.0281407  0.00392161
           7    0.039204   0.0297211  0.00367191
           8    0.025104    0.029144  0.00323192
           9    0.038464   0.0301796  0.00303257
          10    0.030152   0.0301768  0.00271241
          11    0.041396   0.0311967  0.00265702
          12    0.036904   0.0316723  0.00247171
          13    0.028224   0.0314071  0.00228906
          14    0.032224   0.0314654  0.00212006
          15    0.014788   0.0303536  0.00226529
          16    0.032612   0.0304948  0.00212368
          17    0.022756   0.0300395  0.00204613
          18     0.01988   0.0294751  0.00200999
          19    0.031804   0.0295977   0.0019052
          20    0.026456   0.0294406  0.00181425
           1   -0.008412   -0.008412           0
           2    0.002616   -0.002898    0.005514
           3    0.006152 0.000118667  0.00438577
           4   -0.009612   -0.002314  0.00394149
           5   -0.014188  -0.0046888  0.00386793
           6    0.006968   -0.002746  0.00370788
           7    0.009776-0.000957143  0.00360837
           8   -0.007424  -0.0017655   0.0032278
           9    0.006568-0.000839556  0.00299346
          10    0.001468  -0.0006088  0.00268735
          11    0.009876 0.000344364    0.002611
          12    0.004276    0.000672  0.00240592
          13    0.001384 0.000726769   0.0022138
          14   -0.000648 0.000628571  0.00205193
          15   -0.015508  -0.0004472  0.00219233
          16    0.000256 -0.00040325  0.00205121
          17   -0.007972-0.000848471  0.00197755
          18   -0.009372   -0.001322  0.00192364
          19    0.001672 -0.00116442  0.00182639
          20   -0.005376   -0.001375  0.00174542
           1    0.018028    0.018028           0
           2    0.033092     0.02556    0.007532
           3    0.033448   0.0281893  0.00508171
           4    0.017488    0.025514  0.00447987
           5     0.01608   0.0236272  0.00394988
           6     0.03816   0.0260493  0.00403333
           7    0.038644   0.0278486  0.00385449
           8     0.02592   0.0276075  0.00334678
           9    0.036536   0.0285996  0.00311384
          10     0.03126   0.0288656  0.00279778
          11    0.039732   0.0298535  0.00271666
          12    0.035088   0.0302897  0.00251803
          13    0.034732   0.0306314  0.00234132
          14     0.02956   0.0305549    0.002169
          15    0.013916   0.0294456  0.00230385
          16     0.03116   0.0295527  0.00215772
          17    0.020424   0.0290158  0.00209675
          18    0.019848   0.0285064  0.00204139
          19    0.031544   0.0286663  0.00193757
          20    0.025308   0.0284984  0.00184579
           1   -0.009352   -0.009352           0
           2    0.001568   -0.003892     0.00546
           3     0.00656   -0.000408  0.00469845
           4   -0.011412   -0.003159  0.00431344
           5   -0.014048  -0.0053368  0.00398826
           6    0.005532 -0.00352533  0.00372634
           7    0.009208 -0.00170629  0.00363692
           8   -0.006716  -0.0023325  0.00321132
           9    0.008108 -0.00117244  0.00306049
          10    0.002768  -0.0007784   0.0027656
          11    0.012092 0.000391636  0.00276168
          12     0.00564    0.000829  0.00255872
          13    0.004368  0.00110123  0.00236937
          14   -0.001484 0.000916571  0.00220137
          15     -0.0177-0.000324533  0.00239588
          16    0.001604   -0.000204  0.00224438
          17   -0.008644-0.000700471  0.00216589
          18   -0.008992 -0.00116111  0.00209333
          19   -0.001888 -0.00119937  0.00198047
          20    -0.00388  -0.0013334  0.00188361
           1    0.018192    0.018192           0
           2    0.030228     0.02421    0.006018
           3    0.031656    0.026692  0.00426995
           4      0.0169    0.024244  0.00388702
           5    0.015932   0.0225816  0.00343932
           6    0.036768    0.024946  0.00367101
           7    0.037736   0.0267731  0.00360061
           8    0.025816   0.0266535  0.00312052
           9    0.035012   0.0275822  0.00290452
          10    0.029944   0.0278184  0.00260859
          11    0.039216   0.0288545  0.00257704
          12    0.033052   0.0292043  0.00237837
          13    0.032468   0.0294554  0.00220214
          14    0.025856   0.0291983  0.00205493
          15    0.011252   0.0280019  0.00225635
          16    0.029928   0.0281222  0.00211405
          17    0.021572   0.0277369  0.00202284
          18    0.020404   0.0273296  0.00195018
          19    0.029024   0.0274187  0.00184684
          20    0.024692   0.0272824  0.00175736
           1   -0.007472   -0.007472           0
           2    0.001672     -0.0029    0.004572
           3    0.006984 0.000394667  0.00422168
           4   -0.010328   -0.002286  0.00401214
           5   -0.011804  -0.0041896  0.00364445
           6    0.006032   -0.002486  0.00342884
           7    0.006824   -0.001156  0.00318853
           8   -0.005716   -0.001726  0.00281956
           9    0.009472-0.000481778  0.00278054
          10    0.003976    -3.6e-05  0.00252662
          11    0.012604  0.00111309  0.00255803
          12    0.005188  0.00145267  0.00235972
          13    0.005636  0.00177446  0.00219435
          14   -0.002344  0.00148029  0.00205276
          15   -0.018824 0.000126667  0.00234185
          16      0.0043   0.0003875  0.00220607
          17    -0.00952-0.000195294  0.00215264
          18    -0.00836-0.000648889   0.0020796
          19   -0.003184-0.000782316  0.00197162
          20   -0.003544  -0.0009204  0.00187553
           1    0.018908    0.018908           0
           2    0.029576    0.024242    0.005334
           3     0.03134    0.026608  0.00388353
           4     0.01572    0.023886  0.00386655
           5    0.016304   0.0223696  0.00335702
           6    0.035396   0.0245407  0.00349665
           7    0.036544   0.0262554  0.00341668
           8    0.024976   0.0260955  0.00296325
           9    0.035608   0.0271524  0.00281898
          10    0.030356   0.0274728  0.00254165
          11    0.039592   0.0285745  0.00254937
          12     0.03424   0.0290467  0.00237465
          13    0.032548    0.029316   0.0022009
          14    0.024388    0.028964  0.00206782
          15    0.008008   0.0275669  0.00237856
          16    0.028908   0.0276508  0.00222652
          17    0.019628   0.0271788  0.00214403
          18    0.019972   0.0267784  0.00206068
          19     0.02564   0.0267185  0.00195013
          20     0.02324   0.0265446  0.00185822
           1   -0.004932   -0.004932           0
           2    0.002488   -0.001222     0.00371
           3    0.005824  0.00112667  0.00317872
           4   -0.010392   -0.001753  0.00365303
           5   -0.010788    -0.00356  0.00335738
           6    0.006316   -0.001914   0.0031975
           7    0.008536-0.000421143  0.00308731
           8   -0.004744  -0.0009615  0.00272774
           9     0.00656-0.000125778  0.00254668
          10    0.004672    0.000354   0.0023278
          11    0.011008  0.00132255  0.00231765
          12    0.003764    0.001526  0.00212548
          13     0.00618    0.001884  0.00198766
          14   -0.002432  0.00157571  0.00186586
          15    -0.01834    0.000248  0.00218634
          16    0.002732  0.00040325  0.00205101
          17   -0.008228-0.000104471  0.00199237
          18    -0.00682-0.000477556  0.00191512
          19   -0.002428-0.000580211  0.00181443
          20   -0.003632  -0.0007328  0.00172807
           1     0.01966     0.01966           0
           2    0.029428    0.024544    0.004884
           3    0.030024   0.0263707  0.00335974
           4    0.014616    0.023432  0.00377885
           5    0.017024   0.0221504  0.00319536
           6    0.033256   0.0240013  0.00319888
           7    0.035108    0.025588  0.00313475
           8    0.025976   0.0256365  0.00271521
           9    0.032208   0.0263667  0.00250344
          10    0.030752   0.0268052  0.00228168
          11    0.038084   0.0278305  0.00230453
          12    0.030868   0.0280837  0.00211891
          13    0.032376   0.0284138  0.00197688
          14    0.023504   0.0280631  0.00186353
          15    0.007576   0.0266973  0.00220798
          16    0.027928   0.0267743   0.0020668
          17    0.019232   0.0263306  0.00199147
          18    0.019744   0.0259647   0.0019129
          19    0.023516   0.0258358  0.00181401
          20     0.02188    0.025638  0.00173225
