           1     62.4221     62.4221           0
           2     69.8419      66.132     3.70991
           3     70.8424     67.7021     2.65576
           4      70.823     68.4823     2.03354
           5     74.5292     69.6917     1.98589
           6     69.0708     69.5882     1.62477
           7     78.9932     70.9318     1.92114
           8     75.0659     71.4486     1.74217
           9     64.5246     70.6792     1.71829
          10     72.8837     70.8997     1.55262
          11      68.089     70.6442     1.42745
          12     82.9211     71.6672     1.65671
          13     82.5399     72.5036     1.73837
          14       76.07     72.7583     1.62946
          15     79.5862     73.2135     1.58376
          16     88.9457     74.1968     1.77808
          17     83.8092     74.7622     1.76333
          18        67.2     74.3421     1.71475
          19     83.5151     74.8249     1.69232
          20     77.4488     74.9561     1.61082
           1     91.1113     91.1113           0
           2     88.9641     90.0377     1.07359
           3     89.3172     89.7975    0.664737
           4     95.4995      91.223     1.50099
           5     88.6335     90.7051      1.2728
           6      81.885     89.2351     1.80027
           7     93.0327     89.7776     1.61533
           8     90.4677     89.8639     1.40158
           9     91.6152     90.0585      1.2513
          10     88.7388     89.9265     1.12695
          11     81.5944      89.169     1.26998
          12     88.7428     89.1335     1.15987
          13     91.8844     89.3451     1.08771
          14      86.291      89.127     1.03038
          15     86.2298     88.9338    0.978485
          16     88.5844      88.912     0.91555
          17     87.5535     88.8321    0.863714
          18     83.1733     88.5177    0.872894
          19      94.641       88.84    0.886342
          20        96.5      89.223    0.923977
           1     54.3828     54.3828           0
           2     60.2796     57.3312     2.94839
           3     63.4859     59.3828     2.66583
           4     61.8163     59.9912     1.98077
           5     65.1339     61.0197     1.84716
           6     62.4059     61.2508     1.52579
           7     45.4479     58.9932     2.59989
           8     66.7718     59.9655     2.45255
           9     54.6084     59.3703     2.24336
          10     58.6425     59.2975     2.00784
          11     44.8581     57.9848     2.24088
          12     70.0379     58.9893     2.27892
          13     68.1541     59.6942     2.21167
          14     66.7624     60.1991     2.10893
          15     59.1951     60.1322     1.96445
          16     67.0203     60.5627     1.88733
          17     66.7244     60.9251     1.80951
          18     59.8409     60.8649     1.70709
          19     66.6998      61.172     1.64369
          20     62.7821     61.2525     1.56142
           1     79.7497     79.7497           0
           2     79.6712     79.7105   0.0392119
           3     79.5535     79.6581   0.0570009
           4      76.964     78.9846    0.674737
           5     72.4107     77.6698     1.41485
           6      71.892     76.7069     1.50395
           7     78.5901     76.9759     1.29923
           8     78.2531     77.1355     1.13644
           9     80.5424     77.5141     1.07135
          10     76.5418     77.4168    0.963162
          11     65.4214     76.3264     1.39578
          12     73.1326     76.0602     1.30166
          13     73.0585     75.8293     1.21942
          14     77.7033     75.9632     1.13687
          15     73.3688     75.7902     1.07241
          16     75.7948     75.7905     1.00314
          17     81.9483     76.1527     1.00951
          18     73.7467     76.0191    0.961118
          19     77.1203      76.077    0.910972
          20      82.851     76.4157    0.928225
           1     45.9746     45.9746           0
           2     52.3941     49.1843     3.20974
           3     56.7579     51.7089     3.13167
           4     40.9999     49.0316     3.47437
           5      49.235     49.0723     2.69155
           6     43.9014     48.2105     2.36058
           7     42.3547     47.3739     2.16334
           8     49.3966     47.6268     1.89049
           9     49.2972     47.8124     1.67755
          10     41.3372     47.1649     1.63421
          11     42.8293     46.7707     1.52984
          12     56.1529     47.5526     1.60051
          13     57.0748      48.285      1.6444
          14     51.6153     48.5229     1.54089
          15     42.0534     48.0916     1.49793
          16     49.7034     48.1924      1.4048
          17     52.2363     48.4302     1.34085
          18     59.2772     49.0328     1.40045
          19     52.0301     49.1906     1.33405
          20     49.8476     49.2234     1.26602
           1     63.7671     63.7671           0
           2     69.8301     66.7986      3.0315
           3     68.2629     67.2867     1.81702
           4     66.7925     67.1631     1.29075
           5     62.4422     66.2189     1.37518
           6     54.6427     64.2896     2.23231
           7     53.2923     62.7185     2.45512
           8      62.752     62.7227      2.1262
           9     69.1776     63.4399     2.00761
          10     64.6616     63.5621     1.79981
          11     60.4225     63.2767     1.65282
          12     65.3243     63.4473     1.51843
          13     61.7263     63.3149     1.40301
          14     62.0168     63.2222     1.30224
          15     58.5906     62.9134     1.25102
          16     66.6308     63.1458     1.19307
          17     65.4799     63.2831     1.12907
          18     68.4806     63.5718     1.10297
          19     64.2449     63.6072      1.0439
          20     72.4143     64.0476     1.08382
           1     37.6866     37.6866           0
           2     41.7293     39.7079     2.02135
           3     45.9718     41.7959     2.39197
           4      33.309     39.6742     2.71338
           5     42.1703     40.1734     2.16025
           6     36.1375     39.5007     1.88775
           7     34.7449     38.8213     1.73407
           8     40.0225     38.9715     1.50924
           9     41.3432      39.235     1.35686
          10     33.4241     38.6539     1.34556
          11     36.7505     38.4809     1.22934
          12     44.1257     38.9513     1.21683
          13      42.545     39.2277     1.15295
          14     40.8331     39.3424     1.07357
          15     36.1306     39.1283     1.02212
          16     35.0404     38.8728    0.989651
          17     45.7811     39.2791     1.01456
          18     36.0167     39.0979    0.973552
          19     39.9689     39.1437    0.922029
          20      47.605     39.5668    0.971651
           1      48.437      48.437           0
           2     58.2905     53.3638     4.92676
           3     56.5331     54.4202     3.03432
           4     53.0613     54.0805     2.17232
           5     55.9976     54.4639      1.7258
           6     48.5576     53.4795      1.7189
           7     45.3521     52.3185     1.85971
           8     54.0609     52.5363     1.62522
           9     55.0405     52.8145     1.46006
          10     55.1862     53.0517     1.32728
          11     48.0277      52.595     1.28451
          12     51.9755     52.5433     1.17373
          13     50.0748     52.3534     1.09624
          14     51.1596     52.2682      1.0185
          15     44.3979     51.7435     1.08366
          16     50.6023     51.6722     1.01618
          17     52.9663     51.7483    0.957564
          18     52.7713     51.8051    0.904587
          19     57.0961     52.0836    0.899827
          20     62.9708      52.628     1.01245
           1     30.4004     30.4004           0
           2     31.4743     30.9373    0.536949
           3     37.9916     33.2888     2.37176
           4     30.5731     32.6098      1.8093
           5     32.1974     32.5273      1.4039
           6     32.1734     32.4684      1.1478
           7     31.2684     32.2969    0.985095
           8     32.5211      32.325    0.853577
           9     27.9818     31.8424    0.894181
          10      32.294     31.8875    0.801053
          11     33.2233      32.009    0.734685
          12     37.5462     32.4704    0.814079
          13     30.4848     32.3177    0.764262
          14     26.5503     31.9057    0.818756
          15     28.0123     31.6462    0.805203
          16     33.0043      31.731    0.757967
          17     33.3286      31.825    0.718161
          18     38.2427     32.1816    0.765226
          19     29.4586     32.0382    0.737882
          20     36.2882     32.2507     0.73156
           1     37.5831     37.5831           0
           2     44.2157     40.8994     3.31629
           3      44.376     42.0583     2.23805
           4     40.0818     41.5642     1.65789
           5     42.2896     41.7092     1.29237
           6      40.516     41.5104     1.07379
           7     39.1098     41.1674    0.970153
           8     44.2183     41.5488    0.922679
           9     41.6749     41.5628    0.813847
          10     43.6923     41.7758    0.758435
          11     35.8322     41.2354    0.873261
          12     42.6214     41.3509    0.805499
          13     43.9995     41.5547    0.768452
          14     43.1168     41.6663    0.720145
          15      38.888      41.481    0.695533
          16     42.8735     41.5681    0.656407
          17     44.0031     41.7113    0.633006
          18     42.0867     41.7322    0.597168
          19     45.3311     41.9216    0.595777
          20     46.5861     42.1548    0.611432
           1     28.3281     28.3281           0
           2     24.7823     26.5552      1.7729
           3     30.7778     27.9627     1.74038
           4     23.0949     26.7458     1.73073
           5     25.3202     26.4606      1.3706
           6     26.5719     26.4792     1.11925
           7     23.3672     26.0346      1.0452
           8     27.2773     26.1899    0.918401
           9     22.2844      25.756    0.918878
          10     28.7336     26.0537    0.874146
          11     24.5217     25.9145    0.802867
          12     32.0827     26.4285    0.895199
          13     22.2451     26.1067    0.884106
          14     21.3465     25.7667    0.886336
          15     24.4892     25.6815    0.829517
          16     23.3506     25.5358      0.7895
          17     25.7086      25.546    0.741676
          18     31.5069     25.8772    0.773712
          19     23.8764     25.7719    0.739395
          20     32.1007     26.0883    0.769526
           1     36.6219     36.6219           0
           2     32.2972     34.4596     2.16234
           3     38.8572     35.9255     1.92546
           4     35.9752     35.9379     1.36156
           5     32.0237     35.1551     1.31345
           6     29.9067     34.2803     1.38392
           7     31.5637     33.8922     1.23233
           8     31.1768     33.5528     1.11991
           9     32.9061      33.481    0.990276
          10     37.2587     33.8587    0.962928
          11     29.9091     33.4997    0.942108
          12     33.8686     33.5304    0.860573
          13     36.6668     33.7717     0.82756
          14     34.9472     33.8556    0.770759
          15     32.3598     33.7559    0.724435
          16     35.4288     33.8605    0.685665
          17     36.2054     33.9984    0.658676
          18     35.2583     34.0684    0.624937
          19     33.9369     34.0615    0.591172
          20     36.7094     34.1939     0.57625
           1     24.0808     24.0808           0
           2     19.8652      21.973     2.10781
           3     22.2118     22.0526     1.21955
           4     20.2829     21.6102    0.969223
           5     23.3233     21.9528    0.825243
           6     18.9222     21.4477    0.842112
           7     19.8077     21.2134    0.749283
           8     23.7196     21.5267     0.72056
           9     18.5321      21.194    0.717316
          10     18.7181     20.9464    0.687699
          11     21.2033     20.9697    0.622486
          12     24.4317     21.2582     0.63729
          13     18.1655     21.0203    0.632655
          14     17.9321     20.7997    0.625886
          15     22.6815     20.9252     0.59602
          16     17.3335     20.7007    0.601021
          17     21.8905     20.7707    0.568883
          18     26.9475     21.1139     0.63673
          19      18.385     20.9702    0.619174
          20     19.6874     20.9061    0.590891
           1     26.5153     26.5153           0
           2     23.5258     25.0206     1.49471
           3     29.0657     26.3689      1.6009
           4     27.9008     26.7519     1.19503
           5     28.3451     27.0706    0.978977
           6     24.7606     26.6856    0.887215
           7      24.941     26.4363    0.790165
           8     30.1188     26.8967    0.824714
           9     28.8578     27.1146    0.759271
          10     28.3556     27.2387    0.690358
          11      23.875     26.9329    0.695305
          12     27.1552     26.9514    0.634994
          13     28.6197     27.0797    0.598041
          14     28.1048     27.1529    0.558499
          15      25.272     27.0275    0.534843
          16     28.3657     27.1112    0.507242
          17     27.2349     27.1185    0.476526
          18     27.1562     27.1206    0.449278
          19     26.6515     27.0959    0.425691
          20     27.7943     27.1308    0.405353
           1     20.3801     20.3801           0
           2      17.211     18.7956      1.5845
           3     16.1381     17.9097     1.27341
           4     15.4912     17.3051     1.08461
           5     18.7988     17.6038    0.891673
           6     16.5279     17.4245    0.749805
           7     17.8878     17.4907    0.637147
           8     18.3423     17.5971     0.56196
           9     17.6272     17.6005    0.495614
          10     17.4179     17.5822    0.443666
          11     19.3915     17.7467    0.433709
          12     19.2106     17.8687    0.414288
          13     15.7045     17.7022    0.415865
          14     16.6718     17.6286    0.391988
          15     19.0588      17.724    0.377171
          16     16.1125     17.6232    0.366904
          17     17.5317     17.6179    0.344689
          18     19.6497     17.7307    0.344022
          19     14.6676     17.5695    0.363158
          20     16.9247     17.5373    0.346028
           1     23.1244     23.1244           0
           2     18.4825     20.8034     2.32097
           3     23.1313     21.5794     1.54846
           4     20.8489     21.3968     1.11006
           5     21.6475     21.4469    0.861306
           6     21.2876     21.4204    0.703754
           7     22.0584     21.5115    0.601723
           8     25.4016     21.9978    0.712746
           9     21.8087     21.9768    0.628934
          10     21.4733     21.9264    0.564784
          11     18.6833     21.6316    0.589838
          12     23.0915     21.7532    0.552019
          13     20.8873     21.6866    0.512133
          14     20.3335       21.59    0.483894
          15     21.5346     21.5863    0.450496
          16      22.791     21.6616    0.428075
          17     22.9779      21.739    0.409493
          18     22.8523     21.8009    0.390997
          19     20.7087     21.7434    0.374286
          20     26.0671     21.9596    0.415712
           1     17.2197     17.2197           0
           2     13.7964     15.5081     1.71165
           3     13.4285     14.8149     1.20711
           4     14.4655     14.7275    0.858013
           5     15.4461     14.8713    0.679975
           6     13.8828     14.7065    0.579124
           7      14.613     14.6932    0.489631
           8     15.2116      14.758    0.428957
           9     14.0012     14.6739    0.387537
          10     14.3625     14.6427    0.348019
          11     15.5712     14.7272    0.325914
          12     16.9227     14.9101    0.349273
          13     14.0737     14.8458    0.327664
          14     12.7899     14.6989    0.337031
          15      15.899     14.7789    0.323798
          16     14.4088     14.7558    0.303767
          17     13.7564      14.697    0.291333
          18     14.6071      14.692    0.274717
          19     12.6108     14.5825    0.281999
          20      14.821     14.5944    0.267793
           1     21.0336     21.0336           0
           2     16.3873     18.7105     2.32319
           3     18.6254     18.6821     1.34159
           4     17.5808     18.4068    0.987798
           5     19.3085     18.5871    0.786109
           6     18.2972     18.5388    0.643671
           7     18.9558     18.5984    0.547253
           8     21.3025     18.9364    0.582124
           9     18.7628     18.9171    0.513748
          10     18.2359      18.849    0.464532
          11     17.2387     18.7026    0.444954
          12     19.1157      18.737    0.407641
          13     19.4922     18.7951    0.379449
          14     15.9405     18.5912    0.406188
          15     16.6057     18.4588    0.400638
          16     17.0103     18.3683    0.385543
          17     17.9659     18.3446    0.362927
          18     16.2558     18.2286    0.361313
          19     17.4268     18.1864    0.344364
          20     22.4925     18.4017    0.391259
           1     12.9257     12.9257           0
           2      12.557     12.7414    0.184336
           3     10.8016     12.0948    0.655293
           4     11.5176     11.9505    0.485307
           5     14.5645     12.4733     0.64392
           6     11.9406     12.3845    0.533201
           7     12.3435     12.3787    0.450675
           8     11.8842     12.3169    0.395158
           9     12.1882     12.3026     0.34879
          10      11.868     12.2591    0.314979
          11     12.9129     12.3185    0.291043
          12     12.6111     12.3429      0.2668
          13     10.7683     12.2218    0.273683
          14     11.8027     12.1919    0.255143
          15     12.9623     12.2432    0.243015
          16      12.944      12.287    0.231501
          17     11.1468     12.2199    0.227566
          18     13.5628     12.2945    0.227151
          19     10.8823     12.2202    0.227356
          20     11.1356      12.166    0.222402
           1     17.3317     17.3317           0
           2     14.8173     16.0745      1.2572
           3     14.3284     15.4925    0.930369
           4     13.4143     14.9729    0.838286
           5     15.3639     15.0511    0.654024
           6     15.4493     15.1175    0.538117
           7     14.9527     15.0939      0.4554
           8     16.2447     15.2378      0.4198
           9     15.7139     15.2907     0.37399
          10     14.1664     15.1783    0.352894
          11     13.4384     15.0201    0.356243
          12     15.2938     15.0429    0.326003
          13     14.3281     14.9879    0.304879
          14     15.4991     15.0244    0.284615
          15      13.952     14.9529    0.274439
          16     14.6112     14.9316    0.257601
          17     14.4625      14.904    0.243543
          18     15.0345     14.9112    0.229729
          19     14.6445     14.8972    0.217754
          20     15.5294     14.9288    0.208985
           1     10.8035     10.8035           0
           2     11.1373     10.9704    0.166905
           3     9.83651     10.5924    0.390043
           4     10.1167     10.4735    0.300353
           5     12.4721     10.8732    0.462494
           6     9.35899     10.6208    0.454192
           7     10.4214     10.5923    0.384917
           8     10.8454      10.624    0.334846
           9     10.6091     10.6223    0.295311
          10     11.1425     10.6743    0.269208
          11       11.73     10.7703    0.261738
          12     10.7115     10.7654    0.238983
          13     9.74929     10.6873    0.233315
          14      9.9562      10.635     0.22223
          15     11.1371     10.6685    0.209575
          16     11.6179     10.7278    0.204822
          17     11.0277     10.7455    0.193204
          18     11.8606     10.8074    0.192402
          19     10.8261     10.8084    0.181996
          20     10.0144     10.7687    0.177162
           1     13.7013     13.7013           0
           2     12.9272     13.3142    0.387041
           3     12.5503     13.0596    0.338791
           4     11.4125     12.6478    0.476387
           5     12.8733     12.6929    0.371754
           6      12.246     12.6184     0.31254
           7     12.3935     12.5863    0.266092
           8     13.2672     12.6714    0.245659
           9     13.5534     12.7694    0.237783
          10     13.3388     12.8264    0.220169
          11     11.8938     12.7416    0.216445
          12     12.1265     12.6903    0.204127
          13     11.4766      12.597    0.209699
          14     12.4902     12.5893    0.194293
          15     11.5886     12.5226    0.192789
          16     12.7949     12.5396    0.181139
          17     12.6983      12.549    0.170407
          18     13.0864     12.5788    0.163412
          19     12.8258     12.5918    0.155118
          20      11.458     12.5351      0.1577
           1     10.0692     10.0692           0
           2     9.46872     9.76896    0.300247
           3     8.52107       9.353    0.450638
           4       8.767      9.2065    0.350712
           5     10.4223     9.44966    0.364592
           6     8.32997     9.26305    0.351345
           7     8.74293     9.18874    0.306096
           8     9.19356     9.18935    0.265088
           9     9.64189     9.23963    0.239131
          10     9.42675     9.25834    0.214703
          11     9.70305     9.29877    0.198369
          12     8.67863     9.24709    0.188315
          13     9.08826     9.23487    0.173655
          14     9.45971     9.25093    0.161573
          15     10.1615     9.31164    0.162205
          16     9.93603     9.35066    0.156667
          17       9.268      9.3458    0.147243
          18     10.5346     9.41184    0.153731
          19     10.2554     9.45624    0.152041
          20     8.46567     9.40671    0.152505
           1     11.6116     11.6116           0
           2     10.3754     10.9935    0.618085
           3      10.635      10.874    0.376327
           4     9.46228     10.5211    0.442008
           5     10.6724     10.5513    0.343714
           6     10.3819     10.5231    0.282058
           7     10.0828     10.4602    0.246541
           8     10.7458     10.4959    0.216474
           9     11.4396     10.6008     0.21781
          10     10.8473     10.6254    0.196369
          11     10.3912     10.6041    0.178895
          12     10.6744       10.61    0.163413
          13     10.8402     10.6277    0.151357
          14     11.4777     10.6884    0.152717
          15     10.2481     10.6591     0.14517
          16     11.0361     10.6826    0.137824
          17     10.8956     10.6951    0.130068
          18     11.6917     10.7505    0.134547
          19     11.0727     10.7675    0.128394
          20     9.47833      10.703    0.137808
           1     9.22174     9.22174           0
           2     7.68215     8.45194    0.769794
           3     8.08742     8.33043    0.460751
           4     7.54393     8.13381    0.380537
           5     9.01954     8.31095    0.343898
           6     7.99634     8.25852    0.285645
           7     7.63509     8.16946    0.257319
           8     7.79067     8.12211    0.227819
           9     8.14875     8.12507    0.200939
          10     8.12956     8.12552    0.179726
          11     8.54353     8.16352    0.166951
          12     7.87805     8.13973     0.15425
          13     7.95774     8.12573    0.142578
          14     8.42837     8.14735     0.13376
          15      8.6962     8.18394    0.129789
          16     9.01518     8.23589    0.132055
          17     7.59009      8.1979    0.129731
          18     8.93055      8.2386    0.128906
          19       8.549     8.25494    0.123022
          20     6.89641     8.18701    0.135037
           1     10.6243     10.6243           0
           2     9.18495     9.90462    0.719667
           3     9.47978       9.763     0.43897
           4     8.40513     9.42353    0.459985
           5     9.20199     9.37922    0.359047
           6     8.70186     9.26633    0.314147
           7     8.51459     9.15894      0.2864
           8     8.89831     9.12636     0.25016
           9     9.40782     9.15763    0.222826
          10     9.73668     9.21554    0.207543
          11      9.0215      9.1979    0.188556
          12     8.79563     9.16438    0.175361
          13     9.20308     9.16735    0.161337
          14     9.62578      9.2001    0.152916
          15     8.85936     9.17738    0.144158
          16     9.94264     9.22521    0.143078
          17     8.73786     9.19654    0.137422
          18     10.2172     9.25325    0.141428
          19     9.47866     9.26511    0.134302
          20     8.30618     9.21716    0.136133
           1      7.9186      7.9186           0
           2     7.26285     7.59072    0.327876
           3     7.13139     7.43761    0.243469
           4     6.92418     7.30925    0.214743
           5     8.02928     7.45326    0.220014
           6     7.39662     7.44382    0.179889
           7     6.91812     7.36872    0.169571
           8     6.98278     7.32048    0.154574
           9     7.38536     7.32769    0.136512
          10     7.30504     7.32542    0.122121
          11     7.83406     7.37166     0.11975
          12     7.27327     7.36346    0.109623
          13     7.14727     7.34683    0.102201
          14      7.2445     7.33952   0.0949014
          15     7.48579     7.34927   0.0888849
          16     7.80725      7.3779   0.0879332
          17     6.94864     7.35265   0.0863722
          18     7.89772     7.38293   0.0868806
          19     7.58433     7.39353   0.0828616
          20     6.01834     7.32477    0.104438
           1     8.75165     8.75165           0
           2     8.20982     8.48074    0.270912
           3     8.41886     8.46011    0.157765
           4     7.57038     8.23768     0.24884
           5     8.51521     8.29318    0.200584
           6     8.00479     8.24512    0.170683
           7     7.62391     8.15637    0.169365
           8     8.02398     8.13982    0.147605
           9     8.41622     8.17053    0.133749
          10      8.3815     8.19163    0.121475
          11     8.43532     8.21378    0.112089
          12     8.36242     8.22617     0.10307
          13     8.25228     8.22818   0.0948317
          14     8.16309     8.22353   0.0879201
          15      8.1095     8.21593   0.0822015
          16     8.75183     8.24942   0.0838707
          17     7.99046     8.23419   0.0802419
          18     8.71697     8.26101   0.0802666
          19     8.12837     8.25403   0.0762448
          20     7.13802     8.19823   0.0913546
           1     7.17243     7.17243           0
           2     6.51252     6.84247    0.329958
           3      6.5499     6.74495    0.214014
           4     6.69626     6.73278    0.151819
           5     6.96546     6.77931    0.126472
           6     7.32535     6.87032    0.137643
           7     6.19511     6.77386    0.151118
           8     6.34948     6.72081    0.141214
           9     6.71928     6.72064     0.12454
          10     6.51066     6.69964    0.113353
          11     6.74748     6.70399    0.102624
          12     6.69794     6.70349    0.093684
          13     6.46133     6.68486    0.088167
          14     6.28667     6.65642   0.0864402
          15     6.40355     6.63956   0.0822183
          16     6.88462     6.65488   0.0784184
          17     6.49327     6.64537   0.0742721
          18     6.70972     6.64895   0.0701156
          19     6.78055     6.65587   0.0666835
          20      5.7759     6.61187   0.0770577
           1     7.60593     7.60593           0
           2     7.51276     7.55935   0.0465857
           3     7.76634     7.62834   0.0740526
           4     7.18446     7.51737    0.122704
           5      7.6659     7.54708   0.0995799
           6     7.37692     7.51872   0.0861108
           7     7.20577     7.47401   0.0854116
           8     7.25686     7.44687   0.0787917
           9      7.3353     7.43447   0.0705849
          10      7.4837     7.43939   0.0633247
          11     7.16609     7.41455   0.0624359
          12     7.47064     7.41922   0.0571873
          13     7.04839      7.3907   0.0598413
          14     6.87002     7.35351   0.0667278
          15     7.06712     7.33441    0.064988
          16      7.5105     7.34542   0.0617789
          17     7.40583     7.34897   0.0581399
          18     7.56814     7.36115   0.0561508
          19     6.96716     7.34041   0.0570177
          20     6.59379     7.30308   0.0657232
           1     6.45022     6.45022           0
           2     5.71397     6.08209    0.368123
           3     6.36323      6.1758    0.232278
           4     6.03053     6.13949    0.168213
           5     6.38636     6.18886    0.139339
           6     6.85523     6.29992    0.158992
           7     5.95538      6.2507    0.143104
           8     5.78434     6.19241    0.136957
           9     5.90486     6.16046    0.124939
          10     5.87839     6.13225    0.115254
          11     6.06978     6.12657    0.104406
          12     6.06432     6.12138     0.09545
          13     5.68111     6.08752   0.0941066
          14     5.64858     6.05616   0.0925953
          15     5.63752     6.02825   0.0906071
          16     5.81869     6.01516   0.0857613
          17     5.94251     6.01088   0.0806719
          18     6.04072     6.01254   0.0760763
          19     5.77001     5.99978   0.0730844
          20     5.22604     5.96109   0.0793967
           1     6.70355     6.70355           0
           2     6.66254     6.68304   0.0205019
           3      7.2456     6.87056    0.187891
           4     6.24406     6.71394    0.205385
           5     6.86772     6.74469    0.162037
           6      6.6477     6.72853    0.133286
           7      6.7037     6.72498    0.112703
           8     6.66942     6.71804   0.0978506
           9     6.56933     6.70151   0.0878637
          10     6.34412     6.66577   0.0863326
          11      6.4177     6.64322    0.081282
          12     6.68825     6.64697   0.0742948
          13      6.1375     6.60778   0.0787806
          14     5.96644     6.56197   0.0861298
          15     5.83036      6.5132   0.0938519
          16     6.32225     6.50126   0.0885979
          17       6.617     6.50807   0.0835013
          18     6.85211     6.52719   0.0810127
          19     6.23511     6.51181   0.0781571
          20     6.16295     6.49437   0.0761704
           1     5.76377     5.76377           0
           2     5.07397     5.41887    0.344897
           3     5.92438     5.58737    0.260853
           4     5.52301     5.57128    0.185151
           5     5.57721     5.57247    0.143423
           6     6.15704      5.6699    0.152335
           7     5.31933     5.61982    0.138144
           8     5.25057     5.57366    0.128231
           9     5.05175     5.51567    0.127091
          10     5.35548     5.49965    0.114796
          11     5.19546       5.472    0.107457
          12     5.75831     5.49586    0.100954
          13      5.4672     5.49365   0.0928902
          14     5.19719     5.47248   0.0885684
          15     5.06119     5.44506   0.0868921
          16      5.2883     5.43526   0.0818684
          17     5.24423     5.42402   0.0777187
          18     5.53419     5.43014   0.0735291
          19     5.21723     5.41894   0.0704485
          20     4.90624      5.3933    0.071581
           1     6.08339     6.08339           0
           2     5.94607     6.01473   0.0686565
           3     6.34849     6.12598    0.118104
           4     5.72329     6.02531    0.130804
           5     5.77749     5.97575    0.112793
           6     5.92225     5.96683   0.0925259
           7     6.12438     5.98934   0.0813731
           8       6.042     5.99592    0.070778
           9     5.68913     5.96183   0.0711217
          10     5.76169     5.94182   0.0666873
          11      5.6408     5.91445   0.0662379
          12     6.13215     5.93259   0.0631295
          13     5.84783     5.92607   0.0584356
          14     5.39642     5.88824   0.0660167
          15     5.31253     5.84986   0.0724582
          16     5.65964     5.83797   0.0688132
          17     5.78541     5.83488   0.0647126
          18     6.15433     5.85263   0.0635404
          19     5.49804     5.83397   0.0629339
          20     5.64756     5.82465   0.0604275
           1     5.08912     5.08912           0
           2      4.7642     4.92666    0.162463
           3     5.41936     5.09089    0.189131
           4     5.08024     5.08823    0.133762
           5     5.08752     5.08809    0.103612
           6     5.32545     5.12765   0.0933917
           7     5.02913     5.11358   0.0801752
           8     5.01458      5.1012   0.0705277
           9       4.671      5.0534   0.0784451
          10      4.8132     5.02938    0.074161
          11     4.97053     5.02403   0.0672942
          12     4.90546     5.01415   0.0622204
          13     5.11032     5.02155   0.0577106
          14     4.72128      5.0001   0.0575738
          15     4.62124     4.97484   0.0592513
          16     5.09455     4.98232   0.0559272
          17     4.79425     4.97126   0.0536867
          18     5.02929     4.97448   0.0507189
          19     5.00046     4.97585   0.0479947
          20     4.24665     4.93939   0.0583309
           1     5.22039     5.22039           0
           2      5.3576       5.289   0.0686036
           3     5.74418     5.44072    0.156813
           4     5.10274     5.35623    0.139408
           5     5.18553     5.32209    0.113253
           6      5.4498     5.34338   0.0948888
           7     5.54087     5.37159   0.0850138
           8      5.3883     5.37368   0.0736538
           9      5.1353     5.34719    0.070149
          10     5.16522     5.32899   0.0653286
          11     5.30682     5.32698   0.0591263
          12     5.24911     5.32049   0.0543634
          13     5.34213     5.32215   0.0500347
          14     4.83387     5.28728   0.0579853
          15      4.9408     5.26418   0.0587156
          16     5.16061     5.25771   0.0553035
          17       5.214     5.25513   0.0520122
          18     5.42766     5.26472   0.0499655
          19     5.23546     5.26318   0.0472877
          20     4.91407     5.24572   0.0481373
           1     4.41796     4.41796           0
           2     4.33869     4.37833   0.0396342
           3      4.8537     4.53678    0.160101
           4     4.51482     4.53129    0.113342
           5     4.55813     4.53666    0.087958
           6     4.68011     4.56057   0.0756924
           7     4.47899     4.54891   0.0650245
           8     4.61472     4.55714   0.0569105
           9     4.27003     4.52524   0.0594703
          10     4.67181      4.5399   0.0551742
          11     4.43157     4.53005   0.0508692
          12      4.5433     4.53115   0.0464502
          13     4.51712     4.53007   0.0427416
          14     4.41213     4.52165   0.0404578
          15     4.27816     4.50542   0.0410132
          16     4.61787     4.51244   0.0390028
          17     4.28834     4.49926   0.0389363
          18     4.59089     4.50435   0.0370607
          19     4.60057     4.50942   0.0354198
          20     4.01658     4.48477   0.0416691
           1     4.54099     4.54099           0
           2     4.87122      4.7061    0.165117
           3     4.98998     4.80073     0.13432
           4     4.58341      4.7464     0.10942
           5     4.62985     4.72309   0.0879033
           6     4.81607     4.73859   0.0734269
           7     4.98459     4.77373   0.0713172
           8      4.7504     4.77081   0.0618313
           9      4.8296     4.77735   0.0549199
          10     4.77216     4.77683   0.0491246
          11     4.70711     4.77049   0.0448847
          12      4.9487     4.78534   0.0435823
          13      4.8385     4.78943    0.040298
          14     4.49769     4.76859   0.0427338
          15     4.63072      4.7594    0.040831
          16     4.54036     4.74571   0.0405732
          17     4.59915     4.73709   0.0390748
          18     4.95205     4.74903   0.0387273
          19     4.85342     4.75453   0.0370421
          20     4.61539     4.74757   0.0358232
           1     3.99941     3.99941           0
           2       4.065     4.03221   0.0327935
           3      4.3985     4.15431    0.123558
           4     4.25346     4.17909   0.0908168
           5     4.21104     4.18548   0.0706359
           6     4.24903     4.19607   0.0586385
           7     4.14185     4.18833   0.0501604
           8     4.15292      4.1839   0.0436651
           9      4.0175     4.16541   0.0427174
          10     4.37337     4.18621   0.0435005
          11     4.12639     4.18077   0.0397217
          12     4.17936     4.18065    0.036261
          13     4.21751     4.18349   0.0334755
          14     4.32263     4.19343   0.0325468
          15     4.05169     4.18398   0.0317386
          16     4.28559     4.19033   0.0303604
          17     3.99959     4.17911   0.0306464
          18     4.24674     4.18287   0.0291369
          19     4.26413     4.18714   0.0278907
          20     3.78072     4.16682   0.0333625
           1     4.03016     4.03016           0
           2     4.48337     4.25676    0.226605
           3     4.71013     4.40789    0.199887
           4     4.28674      4.3776     0.14455
           5     4.19666     4.34141    0.117671
           6     4.53611     4.37386     0.10141
           7     4.48987     4.39044   0.0872944
           8     4.26469     4.37472   0.0772159
           9      4.4636     4.38459   0.0688104
          10     4.56367      4.4025   0.0640984
          11     4.56018     4.41684   0.0597249
          12     4.56781     4.42942   0.0559539
          13     4.35102     4.42339   0.0518222
          14     4.27022     4.41245   0.0492097
          15     4.23795     4.40081   0.0472656
          16     4.45621     4.40427   0.0443483
          17     4.15438     4.38958   0.0441754
          18     4.66873     4.40508   0.0444428
          19     4.47811     4.40893    0.042214
          20     4.11724     4.39434   0.0426208
           1     3.71765     3.71765           0
           2     3.74773     3.73269   0.0150355
           3     4.01157     3.82565   0.0933637
           4     3.82953     3.82662   0.0660252
           5     3.85253      3.8318   0.0514047
           6     3.90739      3.8444   0.0438215
           7     3.83202     3.84263   0.0370781
           8     3.76697     3.83317   0.0334743
           9     3.87171     3.83745   0.0298305
          10     3.89021     3.84273   0.0271978
          11     3.84069     3.84254    0.024602
          12     3.86786     3.84465   0.0225573
          13     3.91171     3.84981   0.0213813
          14     4.03431     3.86299   0.0237808
          15     3.82346     3.86036   0.0222951
          16     3.98559     3.86818   0.0222755
          17      3.6259     3.85393   0.0253169
          18     3.85123     3.85378   0.0238694
          19     3.88455      3.8554   0.0226362
          20     3.35788     3.83052   0.0328631
           1     3.79003     3.79003           0
           2     4.10451     3.94727    0.157242
           3     4.22912     4.04122    0.130646
           4     3.95823     4.02047   0.0946816
           5     3.80722     3.97782   0.0848401
           6     4.13161     4.00345   0.0738614
           7     4.13157     4.02175    0.065052
           8     3.93574       4.011   0.0573535
           9       4.063     4.01678   0.0509099
          10     4.13261     4.02836   0.0469853
          11     4.02116     4.02771   0.0425048
          12     4.08112     4.03216   0.0390558
          13     4.00122     4.02978   0.0360049
          14     4.05079     4.03128   0.0333678
          15     4.03649     4.03163   0.0310657
          16     4.13785     4.03827    0.029808
          17     3.77047     4.02251   0.0321268
          18     4.08459     4.02596   0.0304851
          19     4.11572     4.03069   0.0292204
          20     3.76274     4.01729   0.0307887
           1     3.39885     3.39885           0
           2     3.59638     3.49762   0.0987666
           3     3.70419     3.56647   0.0894038
           4     3.60548     3.57623   0.0639659
           5     3.49232     3.55945   0.0523123
           6     3.62456      3.5703   0.0440701
           7     3.55397     3.56797    0.037319
           8     3.45757     3.55417   0.0351421
           9     3.56138     3.55497   0.0310028
          10     3.58385     3.55786   0.0278797
          11     3.54576     3.55676   0.0252421
          12     3.56641     3.55756   0.0230569
          13     3.56414     3.55807   0.0212153
          14     3.70245     3.56838   0.0221845
          15     3.57164      3.5686   0.0206538
          16     3.70172     3.57692   0.0210353
          17     3.38696     3.56574      0.0227
          18     3.53125     3.56383   0.0214874
          19     3.64852     3.56828   0.0208081
          20     3.25945     3.55284   0.0250624
           1     3.54649     3.54649           0
           2     3.86802     3.70726    0.160765
           3     3.87587     3.76346    0.108508
           4     3.61182     3.72555   0.0855816
           5     3.51882     3.68421   0.0781277
           6     3.90702     3.72134   0.0738128
           7     3.85633     3.74062   0.0652959
           8     3.65512     3.72994   0.0575491
           9     3.78989      3.7366   0.0511889
          10     3.83433     3.74637   0.0468161
          11     3.73881     3.74568   0.0423524
          12     3.71535     3.74316   0.0387448
          13      3.6792     3.73824    0.035978
          14     3.75548     3.73947   0.0333319
          15     3.65314     3.73371   0.0315596
          16     3.73891     3.73404   0.0295231
          17     3.53304     3.72221   0.0301472
          18     3.61984     3.71653   0.0289865
          19     3.82339     3.72215   0.0279894
          20     3.50899     3.71149   0.0286123
           1     3.12544     3.12544           0
           2     3.33579     3.23061    0.105174
           3     3.41652     3.29258   0.0867597
           4      3.2844     3.29054   0.0613824
           5     3.17729     3.26789   0.0526657
           6     3.19717      3.2561   0.0445873
           7     3.34045     3.26815   0.0395629
           8     3.25344     3.26631   0.0343118
           9     3.31559     3.27179   0.0307515
          10     3.32125     3.27673   0.0279462
          11     3.27334     3.27643   0.0252802
          12     3.36191     3.28355    0.024152
          13     3.27525     3.28291   0.0222257
          14     3.47697     3.29677   0.0248103
          15     3.34418     3.29993   0.0233124
          16     3.46071     3.30998   0.0240105
          17      3.1161     3.29858   0.0252734
          18     3.36355     3.30219   0.0240999
          19     3.41431     3.30809   0.0235476
          20     3.03155     3.29426    0.026272
           1     3.22722     3.22722           0
           2     3.60941     3.41832    0.191097
           3      3.4925     3.44305    0.113067
           4     3.29449     3.40591   0.0881551
           5     3.23451     3.37163   0.0764055
           6     3.54056     3.39978    0.068444
           7     3.59958     3.42833   0.0645041
           8     3.40961     3.42599   0.0559112
           9     3.51229     3.43558   0.0502328
          10     3.50925     3.44294   0.0455296
          11     3.43193     3.44194   0.0411952
          12      3.5579     3.45161   0.0388277
          13     3.38468     3.44646   0.0360854
          14     3.53359     3.45268   0.0339833
          15     3.41939     3.45046   0.0317145
          16     3.46692     3.45149    0.029684
          17     3.26312     3.44041   0.0300043
          18     3.51288     3.44444   0.0285734
          19     3.58237      3.4517   0.0279857
          20     3.25148     3.44168   0.0283742
           1      2.9686      2.9686           0
           2     3.06861      3.0186   0.0500029
           3     3.10609     3.04777   0.0410353
           4     3.02986     3.04329   0.0293596
           5     3.01921     3.03848   0.0232461
           6     2.96427     3.02611    0.022654
           7     3.07423     3.03298   0.0203427
           8     3.05246     3.03542   0.0177847
           9     3.08115      3.0405   0.0164872
          10     3.13984     3.05043   0.0177809
          11     3.06062     3.05136   0.0161101
          12     3.19016     3.06293   0.0187099
          13     3.15262     3.06982   0.0185421
          14     3.28233       3.085   0.0229149
          15     3.16463     3.09031   0.0219832
          16     3.23428     3.09931   0.0224459
          17     2.94987     3.09052   0.0228433
          18     3.17558     3.09525   0.0220493
          19     3.09558     3.09526   0.0208566
          20     2.83857     3.08243   0.0235845
           1     3.07305     3.07305           0
           2     3.24747     3.16026    0.087211
           3     3.28985     3.20345   0.0663421
           4     3.11434     3.18117   0.0519329
           5     3.07724     3.16039   0.0452807
           6     3.13173     3.15561   0.0372787
           7     3.28934     3.17472   0.0368454
           8     3.12103     3.16801   0.0326069
           9     3.21466     3.17319   0.0292201
          10     3.26506     3.18238   0.0277029
          11     3.17923     3.18209   0.0250598
          12     3.31194     3.19291   0.0253066
          13     3.20053      3.1935   0.0232861
          14     3.23879     3.19673   0.0218001
          15      3.2473      3.2001   0.0205728
          16     3.19619     3.19986   0.0192457
          17      3.0502     3.19106   0.0201078
          18     3.27501     3.19572   0.0195232
          19     3.21226     3.19659   0.0184876
          20     2.98342     3.18593   0.0205235
           1     2.85328     2.85328           0
           2     2.84455     2.84892  0.00436543
           3     2.90424     2.86736   0.0186123
           4     2.84526     2.86184   0.0142734
           5     2.73804     2.83708   0.0271164
           6      2.7413     2.82111   0.0272946
           7     2.88033     2.82957   0.0245702
           8     2.84788     2.83186   0.0214011
           9     2.86957     2.83605   0.0193334
          10     2.97728     2.85017   0.0223265
          11     2.90428     2.85509   0.0207854
          12     3.02375     2.86915    0.023613
          13     2.98415     2.87799   0.0234531
          14     3.01533      2.8878   0.0238264
          15     2.87333     2.88684   0.0222021
          16     3.00211     2.89404   0.0219824
          17     2.76385     2.88638   0.0220233
          18     2.99555     2.89245   0.0216314
          19     2.84365     2.88988   0.0206218
          20     2.68421      2.8796   0.0221016
           1      2.8988      2.8988           0
           2     3.01552     2.95716   0.0583584
           3     3.02417     2.97949   0.0404249
           4     2.90108     2.95989   0.0346616
           5     2.80378     2.92867    0.041178
           6     2.95894     2.93371   0.0339981
           7     3.03979     2.94887   0.0324848
           8     2.92157     2.94546   0.0283389
           9     2.94867     2.94581   0.0249951
          10     3.11156     2.96239   0.0278301
          11     2.98141     2.96412   0.0252326
          12     3.04923     2.97121   0.0241013
          13       3.019     2.97488   0.0224727
          14     3.00801     2.97725   0.0209398
          15      2.9914     2.97819   0.0195167
          16     3.02797      2.9813   0.0185194
          17     2.85025      2.9736   0.0190275
          18     3.06259     2.97854   0.0186082
          19     2.99677      2.9795   0.0176277
          20     2.87176     2.97411   0.0175694
           1     2.64303     2.64303           0
           2     2.64851     2.64577  0.00274059
           3     2.74675     2.67943   0.0336972
           4     2.72674     2.69126   0.0266011
           5     2.56722     2.66645   0.0322481
           6     2.58698      2.6532   0.0294741
           7     2.68511     2.65776   0.0253238
           8     2.66985     2.65927   0.0219831
           9      2.7026     2.66409   0.0199761
          10     2.81423      2.6791   0.0233377
          11     2.64913     2.67638   0.0212849
          12     2.78693     2.68559    0.021504
          13      2.8005     2.69443   0.0216659
          14     2.85204     2.70569   0.0230019
          15      2.7598     2.70929   0.0217153
          16     2.78313     2.71391   0.0208304
          17     2.62123     2.70846    0.020312
          18     2.77765      2.7123   0.0195323
          19     2.68956      2.7111   0.0185145
          20     2.55989     2.70354   0.0191227
           1     2.74114     2.74114           0
           2     2.87709     2.80911   0.0679781
           3      2.8953     2.83784   0.0486391
           4     2.73162     2.81129   0.0434524
           5     2.61651     2.77233   0.0514822
           6     2.73728     2.76649   0.0424391
           7     2.83092     2.77569   0.0370298
           8     2.74708     2.77212   0.0322676
           9     2.74008     2.76856   0.0286791
          10     2.97609     2.78931   0.0329954
          11     2.81564     2.79171   0.0299413
          12     2.83175     2.79504   0.0275355
          13     2.77348     2.79338   0.0253833
          14     2.85697     2.79793   0.0239353
          15     2.80064     2.79811   0.0222833
          16     2.76159     2.79583   0.0209687
          17     2.68308     2.78919   0.0207833
          18      2.8778     2.79412   0.0202036
          19      2.8195     2.79545   0.0191573
          20     2.67221     2.78929   0.0191905
           1     2.44724     2.44724           0
           2     2.47289     2.46006   0.0128267
           3     2.55519     2.49177   0.0325617
           4     2.47336     2.48717   0.0234802
           5     2.41607     2.47295   0.0230868
           6     2.42554     2.46505   0.0204397
           7     2.56658     2.47955   0.0225567
           8     2.47608     2.47912   0.0195395
           9     2.51678      2.4833    0.017733
          10     2.61191     2.49616   0.0204201
          11     2.52348     2.49865   0.0186369
          12      2.5457     2.50257   0.0174591
          13     2.57933     2.50847   0.0171112
          14     2.65755     2.51912   0.0190879
          15      2.5791     2.52312   0.0182142
          16      2.5784     2.52658   0.0173846
          17     2.46858     2.52316   0.0166826
          18     2.57653     2.52613   0.0160055
          19     2.50519     2.52503   0.0151798
          20     2.45704     2.52163   0.0147966
           1     2.40713     2.40713           0
           2     2.61268      2.5099    0.102776
           3     2.70191     2.57391   0.0872785
           4     2.52792     2.56241   0.0627769
           5     2.46689     2.54331   0.0522448
           6     2.57307     2.54827   0.0429451
           7     2.71094     2.57151   0.0430979
           8      2.5162     2.56459   0.0379588
           9     2.59362     2.56782   0.0336315
          10     2.75601     2.58664   0.0354825
          11     2.63788     2.59129   0.0324315
          12     2.59659     2.59174   0.0296091
          13     2.64371     2.59573   0.0275283
          14     2.69007     2.60247    0.026362
          15     2.60674     2.60276   0.0245434
          16     2.62205     2.60396   0.0229899
          17     2.55944     2.60134   0.0217535
          18     2.64101     2.60355   0.0206274
          19     2.66649     2.60686   0.0197907
          20     2.50404     2.60172   0.0194663
           1     2.26724     2.26724           0
           2     2.37565     2.32144   0.0542055
           3     2.42636     2.35641   0.0469314
           4     2.30639     2.34391    0.035464
           5     2.38228     2.35158   0.0285221
           6      2.2894     2.34122   0.0254898
           7     2.38124     2.34694   0.0222885
           8      2.3692     2.34972   0.0195019
           9     2.32018     2.34644   0.0175095
          10      2.5271      2.3645   0.0239094
          11      2.4023     2.36794   0.0218982
          12     2.37981     2.36893   0.0200147
          13     2.44033     2.37442   0.0192127
          14     2.56906     2.38832    0.022576
          15     2.44171     2.39188   0.0213163
          16     2.41981     2.39363   0.0200158
          17     2.38319     2.39301   0.0188116
          18     2.43426     2.39531   0.0178832
          19     2.38553     2.39479   0.0169236
          20     2.33678     2.39189   0.0163151
           1     2.31317     2.31317           0
           2     2.48235     2.39776   0.0845904
           3     2.50218     2.43257   0.0599721
           4     2.35477     2.41312   0.0466538
           5     2.34446     2.39939   0.0386586
           6     2.45737     2.40905    0.033011
           7      2.5479     2.42889    0.034232
           8     2.42665     2.42861   0.0296471
           9     2.41469     2.42706   0.0261919
          10     2.54192     2.43855   0.0260909
          11     2.49878     2.44402   0.0242271
          12     2.41451     2.44156   0.0222526
          13     2.48926     2.44523   0.0207956
          14     2.58244     2.45503   0.0216039
          15     2.47979     2.45668   0.0201797
          16     2.46188     2.45701   0.0188792
          17      2.4636      2.4574   0.0177381
          18     2.48401     2.45887   0.0167889
          19     2.53625     2.46295   0.0163946
          20     2.39294     2.45945   0.0159423
           1     2.12022     2.12022           0
           2     2.27993     2.20007   0.0798553
           3     2.26627     2.22214   0.0511126
           4     2.19328     2.21492   0.0368552
           5     2.27344     2.22663   0.0308538
           6     2.18669     2.21997   0.0260565
           7     2.28583     2.22938   0.0239472
           8      2.2149     2.22757   0.0208177
           9     2.19592     2.22405   0.0186932
          10     2.37927     2.23957   0.0228138
          11     2.24754      2.2403   0.0206485
          12     2.27131     2.24288   0.0190258
          13     2.31069      2.2481   0.0182618
          14     2.38171     2.25764   0.0194148
          15     2.26898      2.2584     0.01809
          16     2.25884     2.25843   0.0169217
          17     2.24991     2.25793    0.015903
          18      2.3153     2.26111   0.0153286
          19     2.30834      2.2636   0.0147109
          20     2.21226     2.26103   0.0141901
           1      2.1611      2.1611           0
           2     2.39578     2.27844    0.117343
           3     2.33784     2.29824   0.0705818
           4     2.24078     2.28387   0.0519348
           5     2.25988     2.27908   0.0405137
           6     2.32153     2.28615   0.0338275
           7     2.40442     2.30305   0.0332087
           8     2.25604     2.29717   0.0293537
           9     2.26032     2.29308   0.0262094
          10     2.36265     2.30003   0.0244531
          11     2.36734     2.30615   0.0229494
          12     2.30039     2.30567   0.0209553
          13     2.35055     2.30913   0.0195828
          14     2.42612     2.31748   0.0199633
          15     2.26968     2.31429   0.0188562
          16     2.33194      2.3154   0.0176728
          17     2.31051     2.31511   0.0166031
          18     2.40496      2.3201   0.0164303
          19     2.39818     2.32421   0.0160756
          20     2.28776     2.32239   0.0153592
           1      2.0688      2.0688           0
           2      2.1519     2.11035    0.041548
           3     2.14653     2.12241   0.0268492
           4     2.10299     2.11756   0.0195959
           5     2.12366     2.11878   0.0152279
           6     2.07528     2.11153   0.0143927
           7     2.17621     2.12077    0.015276
           8     2.07861      2.1155   0.0142405
           9     2.09771     2.11352   0.0127134
          10     2.23227      2.1254   0.0164411
          11     2.08346     2.12158   0.0153525
          12      2.1274     2.12207   0.0140232
          13     2.18642     2.12702   0.0138166
          14     2.18765     2.13135   0.0135048
          15     2.12655     2.13103   0.0125764
          16     2.07635     2.12761   0.0122505
          17     2.11517     2.12688   0.0115306
          18     2.20933     2.13146   0.0117968
          19     2.18773     2.13442   0.0115449
          20     2.11164     2.13328   0.0110115
           1     2.07399     2.07399           0
           2      2.2099     2.14194   0.0679554
           3     2.20613     2.16334   0.0446894
           4      2.1424      2.1581   0.0320308
           5     2.14512     2.15551   0.0249464
           6      2.1606     2.15636   0.0203863
           7     2.29209     2.17575   0.0259389
           8     2.11384     2.16801   0.0237592
           9     2.12498     2.16323   0.0214922
          10     2.22882     2.16979   0.0203116
          11     2.19315     2.17191   0.0184949
          12     2.17065     2.17181   0.0168837
          13     2.24387     2.17735   0.0164905
          14     2.20546     2.17936   0.0153988
          15     2.14486     2.17706   0.0145188
          16     2.15987     2.17598   0.0136235
          17     2.15107     2.17452   0.0128807
          18     2.24494     2.17843   0.0127586
          19     2.30761     2.18523   0.0138517
          20     2.16118     2.18403   0.0131958
           1     1.97076     1.97076           0
           2     2.04438     2.00757   0.0368082
           3     2.03292     2.01602   0.0228693
           4     2.05702     2.02627   0.0191459
           5     2.06123     2.03326   0.0163956
           6     1.93357     2.01665   0.0213379
           7     2.06699     2.02384   0.0194151
           8     1.95972     2.01582   0.0186262
           9     1.97446     2.01123   0.0170576
          10     2.07906     2.01801   0.0166966
          11     1.98353     2.01488   0.0154245
          12     2.00057     2.01368    0.014131
          13      2.0867      2.0193   0.0141602
          14     2.05595     2.02192   0.0133686
          15     2.04001     2.02312   0.0125038
          16     1.98533     2.02076   0.0119325
          17     2.04708     2.02231    0.011315
          18     2.08024     2.02553   0.0111428
          19     2.08198      2.0285   0.0109508
          20     1.99255      2.0267   0.0105432
           1     1.99698     1.99698           0
           2     2.08265     2.03981   0.0428385
           3     2.11065     2.06343   0.0341953
           4     2.05434     2.06116   0.0242861
           5     2.04637      2.0582   0.0190428
           6     2.03597      2.0545   0.0159836
           7     2.17798     2.07214   0.0222187
           8     1.98256     2.06094   0.0222628
           9     2.03266      2.0578   0.0198837
          10     2.11963     2.06398   0.0188289
          11     2.06424       2.064   0.0170314
          12     2.06308     2.06393   0.0155476
          13     2.16775     2.07191   0.0163807
          14     2.09417      2.0735   0.0152487
          15     2.04375     2.07152   0.0143337
          16     2.05305     2.07036   0.0134575
          17     2.04079     2.06863   0.0127603
          18       2.128     2.07192   0.0124745
          19     2.14532     2.07579    0.012416
          20     2.04723     2.07436    0.011865
           1     1.85653     1.85653           0
           2     1.91557     1.88605   0.0295177
           3      1.9126      1.8949   0.0192027
           4     1.95381     1.90963   0.0200325
           5     1.96318     1.92034   0.0188551
           6     1.84756     1.90821   0.0195998
           7     1.97818      1.9182   0.0193476
           8     1.86331     1.91134   0.0181061
           9     1.84671     1.90416   0.0175084
          10     1.99804     1.91355   0.0182585
          11     1.88379     1.91084   0.0167356
          12       1.904     1.91027   0.0152881
          13     1.97455     1.91522   0.0149068
          14      1.9573     1.91822   0.0141246
          15     1.92979     1.91899   0.0131719
          16     1.88005     1.91656   0.0125593
          17     1.94499     1.91823   0.0119154
          18     1.99289     1.92238   0.0119751
          19     1.96503     1.92463   0.0115476
          20     1.86978     1.92188   0.0112931
           1     1.87726     1.87726           0
           2     1.97984     1.92855   0.0512908
           3     1.98374     1.94694   0.0348613
           4     1.96877      1.9524   0.0252471
           5     1.96967     1.95585    0.019859
           6     1.92312      1.9504    0.017108
           7     2.06034      1.9661   0.0213481
           8      1.8522     1.95187   0.0233348
           9     1.90954     1.94716     0.02111
          10     1.98273     1.95072   0.0192134
          11     1.96976     1.95245   0.0174651
          12     1.92462     1.95013   0.0161112
          13     2.04186     1.95719   0.0164141
          14     1.97381     1.95837   0.0152428
          15      1.9363      1.9569   0.0142664
          16     1.91065     1.95401   0.0136544
          17     1.97411     1.95519   0.0128805
          18     1.96709     1.95586   0.0121618
          19     2.02317      1.9594   0.0120371
          20     1.90705     1.95678   0.0117155
           1     1.76516     1.76516           0
           2     1.86658     1.81587   0.0507121
           3      1.8292     1.82031   0.0296141
           4     1.83223     1.82329   0.0211511
           5     1.86156     1.83094    0.018083
           6     1.79388     1.82477   0.0160048
           7     1.88806     1.83381   0.0162706
           8     1.75435     1.82388   0.0172397
           9     1.73834     1.81437   0.0179304
          10      1.8826      1.8212   0.0174284
          11     1.78796     1.81817   0.0160515
          12      1.7755     1.81462   0.0150784
          13     1.89192     1.82056   0.0150911
          14     1.86471     1.82372   0.0143231
          15     1.83355     1.82437   0.0133501
          16     1.75205     1.81985   0.0132809
          17     1.83506     1.82075   0.0125072
          18     1.87308     1.82365    0.012145
          19     1.85929     1.82553   0.0116402
          20     1.78153     1.82333   0.0112598
           1     1.76062     1.76062           0
           2     1.89747     1.82904   0.0684231
           3     1.89219     1.85009   0.0447627
           4     1.84431     1.84865   0.0316849
           5     1.86621     1.85216    0.024793
           6      1.8455     1.85105   0.0202738
           7     1.93433     1.86295   0.0208599
           8      1.7918     1.85405   0.0201356
           9     1.80078     1.84813   0.0187184
          10     1.86614     1.84994   0.0168388
          11     1.86493      1.8513   0.0152922
          12     1.85235     1.85139   0.0139601
          13     1.92479     1.85703   0.0140278
          14     1.88336     1.85891   0.0131227
          15     1.82787     1.85684   0.0123907
          16     1.79501     1.85298   0.0122177
          17     1.90443     1.85601   0.0118689
          18     1.86701     1.85662   0.0112067
          19      1.9198     1.85994   0.0111098
          20     1.79181     1.85654   0.0110766
           1     1.67394     1.67394           0
           2     1.80952     1.74173    0.067792
           3     1.74106     1.74151   0.0391404
           4     1.73611     1.74016   0.0277092
           5     1.75744     1.74361     0.02174
           6     1.73859     1.74278   0.0177704
           7      1.7807     1.74819   0.0159659
           8     1.66861     1.73825   0.0170335
           9     1.64713     1.72812   0.0181151
          10     1.79336     1.73465   0.0174666
          11     1.73008     1.73423   0.0158045
          12     1.72328     1.73332   0.0144563
          13     1.77515     1.73654   0.0136817
          14      1.7521     1.73765   0.0127155
          15     1.76445     1.73944   0.0119716
          16     1.68559     1.73607   0.0116932
          17     1.78633     1.73903   0.0113747
          18     1.74426     1.73932   0.0107281
          19     1.77371     1.74113   0.0103079
          20     1.70605     1.73937  0.00993499
           1     1.69021     1.69021           0
           2     1.81055     1.75038   0.0601673
           3     1.78051     1.76042   0.0361608
           4     1.77354      1.7637   0.0257789
           5     1.77423     1.76581   0.0200789
           6     1.77731     1.76772    0.016506
           7     1.87142     1.78254   0.0203479
           8     1.68879     1.77082   0.0211627
           9     1.67894     1.76061   0.0212734
          10     1.79122     1.76367   0.0192722
          11     1.78694     1.76579   0.0175602
          12     1.74415     1.76398   0.0161313
          13     1.84461     1.77019   0.0160827
          14     1.75855     1.76935   0.0149128
          15     1.75779     1.76858   0.0139045
          16     1.73554     1.76652   0.0131694
          17      1.8073     1.76892   0.0126009
          18      1.7642     1.76866   0.0118832
          19     1.81304     1.77099   0.0114805
          20     1.73724      1.7693   0.0110213
           1     1.60599     1.60599           0
           2     1.71861      1.6623   0.0563121
           3      1.6608      1.6618   0.0325156
           4     1.68785     1.66831   0.0238966
           5     1.69742     1.67413   0.0194039
           6     1.64727     1.66966   0.0164637
           7     1.71163     1.67565   0.0151513
           8     1.60493     1.66681   0.0158217
           9     1.57642     1.65677   0.0171924
          10     1.69582     1.66067   0.0158656
          11     1.65564     1.66022   0.0143582
          12      1.6368     1.65826   0.0132517
          13     1.71253     1.66244   0.0128846
          14      1.6563       1.662   0.0119369
          15     1.69244     1.66403   0.0112965
          16     1.61776     1.66114   0.0109555
          17      1.7053     1.66374   0.0106137
          18     1.66277     1.66368   0.0100069
          19     1.70464     1.66584  0.00970794
          20     1.62545     1.66382  0.00942858
           1     1.63023     1.63023           0
           2      1.7284     1.67932   0.0490847
           3     1.70885     1.68916   0.0299998
           4     1.68551     1.68825   0.0212327
           5     1.72239     1.69508   0.0178076
           6     1.69636     1.69529   0.0145414
           7     1.77979     1.70736   0.0172266
           8     1.63594     1.69843   0.0173862
           9     1.62183     1.68992   0.0175374
          10     1.71781     1.69271   0.0159319
          11     1.69982     1.69336   0.0144255
          12     1.67456     1.69179   0.0132614
          13     1.72459     1.69431   0.0124569
          14     1.68226     1.69345   0.0115649
          15     1.70528     1.69424   0.0107952
          16     1.65221     1.69161    0.010434
          17     1.73607     1.69423   0.0101439
          18     1.65651     1.69213  0.00979057
          19     1.72282     1.69375  0.00940069
          20     1.62661     1.69039  0.00952919
           1     1.54618     1.54618           0
           2     1.63527     1.59073   0.0445439
           3     1.60582     1.59576   0.0262048
           4     1.57569     1.59074    0.019197
           5     1.62285     1.59716   0.0161975
           6     1.58199     1.59463   0.0134648
           7     1.61948     1.59818   0.0119207
           8     1.53252     1.58998   0.0131893
           9     1.50498     1.58053   0.0149833
          10      1.5987     1.58235   0.0135241
          11     1.58299     1.58241   0.0122332
          12     1.56466     1.58093   0.0112648
          13      1.6333     1.58496   0.0111176
          14     1.60737     1.58656   0.0104167
          15      1.6108     1.58817  0.00983117
          16     1.56192     1.58653   0.0093414
          17     1.64033      1.5897  0.00932782
          18     1.59884      1.5902  0.00880902
          19      1.6265     1.59211  0.00854862
          20     1.55611     1.59031  0.00830731
           1     1.55605     1.55605           0
           2     1.65633     1.60619   0.0501387
           3     1.64203     1.61813   0.0313161
           4     1.60448     1.61472   0.0224053
           5     1.63908     1.61959   0.0180258
           6     1.62837     1.62106   0.0147906
           7     1.67371     1.62858   0.0145892
           8     1.56292     1.62037   0.0150662
           9     1.55823     1.61347   0.0149739
          10     1.63211     1.61533   0.0135222
          11     1.63674     1.61728   0.0123851
          12     1.60197       1.616   0.0113778
          13     1.65196     1.61877   0.0108254
          14     1.63501     1.61993   0.0100893
          15     1.61607     1.61967  0.00939615
          16     1.60265     1.61861  0.00885344
          17     1.68846     1.62271  0.00927598
          18     1.59771     1.62133  0.00885511
          19     1.65393     1.62304   0.0085501
          20     1.56382     1.62008  0.00863488
           1     1.49806     1.49806           0
           2     1.55611     1.52708   0.0290255
           3     1.55477     1.53631   0.0191306
           4     1.51246     1.53035   0.0147831
           5     1.54606     1.53349   0.0118742
           6     1.53673     1.53403  0.00971023
           7     1.53853     1.53467  0.00823177
           8     1.45188     1.52433   0.0125669
           9     1.42272     1.51304   0.0158206
          10     1.53249     1.51498   0.0142834
          11     1.52152     1.51558   0.0129335
          12     1.48557     1.51308   0.0120686
          13     1.56656     1.51719   0.0118395
          14     1.53544     1.51849   0.0110385
          15     1.53549     1.51963   0.0103386
          16     1.51147     1.51912  0.00968425
          17     1.56561     1.52185  0.00949898
          18     1.53592     1.52263  0.00898976
          19       1.562     1.52471  0.00875229
          20     1.49681     1.52331  0.00841951
           1     1.48694     1.48694           0
           2     1.59519     1.54107   0.0541231
           3     1.57589     1.55267   0.0333344
           4     1.53043     1.54711   0.0242181
           5     1.56853      1.5514    0.019242
           6      1.5734     1.55506   0.0161334
           7     1.59754     1.56113   0.0149246
           8     1.49324     1.55264   0.0154621
           9     1.47513     1.54403   0.0161288
          10     1.53386     1.54301   0.0144618
          11     1.57396     1.54583   0.0133802
          12     1.52386       1.544   0.0123508
          13     1.58549     1.54719   0.0118009
          14     1.56562     1.54851   0.0110046
          15     1.54323     1.54815   0.0102507
          16     1.52842     1.54692  0.00966765
          17     1.58664     1.54926  0.00937693
          18     1.52797     1.54807  0.00891944
          19     1.59432     1.55051  0.00878099
          20     1.51308     1.54864  0.00853797
           1     1.42506     1.42506           0
           2     1.50158     1.46332   0.0382611
           3     1.48059     1.46908   0.0228284
           4     1.44674     1.46349   0.0170811
           5     1.47733     1.46626   0.0135172
           6     1.47554     1.46781   0.0111446
           7     1.47529     1.46887  0.00947935
           8     1.39934     1.46018   0.0119555
           9     1.37362     1.45056   0.0142712
          10     1.47125     1.45263   0.0129311
          11     1.44908     1.45231   0.0117011
          12     1.45063     1.45217   0.0106825
          13     1.48535     1.45472   0.0101526
          14     1.47446     1.45613  0.00950462
          15     1.47739     1.45755  0.00896106
          16     1.44626     1.45684  0.00841194
          17      1.5148     1.46025  0.00860562
          18      1.4688     1.46073  0.00812733
          19     1.48116      1.4618  0.00776254
          20     1.42477     1.45995  0.00759337
           1     1.43022     1.43022           0
           2      1.5224     1.47631   0.0460884
           3     1.50369     1.48544   0.0281308
           4     1.46578     1.48052   0.0204896
           5     1.49523     1.48346   0.0161413
           6      1.5016     1.48649   0.0135213
           7     1.53444     1.49334   0.0133239
           8     1.41788     1.48391    0.014903
           9     1.40801     1.47547   0.0156158
          10      1.4853     1.47646   0.0140018
          11     1.48937     1.47763   0.0127194
          12     1.47279     1.47723   0.0116182
          13     1.51662     1.48026   0.0111084
          14     1.48703     1.48074   0.0102957
          15     1.47948     1.48066  0.00958519
          16     1.45533     1.47907  0.00910483
          17     1.53437     1.48233  0.00915004
          18     1.47967     1.48218  0.00862801
          19     1.51147     1.48372  0.00830562
          20     1.44867     1.48197    0.008072
           1     1.38431     1.38431           0
           2     1.44944     1.41688    0.032563
           3     1.41686     1.41687   0.0188002
           4     1.38047     1.40777   0.0161101
           5     1.41612     1.40944   0.0125901
           6     1.41245     1.40994    0.010292
           7     1.41664      1.4109  0.00875079
           8     1.34932      1.4032   0.0108016
           9     1.32331     1.39433   0.0130212
          10     1.41136     1.39603   0.0117704
          11     1.39748     1.39616   0.0106476
          12     1.40179     1.39663  0.00973115
          13     1.42641     1.39892  0.00923985
          14     1.39669     1.39876  0.00855592
          15     1.41033     1.39953  0.00800235
          16     1.38195     1.39843  0.00756572
          17     1.44409     1.40112  0.00759725
          18     1.41595     1.40194  0.00720997
          19     1.42838     1.40333  0.00696046
          20     1.38247     1.40229  0.00668517
           1     1.37791     1.37791           0
           2     1.44575     1.41183   0.0339235
           3     1.45061     1.42476   0.0234674
           4     1.39548     1.41744   0.0181368
           5     1.42885     1.41972   0.0142331
           6     1.44704     1.42427   0.0124813
           7     1.46955     1.43074    0.012374
           8     1.38533     1.42506    0.012127
           9     1.35671     1.41747   0.0131173
          10     1.43056     1.41878   0.0118053
          11     1.43513     1.42027   0.0107812
          12     1.42588     1.42073  0.00985301
          13      1.4615     1.42387  0.00959049
          14     1.41966     1.42357  0.00888417
          15     1.41128     1.42275  0.00831118
          16     1.40217     1.42146  0.00788007
          17     1.45829     1.42363   0.0077125
          18     1.40509      1.4226  0.00734399
          19      1.4547     1.42429  0.00714925
          20     1.39427     1.42279  0.00694649
           1      1.3232      1.3232           0
           2     1.37598     1.34959     0.02639
           3     1.36022     1.35314   0.0156429
           4     1.32906     1.34712   0.0125925
           5     1.34664     1.34702  0.00975454
           6     1.34747      1.3471  0.00796489
           7      1.3579     1.34864   0.0069063
           8     1.31022     1.34384  0.00767096
           9     1.28929     1.33778  0.00908323
          10      1.3657     1.34057  0.00859087
          11     1.32651     1.33929  0.00787512
          12     1.35815     1.34086  0.00735869
          13     1.36109     1.34242  0.00694556
          14     1.32319     1.34105  0.00657537
          15     1.35979      1.3423  0.00624755
          16     1.32132     1.34098  0.00598934
          17      1.3948     1.34415  0.00645536
          18     1.35364     1.34468  0.00610899
          19     1.36184     1.34558  0.00584873
          20      1.3292     1.34476  0.00560872
           1     1.32171     1.32171           0
           2     1.39986     1.36078    0.039076
           3     1.39007     1.37055   0.0245823
           4      1.3443     1.36398   0.0185799
           5     1.37041     1.36527   0.0144492
           6     1.38312     1.36824   0.0121671
           7     1.39513     1.37209    0.010977
           8     1.33688     1.36768   0.0104755
           9     1.31313     1.36162   0.0110497
          10     1.39055     1.36452   0.0102979
          11     1.37543     1.36551  0.00936747
          12     1.36691     1.36562  0.00855209
          13     1.39442     1.36784  0.00817276
          14      1.3345     1.36546  0.00793249
          15     1.34568     1.36414  0.00750154
          16     1.35685     1.36368  0.00703183
          17     1.40484      1.3661  0.00703494
          18     1.35111     1.36527   0.0066847
          19      1.3812     1.36611  0.00637845
          20     1.33351     1.36448   0.0062668
