           1    0.342237    0.342237           0
           2    0.271826    0.307031   0.0352053
           3    0.278249    0.297437   0.0224763
           4    0.271579    0.290973   0.0171576
           5    0.248248    0.282428   0.0158002
           6    0.277693    0.281639   0.0129249
           7    0.192943    0.268968   0.0167294
           8    0.240868    0.265455   0.0149077
           9    0.319803    0.271494   0.0144678
          10     0.25853    0.270198   0.0130052
          11    0.293543     0.27232   0.0119536
          12    0.165359    0.263407   0.0140898
          13     0.16774    0.256048   0.0149042
          14    0.248496    0.255508   0.0138092
          15    0.217877    0.252999   0.0130981
          16    0.124709    0.244981   0.0146426
          17    0.156769    0.239792   0.0147006
          18     0.29342    0.242772   0.0141765
          19     0.15495    0.238149   0.0141839
          20    0.212025    0.236843   0.0135192
           1    0.117163    0.117163           0
           2    0.124844    0.121003   0.0038407
           3    0.121089    0.121032  0.00221762
           4   0.0718014    0.108724   0.0124072
           5    0.126232    0.112226   0.0102285
           6    0.188565    0.124949   0.0152193
           7   0.0888185    0.119787   0.0138596
           8    0.120833    0.119918   0.0120035
           9    0.108863     0.11869   0.0106571
          10    0.132133    0.120034  0.00962632
          11    0.177344    0.125244    0.010147
          12    0.118218    0.124659   0.0092814
          13   0.0998573    0.122751   0.0087482
          14    0.177224    0.126642   0.0089854
          15    0.148931    0.128128   0.0084959
          16    0.133864    0.128486  0.00795527
          17    0.140786     0.12921  0.00750762
          18     0.16185    0.131023  0.00730684
          19   0.0811939      0.1284  0.00739242
          20   0.0626621    0.125114  0.00774512
           1    0.345721    0.345721           0
           2    0.295863    0.320792   0.0249294
           3    0.266405    0.302663   0.0231478
           4    0.289781    0.299442   0.0166818
           5    0.261199    0.291794   0.0150157
           6     0.27479     0.28896   0.0125836
           7    0.400851    0.304944   0.0191992
           8    0.248484    0.297887   0.0180628
           9    0.354525     0.30418   0.0171279
          10    0.315127    0.305274   0.0153587
          11    0.401215    0.313996   0.0164034
          12    0.223352    0.306443   0.0167716
          13    0.236971    0.301099   0.0163269
          14    0.263005    0.298378   0.0153588
          15    0.287664    0.297663    0.014316
          16    0.252796    0.294859   0.0136819
          17    0.253115    0.292404   0.0130844
          18    0.301727    0.292922   0.0123469
          19    0.235904    0.289921   0.0120584
          20    0.282104     0.28953   0.0114463
           1     0.14814     0.14814           0
           2    0.159095    0.153618   0.0054775
           3    0.152114    0.153116  0.00320188
           4    0.177037    0.159097  0.00639443
           5    0.207974    0.168872   0.0109586
           6    0.213371    0.176288   0.0116217
           7    0.168656    0.175198  0.00988251
           8    0.168518    0.174363  0.00859914
           9    0.146829    0.171304  0.00817756
          10     0.18396    0.172569  0.00742294
          11    0.257497     0.18029   0.0102318
          12    0.196684    0.181656  0.00943973
          13    0.204135    0.183385  0.00885377
          14     0.19091    0.183923   0.0082146
          15    0.206487    0.185427  0.00779392
          16    0.177229    0.184915  0.00730853
          17    0.142093    0.182396  0.00731268
          18    0.193792    0.183029  0.00692347
          19    0.174431    0.182576  0.00656456
          20    0.137459    0.180321  0.00662367
           1    0.376706    0.376706           0
           2    0.321702    0.349204   0.0275018
           3    0.294102    0.330837   0.0242791
           4    0.379818    0.343082   0.0210875
           5    0.334131    0.341292   0.0164321
           6    0.361255    0.344619   0.0138232
           7    0.382252    0.349995   0.0128603
           8     0.32234    0.346538   0.0116615
           9     0.35229    0.347177   0.0103043
          10     0.38563    0.351023  0.00998647
          11    0.371967    0.352927  0.00923159
          12    0.289519    0.347643  0.00994681
          13    0.276712    0.342186   0.0106531
          14    0.316047    0.340319    0.010038
          15    0.384279     0.34325  0.00979364
          16    0.333358    0.342632  0.00918195
          17    0.330401    0.341912  0.00865489
          18    0.266315    0.337712   0.0091773
          19    0.300878    0.335774  0.00889469
          20    0.335131    0.335742  0.00843831
           1    0.238298    0.238298           0
           2    0.198837    0.218568   0.0197306
           3    0.208854     0.21533   0.0118427
           4    0.215859    0.215462  0.00837511
           5    0.253581    0.223086   0.0100103
           6    0.295877    0.235218   0.0146283
           7    0.303774    0.245011   0.0157723
           8    0.246334    0.245177   0.0136602
           9    0.209253    0.241185   0.0126912
          10    0.234239    0.240491   0.0113726
          11    0.255978    0.241898   0.0103828
          12     0.21181    0.239391  0.00980418
          13    0.264598     0.24133  0.00922462
          14     0.26825    0.243253  0.00875413
          15    0.287264    0.246187  0.00866173
          16    0.208233    0.243815  0.00844241
          17    0.232396    0.243143  0.00795867
          18    0.196853    0.240571  0.00793197
          19    0.234788    0.240267  0.00750906
          20    0.174709    0.236989  0.00784169
           1    0.401902    0.401902           0
           2    0.349635    0.375769   0.0261337
           3    0.337521    0.363019   0.0197534
           4    0.419437    0.377124   0.0198502
           5    0.360734    0.373846   0.0157214
           6    0.385902    0.375855   0.0129928
           7    0.383986    0.377017   0.0110422
           8    0.371846     0.37637  0.00958463
           9    0.381091    0.376895  0.00846911
          10    0.425873    0.381793   0.0090205
          11    0.394417     0.38294  0.00823966
          12    0.335585    0.378994  0.00849411
          13    0.330918    0.375296  0.00864443
          14    0.353889    0.373767  0.00814795
          15    0.387856    0.374706  0.00764327
          16    0.388364     0.37556   0.0072004
          17    0.353338    0.374253  0.00688876
          18    0.381561    0.374659  0.00650746
          19    0.363407    0.374066  0.00618387
          20    0.316017    0.371164  0.00654527
           1    0.320403    0.320403           0
           2    0.248956    0.284679   0.0357235
           3     0.26317     0.27751   0.0218356
           4    0.300219    0.283187   0.0164508
           5    0.272954     0.28114    0.012906
           6     0.30875    0.285742   0.0114987
           7    0.330761    0.292173   0.0116535
           8     0.27943     0.29058   0.0102171
           9    0.280043     0.28941  0.00908642
          10    0.292811     0.28975  0.00813425
          11    0.325179    0.292971  0.00803179
          12    0.274122      0.2914  0.00749835
          13    0.311586    0.292953   0.0070701
          14      0.3052    0.293827  0.00660385
          15    0.341395    0.296999  0.00691753
          16    0.293763    0.296796  0.00647392
          17    0.290783    0.296443  0.00609146
          18    0.270168    0.294983  0.00592569
          19    0.255703    0.292916  0.00597424
          20    0.217165    0.289128  0.00681674
           1    0.421019    0.421019           0
           2    0.389315    0.405167   0.0158522
           3     0.36184    0.390725   0.0170982
           4    0.398693    0.392717   0.0122532
           5    0.395238    0.393221  0.00950471
           6    0.388698    0.392467  0.00779709
           7    0.398864    0.393381   0.0066528
           8     0.38952    0.392898  0.00578167
           9    0.429609    0.396977  0.00652969
          10    0.404704     0.39775  0.00589123
          11     0.39363    0.397375  0.00534196
          12    0.355969    0.393925  0.00597382
          13    0.395375    0.394036  0.00549625
          14    0.417721    0.395728  0.00536239
          15    0.422344    0.397503  0.00529809
          16    0.395615    0.397385  0.00495731
          17    0.408696     0.39805  0.00470388
          18    0.361909    0.396042  0.00486821
          19    0.392295    0.395845  0.00460909
          20    0.350159    0.393561  0.00493328
           1    0.361135    0.361135           0
           2    0.320464      0.3408   0.0203355
           3    0.321805    0.334468   0.0133391
           4    0.360054    0.340865   0.0113965
           5    0.330616    0.338815  0.00906252
           6    0.344899    0.339829  0.00746867
           7    0.354053    0.341861  0.00663119
           8    0.311509    0.338067  0.00688288
           9    0.356305    0.340093  0.00639945
          10    0.336539    0.339738  0.00573487
          11    0.372846    0.342748  0.00599732
          12     0.31735    0.340631  0.00586965
          13    0.327451    0.339617  0.00549366
          14    0.328299    0.338809     0.00515
          15    0.363124     0.34043    0.005061
          16    0.321078     0.33922  0.00488619
          17    0.331629    0.338774  0.00461145
          18    0.324871    0.338001   0.0044158
          19    0.311244    0.336593  0.00440794
          20    0.290756    0.334301  0.00476859
           1    0.400499    0.400499           0
           2    0.406771    0.403635  0.00313605
           3    0.386171    0.397814  0.00609655
           4    0.426054    0.404874  0.00827218
           5    0.418623    0.407624  0.00697275
           6    0.400679    0.406466  0.00580968
           7    0.435371    0.410596  0.00641561
           8    0.406291    0.410058  0.00558207
           9    0.440451    0.413435  0.00596988
          10    0.411595    0.413251  0.00534279
          11    0.419639    0.413831   0.0048675
          12    0.375082    0.410602  0.00549281
          13    0.428944    0.412013  0.00524595
          14    0.440896    0.414076  0.00527681
          15    0.432279     0.41529   0.0050601
          16    0.439827    0.416823  0.00497554
          17    0.418504    0.416922  0.00467475
          18    0.377351    0.414724  0.00492525
          19    0.415873    0.414784  0.00465921
          20     0.36957    0.412524  0.00496471
           1    0.350952    0.350952           0
           2     0.37782    0.364386   0.0134336
           3    0.334077    0.354283   0.0127368
           4    0.371038    0.358472  0.00993273
           5    0.368823    0.360542  0.00796753
           6    0.383522    0.364372  0.00754917
           7    0.379028    0.366466  0.00671496
           8    0.377102    0.367795  0.00596537
           9    0.376847    0.368801  0.00535625
          10    0.357235    0.367644  0.00492841
          11    0.399057      0.3705  0.00529412
          12    0.365076    0.370048  0.00485394
          13     0.35942    0.369231  0.00453921
          14    0.366026    0.369002  0.00420872
          15    0.394271    0.370686  0.00426491
          16    0.361688    0.370124   0.0040289
          17    0.357309     0.36937  0.00385885
          18    0.356664    0.368664    0.003706
          19    0.366302     0.36854  0.00350773
          20    0.338865    0.367056  0.00364351
           1    0.425774    0.425774           0
           2    0.435867     0.43082  0.00504667
           3    0.418002    0.426548  0.00517172
           4    0.421785    0.425357  0.00384593
           5    0.422287    0.424743  0.00304165
           6    0.426302    0.425003  0.00249705
           7    0.427384    0.425343  0.00213763
           8    0.419696    0.424637  0.00198126
           9    0.452655     0.42775  0.00356992
          10    0.429177    0.427893  0.00319622
          11    0.420145    0.427188  0.00297565
          12     0.40221    0.425107  0.00342222
          13    0.433367    0.425742  0.00321147
          14      0.4481    0.427339  0.00337499
          15    0.427436    0.427346  0.00314195
          16    0.453413    0.428975  0.00336039
          17    0.435788    0.429376  0.00318187
          18    0.396056    0.427525  0.00352505
          19     0.43613    0.427977  0.00336499
          20    0.420013    0.427579  0.00321705
           1    0.399114    0.399114           0
           2    0.418246     0.40868  0.00956609
           3    0.381206    0.399522   0.0106944
           4    0.400954     0.39988  0.00757052
           5    0.391958    0.398296  0.00607435
           6    0.396812    0.398048  0.00496585
           7    0.403021    0.398759   0.0042566
           8    0.382291      0.3967  0.00422209
           9    0.388152     0.39575  0.00384275
          10    0.383546     0.39453  0.00364729
          11     0.41107    0.396034  0.00362561
          12    0.393487    0.395822  0.00331651
          13    0.390552    0.395416  0.00307756
          14    0.386289    0.394764   0.0029229
          15    0.410922    0.395841  0.00292652
          16    0.388487    0.395382  0.00277583
          17    0.403283    0.395846  0.00264854
          18    0.391032    0.395579  0.00251135
          19    0.392921    0.395439  0.00237962
          20    0.381878    0.394761  0.00235714
           1    0.424795    0.424795           0
           2    0.439595    0.432195  0.00740002
           3    0.446452    0.436948  0.00639042
           4     0.44564    0.439121  0.00501405
           5    0.435099    0.438316  0.00396627
           6    0.437104    0.438114  0.00324474
           7    0.430875     0.43708  0.00293082
           8     0.42503    0.435574  0.00295149
           9    0.445291    0.436654  0.00281803
          10    0.433933    0.436382  0.00253516
          11    0.421703    0.435047  0.00265313
          12    0.411745    0.433105  0.00310432
          13    0.433093    0.433104  0.00285556
          14    0.436568    0.433352  0.00265529
          15    0.435752    0.433512  0.00247711
          16    0.453637     0.43477  0.00263652
          17    0.439479    0.435047  0.00249203
          18    0.419076    0.434159  0.00251145
          19    0.443549    0.434654  0.00242645
          20     0.43223    0.434532  0.00230512
           1     0.40257     0.40257           0
           2    0.428404    0.415487    0.012917
           3    0.409462    0.413479   0.0077234
           4    0.427813    0.417062  0.00653197
           5    0.422016    0.418053  0.00515572
           6    0.416221    0.417748  0.00422069
           7    0.404498    0.415855  0.00403821
           8    0.396601    0.413448  0.00424532
           9    0.412482    0.413341  0.00374556
          10    0.425336     0.41454   0.0035584
          11    0.425576    0.415543  0.00337142
          12    0.404979    0.414663   0.0032011
          13    0.414482    0.414649  0.00294462
          14     0.41406    0.414607  0.00272651
          15    0.415636    0.414676  0.00253917
          16    0.416302    0.414777  0.00237735
          17    0.409913    0.414491  0.00225139
          18    0.407393    0.414097  0.00215895
          19    0.421298    0.414476  0.00207704
          20    0.391224    0.413313  0.00228786
           1    0.437394    0.437394           0
           2    0.440405    0.438899  0.00150526
           3    0.448936    0.442245  0.00345661
           4    0.432694    0.439857  0.00341699
           5    0.442375    0.440361  0.00269426
           6    0.445979    0.441297  0.00239083
           7    0.435232     0.44043  0.00219853
           8    0.429339    0.439044   0.0023553
           9     0.44455    0.439656   0.0021654
          10    0.438474    0.439538  0.00194039
          11    0.428338    0.438519   0.0020291
          12    0.422677    0.437199  0.00227465
          13    0.439554     0.43738  0.00210019
          14    0.440799    0.437625  0.00195967
          15    0.445627    0.438158  0.00190076
          16    0.448605    0.438811   0.0018941
          17    0.455086    0.439768  0.00202041
          18    0.432881    0.439386  0.00194292
          19    0.447985    0.439838  0.00189272
          20    0.436542    0.439673  0.00180314
           1     0.41297     0.41297           0
           2     0.42267     0.41782  0.00485017
           3    0.422334    0.419325  0.00317886
           4    0.424002    0.420494  0.00253373
           5    0.425028    0.421401  0.00216201
           6    0.417553     0.42076  0.00187817
           7    0.420365    0.420703  0.00158835
           8    0.410051    0.419372  0.00191445
           9    0.411531      0.4185  0.00189992
          10    0.426252    0.419275  0.00186777
          11     0.42848    0.420112  0.00188534
          12     0.41745     0.41989  0.00173532
          13    0.416125    0.419601  0.00162233
          14    0.415701    0.419322  0.00152759
          15    0.437673    0.420546  0.00187591
          16    0.432594    0.421299  0.00190951
          17    0.424228    0.421471  0.00180193
          18    0.434306    0.422184  0.00184245
          19    0.426821    0.422428  0.00175979
          20    0.396578    0.421136  0.00211132
           1    0.446785    0.446785           0
           2    0.431215       0.439  0.00778468
           3    0.452878    0.443626  0.00644977
           4    0.432145    0.440756  0.00538876
           5    0.439173    0.440439  0.00418609
           6    0.439802    0.440333  0.00341958
           7     0.43708    0.439868  0.00292719
           8    0.442872    0.440244  0.00256267
           9    0.436617    0.439841  0.00229571
          10    0.439987    0.439855   0.0020534
          11     0.43428    0.439349  0.00192529
          12    0.441652    0.439541  0.00176799
          13    0.448683    0.440244  0.00177185
          14    0.439081    0.440161  0.00164252
          15    0.449604     0.44079  0.00165362
          16    0.446619    0.441155  0.00158913
          17     0.44625    0.441454  0.00152253
          18    0.436432    0.441175  0.00146232
          19    0.442244    0.441231  0.00138436
          20     0.44241     0.44129  0.00131464
           1    0.426859    0.426859           0
           2    0.421911    0.424385  0.00247405
           3    0.436284    0.428352  0.00421575
           4    0.429004    0.428515  0.00298544
           5      0.4364    0.430092  0.00279914
           6    0.425686    0.429358  0.00240055
           7     0.42962    0.429395  0.00202918
           8     0.42728    0.429131  0.00177709
           9    0.424069    0.428568  0.00166512
          10    0.432086     0.42892  0.00153032
          11    0.432112     0.42921  0.00141431
          12    0.430285      0.4293  0.00129418
          13    0.430829    0.429417  0.00119628
          14    0.416898    0.428523  0.00142348
          15    0.439236    0.429237  0.00150538
          16    0.434562     0.42957  0.00144694
          17    0.427302    0.429437   0.0013657
          18    0.436217    0.429813  0.00134156
          19     0.42967    0.429806  0.00126901
          20    0.423548    0.429493  0.00124389
           1    0.448562    0.448562           0
           2    0.425853    0.437208   0.0113545
           3     0.44942    0.441278  0.00771664
           4    0.435193    0.439757   0.0056646
           5    0.438134    0.439433  0.00439977
           6    0.443869    0.440172  0.00366772
           7    0.432913    0.439135  0.00326866
           8    0.434045    0.438499  0.00290136
           9     0.43506    0.438117  0.00258713
          10    0.438815    0.438187  0.00231505
          11    0.428794    0.437333  0.00226144
          12    0.438334    0.437416  0.00206609
          13    0.443952    0.437919   0.0019659
          14    0.438798    0.437982  0.00182116
          15    0.444647    0.438426  0.00175267
          16    0.442876    0.438704   0.0016629
          17    0.436091     0.43855  0.00156957
          18    0.436639    0.438444  0.00148361
          19    0.434544    0.438239  0.00141828
          20    0.435875    0.438121  0.00135068
           1    0.436665    0.436665           0
           2    0.418291    0.427478  0.00918688
           3    0.433175    0.429377  0.00563377
           4    0.431209    0.429835   0.0040099
           5    0.435471    0.430962  0.00330425
           6    0.426546    0.430226   0.0027965
           7    0.430836    0.430313  0.00236508
           8    0.426306    0.429812  0.00210858
           9    0.423961    0.429162  0.00196997
          10    0.427187    0.428965  0.00177303
          11    0.425664    0.428665   0.0016316
          12    0.434234    0.429129  0.00156007
          13    0.436394    0.429688  0.00154002
          14    0.420586    0.429037    0.001567
          15     0.44106    0.429839  0.00166448
          16    0.437746    0.430333  0.00163352
          17    0.429025    0.430256  0.00153635
          18     0.43296    0.430406  0.00145625
          19    0.427145    0.430235  0.00138813
          20    0.427831    0.430115  0.00132237
           1    0.436702    0.436702           0
           2    0.424222    0.430462  0.00623973
           3    0.440433    0.433785  0.00490142
           4    0.435436    0.434198  0.00349031
           5    0.433528    0.434064   0.0027069
           6     0.43627    0.434432  0.00224054
           7     0.42963    0.433746    0.002014
           8    0.430766    0.433373   0.0017835
           9    0.429526    0.432946  0.00162996
          10    0.428658    0.432517  0.00151963
          11    0.426981    0.432014  0.00146379
          12    0.437966     0.43251  0.00142535
          13    0.435123    0.432711  0.00132645
          14    0.429974    0.432515  0.00124352
          15    0.433856    0.432605   0.0011611
          16    0.437059    0.432883  0.00112121
          17    0.437014    0.433126  0.00108087
          18    0.432141    0.433071  0.00102052
          19    0.426097    0.432704  0.00103275
          20    0.431513    0.432645 0.000981563
           1    0.423253    0.423253           0
           2    0.417825    0.420539  0.00271394
           3    0.431362    0.424147  0.00393329
           4    0.434744    0.426796  0.00384112
           5    0.431876    0.427812    0.003144
           6    0.419006    0.426344  0.00295695
           7     0.42307    0.425877  0.00254247
           8    0.426663    0.425975  0.00220403
           9    0.422931    0.425637  0.00197298
          10     0.42644    0.425717  0.00176652
          11    0.422143    0.425392  0.00163057
          12    0.428723     0.42567  0.00151415
          13    0.428701    0.425903   0.0014122
          14    0.417873    0.425329  0.00142773
          15    0.433044    0.425844  0.00142518
          16    0.429041    0.426043  0.00134803
          17    0.425523    0.426013  0.00126662
          18    0.428193    0.426134  0.00120031
          19    0.422271    0.425931  0.00115344
          20    0.423705    0.425819  0.00109989
           1    0.427942    0.427942           0
           2    0.424516    0.426229  0.00171335
           3    0.431508    0.427989  0.00201862
           4    0.434568    0.429634  0.00217779
           5    0.431118     0.42993  0.00171285
           6    0.425434    0.429181  0.00158667
           7    0.426554    0.428806  0.00139251
           8    0.428427    0.428758  0.00120687
           9    0.427821    0.428654  0.00106945
          10    0.423462    0.428135   0.0010884
          11    0.421473    0.427529  0.00115588
          12    0.431763    0.427882  0.00111259
          13    0.426338    0.427763   0.0010303
          14    0.424624    0.427539 0.000979883
          15    0.432488    0.427869 0.000970061
          16    0.426068    0.427757 0.000914362
          17    0.430473    0.427916 0.000873631
          18    0.426244    0.427823 0.000828892
          19    0.427727    0.427818  0.00078407
          20    0.429222    0.427889 0.000747137
           1    0.419962    0.419962           0
           2    0.416792    0.418377  0.00158527
           3    0.423011    0.419921  0.00179544
           4    0.431994    0.422939  0.00327419
           5    0.428947    0.424141  0.00280638
           6    0.418517    0.423204   0.0024757
           7     0.42649    0.423673  0.00214437
           8    0.424553    0.423783  0.00186033
           9    0.425398    0.423962  0.00165044
          10    0.420949    0.423661  0.00150664
          11    0.422691    0.423573  0.00136566
          12    0.426626    0.423827  0.00127236
          13     0.42236    0.423714  0.00117583
          14    0.415732    0.423144   0.0012289
          15    0.426556    0.423372  0.00116643
          16    0.423172    0.423359  0.00109117
          17    0.425315    0.423474  0.00103141
          18    0.422407    0.423415 0.000974228
          19    0.422874    0.423386 0.000921968
          20    0.423966    0.423415 0.000875136
           1    0.421402    0.421402           0
           2    0.412557     0.41698  0.00442249
           3    0.421122    0.418361  0.00290279
           4    0.426515    0.420399  0.00289287
           5    0.422728    0.420865   0.0022887
           6     0.41899    0.420553  0.00189467
           7    0.417025    0.420049  0.00167871
           8    0.416438    0.419597  0.00152224
           9    0.416622    0.419267   0.0013826
          10    0.421731    0.419513  0.00126095
          11    0.417721     0.41935  0.00115215
          12    0.424405    0.419771  0.00113297
          13    0.416634     0.41953  0.00106976
          14    0.417135    0.419359  0.00100507
          15    0.425048    0.419738  0.00100961
          16    0.421512    0.419849 0.000950887
          17    0.422351    0.419996 0.000905249
          18    0.423457    0.420189 0.000874869
          19    0.417746     0.42006 0.000837473
          20    0.424829    0.420299 0.000829514
           1     0.41652     0.41652           0
           2    0.409238    0.412879  0.00364137
           3    0.416397    0.414052  0.00240725
           4    0.426462    0.417154  0.00353887
           5    0.417093    0.417142  0.00274122
           6    0.409944    0.415942   0.0025394
           7    0.415841    0.415928  0.00214623
           8     0.41663    0.416016  0.00186076
           9    0.417008    0.416126  0.00164474
          10    0.415811    0.416094  0.00147144
          11    0.415065    0.416001  0.00133425
          12    0.418335    0.416195  0.00123343
          13    0.415564    0.416147  0.00113563
          14    0.410498    0.415743  0.00112616
          15    0.420774    0.416079  0.00110074
          16    0.416109     0.41608  0.00102965
          17    0.417693    0.416175  0.00097183
          18     0.41942    0.416356 0.000933811
          19    0.415994    0.416337 0.000883501
          20     0.41982    0.416511  0.00085607
           1    0.414517    0.414517           0
           2    0.402361    0.408439  0.00607816
           3      0.4102    0.409026  0.00355798
           4    0.415323      0.4106  0.00296784
           5    0.412161    0.410912  0.00231999
           6    0.405775    0.410056  0.00207877
           7    0.408323    0.409809  0.00177424
           8    0.408801    0.409683  0.00154169
           9    0.407767     0.40947   0.0013762
          10    0.408034    0.409326  0.00123925
          11    0.408712     0.40927  0.00112233
          12    0.416228     0.40985  0.00117722
          13    0.410122    0.409871  0.00108308
          14    0.409345    0.409833  0.00100344
          15    0.417638    0.410354  0.00106929
          16    0.412084    0.410462  0.00100606
          17    0.413555    0.410644 0.000962387
          18    0.416448    0.410966 0.000962944
          19    0.409711      0.4109 0.000913246
          20     0.41455    0.411083 0.000885391
           1    0.409228    0.409228           0
           2     0.39785    0.403539  0.00568904
           3    0.404925    0.404001  0.00331687
           4    0.417651    0.407414  0.00414086
           5    0.407032    0.407337  0.00320841
           6    0.401827    0.406419  0.00277597
           7    0.407596    0.406587  0.00235214
           8    0.405752    0.406483  0.00203969
           9    0.408418    0.406698  0.00181164
          10    0.408516    0.406879  0.00163055
          11     0.40963     0.40713  0.00149594
          12     0.41322    0.407637  0.00145688
          13    0.409544    0.407784  0.00134814
          14    0.406749     0.40771  0.00125032
          15    0.413956    0.408126  0.00123623
          16    0.410851    0.408297  0.00116886
          17    0.408583    0.408314  0.00109808
          18    0.415058    0.408688  0.00110099
          19    0.408964    0.408703  0.00104154
          20    0.416527    0.409094  0.00106271
           1    0.399837    0.399837           0
           2    0.394067    0.396952  0.00288521
           3    0.399341    0.397748  0.00184631
           4    0.405824    0.399767  0.00240417
           5    0.402376    0.400289  0.00193397
           6    0.394892    0.399389   0.0018173
           7    0.399027    0.399338  0.00153677
           8    0.399675     0.39938  0.00133155
           9    0.400748    0.399532  0.00118412
          10    0.401315     0.39971  0.00107401
          11    0.401446    0.399868 0.000984219
          12    0.406568    0.400426  0.00105781
          13    0.403466     0.40066  0.00100075
          14    0.400232     0.40063 0.000927016
          15    0.408456    0.401151  0.00100848
          16    0.402941    0.401263 0.000949953
          17    0.401739    0.401291 0.000892765
          18    0.405995    0.401553 0.000881334
          19    0.403486    0.401654 0.000839847
          20     0.40531    0.401837  0.00081745
           1    0.398011    0.398011           0
           2    0.393002    0.395507  0.00250485
           3    0.398009    0.396341  0.00166952
           4    0.407496     0.39913  0.00302847
           5    0.399706    0.399245  0.00234868
           6    0.393765    0.398332  0.00212411
           7    0.398291    0.398326  0.00179521
           8    0.397418    0.398212  0.00155883
           9    0.399626    0.398369   0.0013837
          10    0.400593    0.398592  0.00125743
          11    0.402586    0.398955  0.00119394
          12    0.405377     0.39949  0.00121421
          13    0.401552    0.399649  0.00112812
          14    0.399444    0.399634  0.00104453
          15    0.405671    0.400037  0.00105241
          16    0.402745    0.400206 0.000998883
          17    0.399805    0.400182 0.000938582
          18    0.404901    0.400444 0.000922926
          19    0.400989    0.400473 0.000873471
          20    0.404612     0.40068 0.000854101
           1    0.389286    0.389286           0
           2    0.386193    0.387739  0.00154679
           3    0.391447    0.388975  0.00152468
           4     0.39565    0.390644  0.00198666
           5    0.393721    0.391259  0.00165737
           6    0.386861    0.390526  0.00153908
           7    0.389351    0.390358  0.00131155
           8    0.388333    0.390105  0.00116369
           9    0.392055    0.390322   0.0010489
          10    0.394558    0.390745  0.00102935
          11    0.391705    0.390833 0.000935159
          12    0.396173    0.391278 0.000962703
          13    0.392994     0.39141  0.00089535
          14    0.389157    0.391249 0.000844409
          15    0.397885    0.391691 0.000902056
          16    0.393399    0.391798 0.000850522
          17    0.394208     0.39194 0.000811411
          18    0.396842    0.392212 0.000812032
          19     0.39521     0.39237 0.000784139
          20    0.394833    0.392493 0.000754026
           1    0.386218    0.386218           0
           2    0.385909    0.386064 0.000154898
           3    0.390327    0.387485   0.0014238
           4    0.395672    0.389531  0.00228102
           5    0.392753    0.390176  0.00188068
           6     0.38698    0.389643  0.00162531
           7    0.390132    0.389713  0.00137542
           8     0.38566    0.389206  0.00129441
           9     0.39207    0.389525  0.00118508
          10    0.392312    0.389803  0.00109601
          11    0.390541     0.38987  0.00099364
          12    0.394562    0.390261 0.000987726
          13    0.393041    0.390475 0.000933405
          14    0.388948    0.390366 0.000871024
          15    0.396882      0.3908 0.000919895
          16    0.393506     0.39097 0.000876943
          17     0.39305    0.391092 0.000832788
          18    0.396215    0.391377 0.000835149
          19    0.393134    0.391469 0.000795371
          20    0.394025    0.391597 0.000765298
           1    0.381266    0.381266           0
           2    0.379396    0.380331 0.000935095
           3    0.383983    0.381548  0.00133155
           4     0.38511    0.382439  0.00129594
           5    0.384252    0.382802  0.00106733
           6    0.379193      0.3822  0.00105888
           7    0.380353    0.381936 0.000933009
           8    0.379896    0.381681 0.000847305
           9    0.381503    0.381661 0.000747515
          10    0.383621    0.381857 0.000696714
          11    0.380133    0.381701 0.000649405
          12     0.38606    0.382064 0.000695274
          13    0.383494    0.382174 0.000648955
          14    0.383343    0.382257 0.000606587
          15    0.387511    0.382608 0.000664501
          16    0.383284     0.38265 0.000623018
          17    0.384261    0.382745 0.000592845
          18    0.384749    0.382856 0.000569921
          19    0.385329    0.382986 0.000554581
          20    0.385623    0.383118 0.000542391
           1    0.380222    0.380222           0
           2    0.377991    0.379107  0.00111583
           3     0.38254    0.380251  0.00131348
           4    0.385125     0.38147  0.00153217
           5    0.381461    0.381468  0.00118681
           6    0.378166    0.380918  0.00111441
           7    0.381548    0.381008 0.000946146
           8    0.378345    0.380675 0.000884398
           9     0.38052    0.380658 0.000780156
          10    0.382923    0.380884 0.000733647
          11    0.379257    0.380736 0.000679901
          12    0.385337     0.38112 0.000729542
          13    0.383163    0.381277 0.000689234
          14     0.38263    0.381374 0.000645381
          15    0.385514     0.38165 0.000661188
          16    0.384412    0.381822 0.000642124
          17    0.381993    0.381832 0.000603254
          18    0.385681    0.382046 0.000607627
          19    0.383208    0.382107 0.000578004
          20    0.384627    0.382233 0.000562634
           1     0.37189     0.37189           0
           2    0.370682    0.371286 0.000603728
           3    0.373226    0.371933 0.000734684
           4    0.373967    0.372441 0.000726936
           5    0.375876    0.373128 0.000888192
           6    0.370527    0.372695 0.000844877
           7    0.369434    0.372229 0.000852566
           8     0.37076    0.372045 0.000760837
           9     0.37141    0.371975 0.000674695
          10    0.372446    0.372022 0.000605306
          11      0.3725    0.372065 0.000549246
          12    0.373234    0.372163 0.000510761
          13    0.370682    0.372049 0.000483435
          14    0.371998    0.372045 0.000447589
          15    0.377871    0.372434 0.000569629
          16     0.37206     0.37241 0.000533351
          17    0.371162    0.372337 0.000506344
          18    0.374737     0.37247 0.000495661
          19    0.373797     0.37254 0.000474021
          20    0.374128    0.372619 0.000456656
           1    0.371034    0.371034           0
           2    0.370005     0.37052 0.000514397
           3    0.372747    0.371262 0.000799726
           4    0.376239    0.372506  0.00136655
           5    0.374132    0.372832  0.00110734
           6    0.369775    0.372322  0.00103775
           7    0.369995     0.37199 0.000937955
           8    0.370755    0.371835 0.000826823
           9    0.370142    0.371647 0.000753088
          10    0.371859    0.371668 0.000673916
          11    0.370698     0.37158 0.000615932
          12    0.373475    0.371738  0.00058402
          13     0.37061    0.371651 0.000544184
          14    0.371736    0.371657 0.000503853
          15    0.375524    0.371915  0.00053523
          16    0.373965    0.372043 0.000516789
          17    0.371835    0.372031 0.000485594
          18    0.375686    0.372234 0.000500828
          19    0.371283    0.372184 0.000476371
          20     0.37314    0.372232 0.000454444
           1    0.362614    0.362614           0
           2    0.358929    0.360772  0.00184241
           3    0.362948    0.361497  0.00128753
           4    0.361889    0.361595 0.000915675
           5    0.364303    0.362137 0.000892384
           6    0.358872    0.361592 0.000909358
           7    0.358765    0.361188 0.000868243
           8    0.361262    0.361198 0.000751977
           9     0.36154    0.361236 0.000664272
          10    0.362188    0.361331 0.000601718
          11    0.363636    0.361541 0.000583231
          12    0.364069    0.361751 0.000572588
          13    0.360486    0.361654 0.000535625
          14     0.36169    0.361656 0.000495899
          15    0.365944    0.361942 0.000542991
          16     0.36102    0.361885  0.00051118
          17     0.36169    0.361873 0.000480307
          18     0.36535    0.362066 0.000492321
          19    0.364296    0.362184 0.000480243
          20    0.364919     0.36232 0.000475681
           1     0.36224     0.36224           0
           2    0.359292    0.360766  0.00147428
           3    0.361577    0.361036 0.000893074
           4    0.364113    0.361806 0.000995212
           5      0.3638    0.362204 0.000867973
           6    0.359136    0.361693 0.000873917
           7    0.359492    0.361379 0.000802734
           8    0.362091    0.361468 0.000700863
           9     0.36012    0.361318 0.000635977
          10    0.361906    0.361377 0.000571868
          11    0.361798    0.361415 0.000518687
          12    0.362853    0.361535 0.000488415
          13    0.359764    0.361399 0.000469473
          14    0.361865    0.361432 0.000435925
          15    0.364321    0.361625 0.000449219
          16    0.361407    0.361611 0.000420426
          17    0.362003    0.361634 0.000395594
          18    0.364294    0.361782 0.000401173
          19    0.362019    0.361794 0.000379677
          20    0.365059    0.361957 0.000395449
           1    0.352111    0.352111           0
           2    0.348806    0.350458  0.00165256
           3    0.353338    0.351418  0.00135354
           4    0.352359    0.351654 0.000985578
           5    0.352562    0.351835 0.000784736
           6    0.348733    0.351318 0.000823288
           7    0.349995    0.351129 0.000721026
           8    0.351516    0.351177 0.000626292
           9    0.350965    0.351154  0.00055284
          10    0.352143    0.351253  0.00050428
          11     0.35356    0.351463 0.000502057
          12    0.354062    0.351679 0.000506926
          13    0.350323    0.351575 0.000477832
          14    0.350625    0.351507 0.000447563
          15    0.354739    0.351722 0.000469074
          16     0.35069    0.351658 0.000443496
          17    0.353332    0.351756 0.000428071
          18    0.354928    0.351933 0.000440368
          19    0.352869    0.351982 0.000419449
          20    0.355409    0.352153 0.000433245
           1    0.351953    0.351953           0
           2    0.349706    0.350829  0.00112365
           3    0.352943    0.351534 0.000957736
           4    0.353637     0.35206 0.000857367
           5    0.352441    0.352136 0.000668478
           6    0.348959    0.351607 0.000760439
           7    0.349615    0.351322 0.000702831
           8    0.351256    0.351314 0.000608725
           9    0.351046    0.351284  0.00053767
          10    0.351763    0.351332 0.000483284
          11    0.351262    0.351326 0.000437193
          12    0.353096    0.351473 0.000425505
          13    0.349917    0.351353 0.000409312
          14    0.350954    0.351325 0.000380023
          15    0.353307    0.351457 0.000377653
          16    0.351879    0.351483 0.000354246
          17    0.353723    0.351615  0.00035788
          18    0.353971    0.351746  0.00036191
          19    0.351414    0.351729 0.000342778
          20    0.354435    0.351864 0.000352229
           1    0.343123    0.343123           0
           2    0.339616    0.341369  0.00175371
           3    0.343195    0.341978  0.00118137
           4    0.342653    0.342147 0.000852222
           5    0.342689    0.342255 0.000668979
           6    0.339555    0.341805 0.000707736
           7    0.340925    0.341679 0.000611225
           8    0.341922     0.34171 0.000530208
           9    0.340567    0.341583 0.000484516
          10    0.341354     0.34156 0.000433967
          11    0.342592    0.341654 0.000403604
          12    0.343761    0.341829 0.000408155
          13    0.340155    0.341701 0.000396916
          14    0.341384    0.341678 0.000368166
          15    0.343737    0.341815 0.000369213
          16    0.341632    0.341804 0.000345556
          17    0.343478    0.341902 0.000339209
          18    0.345593    0.342107 0.000379894
          19    0.342858    0.342147 0.000361508
          20    0.344639    0.342271 0.000364891
           1     0.34311     0.34311           0
           2    0.340722    0.341916  0.00119405
           3    0.342876    0.342236 0.000760126
           4    0.343037    0.342436 0.000573607
           5     0.34334    0.342617 0.000479664
           6    0.339321    0.342068 0.000674721
           7    0.341165    0.341939 0.000584639
           8    0.341895    0.341933 0.000506342
           9    0.340972    0.341826 0.000459152
          10    0.342091    0.341853 0.000411531
          11    0.340338    0.341715 0.000396894
          12    0.343169    0.341836 0.000382045
          13    0.340052    0.341699 0.000377277
          14    0.341634    0.341694 0.000349322
          15    0.343266    0.341799 0.000341659
          16     0.34236    0.341834 0.000321509
          17    0.344006    0.341962 0.000327913
          18     0.34429    0.342091 0.000335132
          19    0.342071     0.34209 0.000317005
          20    0.344847    0.342228 0.000330811
           1    0.332944    0.332944           0
           2    0.329532    0.331238  0.00170611
           3    0.332399    0.331625  0.00105827
           4    0.332605     0.33187  0.00078738
           5    0.332193    0.331935 0.000613306
           6    0.330999    0.331779 0.000524501
           7    0.331289    0.331709 0.000448767
           8    0.330619    0.331572 0.000411844
           9    0.330786    0.331485  0.00037357
          10    0.331345    0.331471 0.000334425
          11    0.332343     0.33155 0.000312717
          12    0.332405    0.331622  0.00029421
          13    0.329857    0.331486 0.000302755
          14    0.332249     0.33154 0.000285542
          15    0.333589    0.331677 0.000298868
          16    0.331373    0.331658 0.000280211
          17    0.332605    0.331714 0.000269043
          18       0.334    0.331841 0.000283687
          19    0.332009    0.331849 0.000268487
          20    0.334577    0.331986 0.000288919
           1    0.333392    0.333392           0
           2    0.330208      0.3318    0.001592
           3    0.332253    0.331951 0.000931418
           4    0.332457    0.332078 0.000670657
           5    0.332355    0.332133 0.000522439
           6    0.330425    0.331849 0.000512804
           7    0.330804    0.331699 0.000458347
           8    0.331144     0.33163 0.000402961
           9     0.33086    0.331544 0.000365537
          10    0.331217    0.331512 0.000328586
          11    0.330948     0.33146 0.000301598
          12    0.332486    0.331546 0.000288288
          13    0.330356    0.331454 0.000280549
          14    0.331737    0.331474 0.000260519
          15    0.333657     0.33162 0.000282833
          16    0.332688    0.331687 0.000272861
          17    0.332785    0.331751 0.000264329
          18    0.332932    0.331817 0.000257701
          19    0.331306     0.33179 0.000245242
          20    0.334151    0.331908 0.000260895
           1    0.322642    0.322642           0
           2     0.32095    0.321796 0.000845885
           3    0.323369    0.322321 0.000716581
           4    0.322549    0.322378 0.000509911
           5    0.322575    0.322417  0.00039694
           6    0.321525    0.322269 0.000356556
           7    0.321681    0.322185 0.000312829
           8    0.321059    0.322044 0.000305263
           9    0.320681    0.321892 0.000308904
          10    0.321851    0.321888 0.000276322
          11    0.321194    0.321825 0.000257792
          12    0.322177    0.321855 0.000237152
          13     0.32025    0.321731 0.000250651
          14    0.322658    0.321797  0.00024131
          15    0.323637     0.32192 0.000255955
          16    0.321448     0.32189 0.000241236
          17    0.322627    0.321934 0.000230703
          18    0.323859    0.322041 0.000242376
          19    0.321696    0.322023  0.00022998
          20    0.323375     0.32209 0.000228411
           1    0.323031    0.323031           0
           2    0.321382    0.322207 0.000824598
           3    0.323194    0.322536 0.000578756
           4    0.322263    0.322468 0.000414888
           5     0.32191    0.322356 0.000340164
           6    0.321728    0.322252 0.000296795
           7    0.321421    0.322133 0.000277463
           8    0.322075    0.322126 0.000240398
           9    0.321047    0.322006 0.000243562
          10    0.321607    0.321966 0.000221474
          11    0.321983    0.321968 0.000200337
          12    0.322286    0.321994 0.000184799
          13    0.320594    0.321886 0.000201233
          14    0.322765    0.321949 0.000196586
          15    0.323772    0.322071 0.000219692
          16    0.323543    0.322163 0.000225153
          17    0.323105    0.322218 0.000218645
          18    0.323147     0.32227 0.000212497
          19    0.321408    0.322224 0.000206057
          20    0.323949    0.322311 0.000213665
           1     0.31231     0.31231           0
           2    0.310956    0.311633 0.000676739
           3     0.31253    0.311932 0.000492004
           4     0.31309    0.312222 0.000452559
           5    0.312521    0.312281 0.000355615
           6    0.311293    0.312117 0.000333847
           7    0.311658    0.312051 0.000289667
           8    0.311758    0.312014 0.000253511
           9    0.311201    0.311924 0.000241133
          10    0.311033    0.311835 0.000233351
          11    0.312315    0.311879 0.000215529
          12    0.311706    0.311864 0.000197277
          13    0.310879    0.311788 0.000196647
          14    0.311984    0.311802 0.000182594
          15    0.313544    0.311918 0.000205842
          16    0.311422    0.311887 0.000195027
          17    0.312836    0.311943 0.000191511
          18    0.313443    0.312027 0.000198863
          19    0.312037    0.312027 0.000188107
          20    0.313658    0.312109 0.000196206
           1    0.312993    0.312993           0
           2     0.31173    0.312361 0.000631484
           3    0.312459    0.312394 0.000366046
           4    0.312709    0.312473 0.000270568
           5    0.312065    0.312391 0.000224891
           6    0.311372    0.312221 0.000250186
           7    0.311871    0.312171 0.000217282
           8     0.31197    0.312146 0.000189838
           9    0.311236    0.312045 0.000195596
          10    0.312065    0.312047 0.000174958
          11    0.312205    0.312061 0.000158906
          12     0.31205     0.31206 0.000145064
          13    0.311258    0.311999 0.000147014
          14     0.31189    0.311991 0.000136329
          15    0.314059    0.312129  0.00018741
          16    0.312412    0.312146 0.000176195
          17    0.313486    0.312225 0.000183317
          18    0.312767    0.312255 0.000175438
          19    0.311574     0.31222 0.000169773
          20    0.313494    0.312283 0.000173204
           1    0.303069    0.303069           0
           2    0.301717    0.302393 0.000676179
           3    0.303261    0.302682 0.000485852
           4    0.303452    0.302875  0.00039378
           5    0.303634    0.303027 0.000340769
           6    0.301386    0.302753  0.00039014
           7    0.302476    0.302713 0.000332092
           8    0.302391    0.302673 0.000290405
           9    0.302351    0.302637   0.0002586
          10    0.301336    0.302507 0.000265381
          11    0.303941    0.302638 0.000273144
          12    0.302686    0.302642 0.000249378
          13    0.302106      0.3026 0.000233071
          14    0.302387    0.302585  0.00021632
          15    0.303785    0.302665 0.000216698
          16    0.302775    0.302672 0.000202818
          17    0.303768    0.302737  0.00020112
          18    0.303594    0.302784 0.000195514
          19    0.302998    0.302795 0.000185279
          20    0.303772    0.302844 0.000182429
           1    0.303694    0.303694           0
           2    0.302069    0.302882 0.000812227
           3     0.30318    0.302981 0.000479393
           4    0.304299    0.303311 0.000472742
           5    0.303261    0.303301 0.000366318
           6     0.30161    0.303019 0.000410954
           7    0.302074    0.302884  0.00037264
           8    0.302755    0.302868  0.00032312
           9    0.302025    0.302774 0.000299949
          10    0.302607    0.302758 0.000268801
          11    0.303133    0.302792 0.000245518
          12    0.302935    0.302804 0.000224444
          13    0.302111     0.30275 0.000213221
          14    0.302557    0.302737 0.000197884
          15    0.303835     0.30281 0.000198249
          16    0.303985    0.302883 0.000199473
          17    0.304111    0.302955 0.000200814
          18    0.303367    0.302978 0.000190702
          19    0.303095    0.302984 0.000180492
          20    0.303761    0.303023  0.00017558
           1    0.293656    0.293656           0
           2    0.292328    0.292992  0.00066418
           3    0.294161    0.293382 0.000546724
           4    0.294682    0.293707 0.000505046
           5    0.294029    0.293771 0.000396474
           6    0.291653    0.293418 0.000478958
           7    0.292702    0.293316 0.000417519
           8    0.293929    0.293392 0.000369629
           9    0.293354    0.293388  0.00032601
          10    0.292407     0.29329 0.000307663
          11    0.294252    0.293377 0.000291709
          12    0.293279    0.293369 0.000266419
          13    0.292315    0.293288 0.000258132
          14     0.29325    0.293285    0.000239
          15    0.293664    0.293311 0.000223926
          16    0.293635    0.293331 0.000210445
          17    0.294393    0.293393 0.000207306
          18    0.293582    0.293404 0.000195729
          19    0.293619    0.293415 0.000185487
          20    0.294442    0.293467 0.000183306
           1      0.2947      0.2947           0
           2    0.292885    0.293792 0.000907164
           3    0.294342    0.293975 0.000554822
           4    0.294731    0.294164 0.000435425
           5    0.293412    0.294014 0.000369316
           6    0.291816    0.293648 0.000474417
           7    0.292926    0.293545  0.00041398
           8    0.294043    0.293607  0.00036388
           9    0.293088    0.293549  0.00032604
          10    0.292782    0.293473  0.00030155
          11    0.294722    0.293586  0.00029548
          12    0.293982    0.293619 0.000271744
          13    0.292686    0.293547 0.000260063
          14    0.293992    0.293579 0.000242857
          15    0.293929    0.293602 0.000227288
          16    0.293733    0.293611 0.000212764
          17      0.2945    0.293663 0.000206595
          18    0.293787     0.29367 0.000194902
          19    0.293253    0.293648 0.000185658
          20     0.29471    0.293701 0.000183959
           1    0.284389    0.284389           0
           2    0.284029    0.284209 0.000180058
           3    0.284984    0.284467 0.000278573
           4    0.285624    0.284757 0.000349982
           5    0.285131    0.284832 0.000281241
           6    0.282883    0.284507 0.000397674
           7      0.2838    0.284406 0.000350931
           8    0.284791    0.284454 0.000307707
           9    0.284776     0.28449 0.000273715
          10    0.282599    0.284301 0.000309314
          11    0.285609     0.28442 0.000304018
          12    0.285081    0.284475 0.000282944
          13    0.283148    0.284373 0.000279568
          14    0.284296    0.284367 0.000258888
          15    0.284617    0.284384 0.000241587
          16    0.284625    0.284399 0.000226485
          17    0.284745    0.284419 0.000213716
          18    0.284915    0.284447 0.000203365
          19    0.283913    0.284419 0.000194408
          20    0.285998    0.284498 0.000200624
           1    0.284668    0.284668           0
           2    0.284253    0.284461 0.000207872
           3    0.285703    0.284875 0.000431041
           4    0.286237    0.285215 0.000457013
           5    0.285083    0.285189 0.000354986
           6     0.28277    0.284786 0.000496475
           7    0.283527    0.284606 0.000456492
           8    0.284662    0.284613 0.000395396
           9    0.284761    0.284629 0.000349095
          10    0.283256    0.284492 0.000341122
          11    0.285395    0.284574 0.000319289
          12    0.285397    0.284643 0.000299428
          13    0.283455    0.284551  0.00029018
          14    0.284779    0.284568 0.000269146
          15    0.285162    0.284607 0.000253672
          16    0.285404    0.284657 0.000242456
          17    0.284919    0.284672  0.00022827
          18    0.284976    0.284689 0.000215877
          19      0.2839    0.284648 0.000208383
          20    0.285945    0.284713 0.000208064
           1    0.276094    0.276094           0
           2     0.27533    0.275712 0.000381547
           3    0.276494    0.275973 0.000341298
           4    0.276959    0.276219 0.000344978
           5    0.276912    0.276358 0.000301001
           6    0.274234    0.276004 0.000430879
           7    0.274638    0.275809 0.000413158
           8     0.27587    0.275816 0.000357886
           9    0.275305    0.275759 0.000320696
          10    0.274041    0.275588 0.000334357
          11    0.276653    0.275685 0.000317556
          12    0.276411    0.275745 0.000296144
          13    0.274921    0.275682 0.000279694
          14    0.275602    0.275676 0.000259009
          15    0.276198    0.275711 0.000243625
          16    0.275609    0.275704 0.000227979
          17     0.27614     0.27573  0.00021568
          18    0.275971    0.275743 0.000203784
          19    0.274997    0.275704 0.000196723
          20    0.276811     0.27576 0.000194662
           1    0.276377    0.276377           0
           2     0.27519    0.275784 0.000593276
           3    0.276719    0.276095 0.000463126
           4     0.27769    0.276494 0.000515959
           5    0.276789    0.276553 0.000403986
           6    0.274187    0.276159 0.000514139
           7    0.274774    0.275961 0.000477457
           8    0.276395    0.276015 0.000417043
           9    0.275547    0.275963 0.000371457
          10    0.274938    0.275861 0.000347683
          11    0.276598    0.275928  0.00032155
          12    0.276953    0.276013 0.000305709
          13    0.275256    0.275955 0.000287171
          14    0.275869    0.275949  0.00026594
          15    0.276605    0.275992  0.00025142
          16    0.276604    0.276031 0.000238272
          17    0.276705     0.27607 0.000227303
          18    0.276142    0.276074 0.000214341
          19    0.275471    0.276043 0.000205218
          20    0.277317    0.276106 0.000204847
           1    0.267349    0.267349           0
           2    0.266555    0.266952 0.000397243
           3    0.267501    0.267135 0.000293425
           4    0.268453    0.267464 0.000389507
           5    0.268198    0.267611 0.000335487
           6    0.266056    0.267352 0.000377093
           7    0.266256    0.267195 0.000355064
           8    0.267021    0.267174 0.000308263
           9    0.267157    0.267172 0.000271869
          10    0.265567    0.267011 0.000291351
          11    0.267851    0.267088 0.000274378
          12    0.267902    0.267156 0.000259499
          13    0.266443    0.267101  0.00024492
          14    0.267042    0.267096 0.000226791
          15     0.26742    0.267118 0.000212229
          16    0.267315     0.26713 0.000198904
          17    0.267858    0.267173 0.000191679
          18    0.267278    0.267179 0.000180811
          19    0.266917    0.267165 0.000171587
          20    0.268467     0.26723 0.000175309
           1    0.267836    0.267836           0
           2    0.266803    0.267319  0.00051656
           3    0.267847    0.267495 0.000346214
           4    0.268595     0.26777 0.000368212
           5    0.268073    0.267831 0.000291576
           6    0.266033    0.267531 0.000382667
           7     0.26634    0.267361 0.000365464
           8    0.267361    0.267361 0.000316501
           9    0.266942    0.267314 0.000282976
          10    0.266438    0.267227 0.000267842
          11    0.267705     0.26727 0.000246145
          12    0.268479    0.267371 0.000246236
          13    0.266511    0.267305 0.000235965
          14    0.267713    0.267334 0.000220395
          15    0.267862    0.267369 0.000208175
          16    0.267955    0.267406 0.000198145
          17    0.267792    0.267429 0.000187509
          18    0.267441    0.267429 0.000176786
          19     0.26692    0.267402  0.00016936
          20    0.268309    0.267448 0.000166944
           1     0.25922     0.25922           0
           2    0.258349    0.258785 0.000435744
           3    0.258875    0.258815 0.000253389
           4    0.260088    0.259133 0.000365317
           5    0.259849    0.259276 0.000317105
           6    0.258196    0.259096 0.000315331
           7    0.258069     0.25895 0.000304226
           8    0.259201    0.258981  0.00026534
           9     0.25866    0.258945 0.000236714
          10    0.257665    0.258817 0.000247426
          11    0.259344    0.258865 0.000228862
          12    0.259442    0.258913 0.000214373
          13    0.258203    0.258859 0.000204628
          14    0.259198    0.258883 0.000190995
          15    0.258958    0.258888 0.000177877
          16    0.259521    0.258927 0.000171024
          17     0.25983    0.258981 0.000169193
          18    0.259347    0.259001  0.00016081
          19    0.258926    0.258997 0.000152162
          20    0.260321    0.259063 0.000158817
           1    0.259346    0.259346           0
           2    0.258565    0.258956  0.00039023
           3    0.259053    0.258988 0.000227637
           4    0.260228    0.259298 0.000349296
           5      0.2597    0.259379 0.000282245
           6    0.258403    0.259216 0.000282001
           7    0.258292    0.259084 0.000272465
           8    0.259494    0.259135 0.000241472
           9    0.258714    0.259089 0.000218033
          10    0.258115    0.258991 0.000217979
          11    0.259425    0.259031 0.000201083
          12    0.260033    0.259114 0.000201692
          13    0.258466    0.259064 0.000192117
          14    0.259162    0.259071 0.000178003
          15    0.259476    0.259098 0.000167888
          16    0.259923     0.25915 0.000165292
          17    0.259771    0.259186 0.000159501
          18    0.259271    0.259191 0.000150453
          19    0.259096    0.259186 0.000142403
          20    0.260074     0.25923 0.000142212
           1    0.251108    0.251108           0
           2    0.250333    0.250721 0.000387457
           3    0.250915    0.250785 0.000232928
           4    0.251906    0.251066 0.000325059
           5    0.251511    0.251155 0.000267048
           6    0.250342    0.251019 0.000256687
           7    0.250059    0.250882 0.000256656
           8    0.251357    0.250941 0.000230053
           9    0.250868    0.250933 0.000203053
          10    0.249994    0.250839 0.000204481
          11    0.251321    0.250883 0.000190079
          12    0.251555    0.250939 0.000182326
          13    0.250262    0.250887 0.000175624
          14    0.250767    0.250878 0.000162822
          15    0.251191    0.250899 0.000153004
          16    0.251001    0.250906 0.000143264
          17    0.251525    0.250942 0.000139424
          18    0.251241    0.250959 0.000132497
          19    0.250895    0.250955 0.000125375
          20    0.252413    0.251028 0.000139505
           1    0.251502    0.251502           0
           2    0.250407    0.250954 0.000547326
           3    0.250832    0.250914 0.000318618
           4    0.252083    0.251206 0.000369088
           5     0.25142    0.251249 0.000289092
           6    0.250521    0.251128 0.000265361
           7    0.250142    0.250987 0.000264822
           8     0.25163    0.251067 0.000243045
           9     0.25082     0.25104 0.000216103
          10    0.250679    0.251004 0.000196625
          11    0.251329    0.251033 0.000180299
          12    0.251943    0.251109 0.000181223
          13    0.250432    0.251057 0.000174653
          14    0.251139    0.251063 0.000161803
          15    0.251481    0.251091 0.000153183
          16    0.251583    0.251122 0.000146556
          17    0.251675    0.251154 0.000141469
          18    0.251222    0.251158 0.000133432
          19    0.251084    0.251154 0.000126274
          20    0.252153    0.251204  0.00012979
           1    0.243657    0.243657           0
           2    0.242667    0.243162 0.000495108
           3    0.243429    0.243251 0.000299372
           4    0.244919    0.243668 0.000467526
           5    0.243482    0.243631 0.000364051
           6    0.242868    0.243504 0.000323269
           7    0.242496     0.24336 0.000308793
           8    0.243746    0.243408 0.000271752
           9    0.243228    0.243388 0.000240493
          10    0.242634    0.243313 0.000227957
          11    0.243933    0.243369 0.000213754
          12    0.243766    0.243402 0.000197911
          13    0.243201    0.243387 0.000182711
          14    0.243267    0.243378 0.000169371
          15    0.243435    0.243382 0.000157721
          16    0.243746    0.243405 0.000149283
          17    0.243788    0.243427 0.000142028
          18    0.243621    0.243438 0.000134338
          19    0.243078    0.243419 0.000128478
          20    0.244908    0.243493 0.000142811
           1    0.244065    0.244065           0
           2    0.242875     0.24347 0.000594757
           3    0.243665    0.243535 0.000349465
           4    0.244947    0.243888 0.000430933
           5    0.243506    0.243812 0.000342418
           6     0.24304    0.243683 0.000307768
           7    0.242828    0.243561 0.000287354
           8    0.243821    0.243594 0.000250968
           9    0.243122    0.243541 0.000227457
          10    0.243372    0.243524 0.000204142
          11    0.244001    0.243568 0.000189679
          12     0.24421    0.243621 0.000181235
          13    0.243214     0.24359 0.000169629
          14    0.243442    0.243579 0.000157403
          15    0.243956    0.243604 0.000148674
          16     0.24423    0.243643 0.000144457
          17    0.243901    0.243659  0.00013654
          18    0.243479    0.243649 0.000129117
          19    0.243071    0.243618 0.000125856
          20    0.244935    0.243684 0.000136353
           1    0.235829    0.235829           0
           2     0.23531     0.23557 0.000259493
           3     0.23602     0.23572 0.000212105
           4    0.237325    0.236121 0.000428322
           5    0.236044    0.236106 0.000332138
           6    0.235071    0.235933 0.000321352
           7    0.235142     0.23582 0.000294165
           8    0.236148    0.235861 0.000258033
           9    0.235816    0.235856 0.000227618
          10    0.235339    0.235805 0.000210052
          11    0.236143    0.235835 0.000192475
          12     0.23619    0.235865 0.000178174
          13    0.235848    0.235864 0.000163902
          14     0.23547    0.235836 0.000154321
          15    0.235578    0.235818 0.000144688
          16    0.236464    0.235859 0.000141232
          17    0.236446    0.235893 0.000137086
          18     0.23589    0.235893 0.000129247
          19    0.235213    0.235857 0.000127384
          20    0.237499    0.235939 0.000146076
           1    0.236279    0.236279           0
           2    0.235712    0.235996 0.000283169
           3     0.23635    0.236114 0.000201739
           4    0.237501    0.236461 0.000374968
           5    0.235979    0.236364 0.000305994
           6    0.235196     0.23617 0.000316747
           7    0.235345    0.236052 0.000292441
           8    0.236325    0.236086 0.000255546
           9    0.235877    0.236063 0.000226562
          10    0.235865    0.236043 0.000203607
          11    0.236426    0.236078 0.000187436
          12    0.236613    0.236122 0.000176832
          13    0.235615    0.236083 0.000167283
          14    0.235811    0.236064 0.000156092
          15    0.236202    0.236073 0.000145605
          16    0.236474    0.236098 0.000138491
          17      0.2364    0.236116 0.000131297
          18    0.235923    0.236105 0.000124253
          19    0.235436     0.23607 0.000122693
          20     0.23712    0.236122 0.000127695
           1    0.228782    0.228782           0
           2    0.228459    0.228621 0.000161596
           3    0.229186    0.228809 0.000210252
           4    0.229794    0.229055 0.000287701
           5    0.228765    0.228997 0.000230296
           6    0.228011    0.228833 0.000249715
           7    0.228014    0.228716 0.000241317
           8    0.228942    0.228744 0.000210894
           9    0.228797     0.22875 0.000186083
          10    0.228165    0.228692 0.000176428
          11    0.229009    0.228721 0.000162169
          12    0.228856    0.228732 0.000148471
          13    0.228878    0.228743 0.000137038
          14    0.228291    0.228711 0.000130916
          15    0.228768    0.228715 0.000121935
          16    0.228952    0.228729 0.000115023
          17    0.229228    0.228759 0.000111951
          18    0.228777     0.22876 0.000105553
          19    0.227845    0.228712 0.000110836
          20    0.230247    0.228788  0.00013018
           1    0.228927    0.228927           0
           2    0.228595    0.228761 0.000166326
           3    0.229347    0.228956 0.000217676
           4    0.230065    0.229233 0.000317115
           5    0.228824    0.229152 0.000258934
           6    0.228251    0.229001 0.000259276
           7    0.228234    0.228892 0.000245009
           8    0.229145    0.228923 0.000214523
           9    0.228726    0.228901 0.000190466
          10    0.228906    0.228902 0.000170358
          11    0.229197    0.228929 0.000156408
          12    0.229298     0.22896  0.00014606
          13     0.22894    0.228958 0.000134364
          14    0.228568     0.22893 0.000127474
          15    0.228763    0.228919 0.000119193
          16    0.229396    0.228949 0.000115404
          17    0.229296    0.228969 0.000110312
          18    0.228841    0.228962 0.000104246
          19    0.228365    0.228931   0.0001035
          20    0.230082    0.228988 0.000113825
           1    0.221546    0.221546           0
           2     0.22136    0.221453 9.30271e-05
           3    0.222126    0.221678  0.00023064
           4    0.222897    0.221983 0.000345785
           5     0.22179    0.221944 0.000270593
           6    0.221029    0.221792 0.000268421
           7    0.221127    0.221697 0.000245903
           8    0.221948    0.221728  0.00021526
           9    0.221767    0.221732  0.00018989
          10    0.221425    0.221702 0.000172595
          11    0.222082    0.221736 0.000159904
          12     0.22176    0.221738 0.000145985
          13    0.221746    0.221739 0.000134288
          14    0.221328     0.22171 0.000127749
          15    0.221832    0.221718 0.000119208
          16    0.222001    0.221735 0.000112907
          17     0.22221    0.221763 0.000109663
          18    0.221834    0.221767 0.000103467
          19    0.221132    0.221734 0.000103422
          20    0.223176    0.221806  0.00012175
           1    0.221893    0.221893           0
           2    0.221857    0.221875 1.80085e-05
           3    0.222404    0.222051 0.000176611
           4    0.222839    0.222248  0.00023317
           5    0.221967    0.222192 0.000189144
           6    0.221146    0.222018 0.000232855
           7      0.2214     0.22193 0.000215677
           8    0.222312    0.221977 0.000192809
           9    0.221815    0.221959 0.000170992
          10    0.221929    0.221956  0.00015297
          11    0.222086    0.221968  0.00013887
          12    0.222141    0.221983 0.000127586
          13    0.221876    0.221974 0.000117649
          14     0.22156    0.221945  0.00011288
          15    0.222033    0.221951 0.000105251
          16    0.222009    0.221954 9.85198e-05
          17    0.221936    0.221953 9.25492e-05
          18    0.221868    0.221948 8.73841e-05
          19    0.221282    0.221913 8.97976e-05
          20    0.223069    0.221971 0.000102942
           1    0.214917    0.214917           0
           2       0.215    0.214959 4.16964e-05
           3    0.215618    0.215178 0.000220959
           4    0.216171    0.215427 0.000293279
           5    0.215323    0.215406 0.000228124
           6    0.214563    0.215265 0.000233273
           7    0.214691    0.215183 0.000213557
           8    0.215552    0.215229 0.000190608
           9    0.215379    0.215246 0.000168925
          10    0.214781      0.2152  0.00015809
          11    0.215539     0.21523 0.000146291
          12     0.21527    0.215234 0.000133585
          13    0.215388    0.215246 0.000123454
          14    0.214954    0.215225 0.000116174
          15    0.215305     0.21523 0.000108284
          16    0.215358    0.215238 0.000101603
          17      0.2155    0.215254 9.66722e-05
          18    0.215003     0.21524 9.22026e-05
          19    0.214664    0.215209 9.23196e-05
          20    0.216462    0.215272 0.000107682
           1    0.215353    0.215353           0
           2    0.215157    0.215255 9.80651e-05
           3    0.215666    0.215392 0.000148193
           4    0.216278    0.215614 0.000245138
           5    0.215445     0.21558 0.000192861
           6    0.214443     0.21539 0.000246345
           7    0.214892    0.215319 0.000220044
           8    0.215655    0.215361 0.000195136
           9    0.215361    0.215361 0.000172094
          10    0.215416    0.215367 0.000154024
          11    0.215632    0.215391 0.000141395
          12    0.215642    0.215412 0.000130768
          13    0.215358    0.215408 0.000120361
          14    0.214956    0.215375 0.000116005
          15    0.215502    0.215384 0.000108326
          16    0.215484     0.21539 0.000101522
          17     0.21575    0.215411  9.7686e-05
          18    0.215083    0.215393 9.38911e-05
          19    0.214813    0.215362 9.39043e-05
          20     0.21665    0.215427 0.000109916
           1    0.208602    0.208602           0
           2    0.208475    0.208538 6.31287e-05
           3    0.209043    0.208707 0.000172249
           4    0.209644    0.208941 0.000264052
           5     0.20887    0.208927 0.000205024
           6    0.208056    0.208782 0.000221534
           7    0.208129    0.208688  0.00020917
           8    0.208864     0.20871  0.00018247
           9    0.208796     0.20872 0.000161203
          10     0.20845    0.208693 0.000146682
          11    0.208969    0.208718 0.000135034
          12    0.208496      0.2087 0.000124651
          13    0.208866    0.208712 0.000115375
          14    0.208593    0.208704 0.000107155
          15    0.208717    0.208705 9.97595e-05
          16    0.208897    0.208717 9.40868e-05
          17    0.208707    0.208716  8.8381e-05
          18    0.208533    0.208706 8.39441e-05
          19    0.208204     0.20868 8.36894e-05
          20    0.209959    0.208744  0.00010197
           1    0.208821    0.208821           0
           2    0.208655    0.208738 8.31328e-05
           3    0.209245    0.208907   0.0001755
           4    0.209877     0.20915 0.000272432
           5    0.208997    0.209119 0.000213226
           6    0.208095    0.208948 0.000243795
           7    0.208294    0.208855 0.000226246
           8    0.209166    0.208894 0.000199762
           9    0.208806    0.208884 0.000176441
          10    0.208832    0.208879   0.0001579
          11    0.209083    0.208897 0.000144024
          12    0.208938    0.208901 0.000131519
          13    0.208887      0.2089 0.000120985
          14    0.208427    0.208866 0.000116988
          15    0.208923     0.20887 0.000108976
          16    0.209161    0.208888 0.000103545
          17    0.208745     0.20888 9.76252e-05
          18    0.208606    0.208864 9.32884e-05
          19    0.208505    0.208845  9.0245e-05
          20    0.209878    0.208897 9.99845e-05
           1    0.202623    0.202623           0
           2    0.202423    0.202523 9.97978e-05
           3    0.202906    0.202651 0.000140049
           4    0.203668    0.202905 0.000272914
           5    0.202957    0.202915 0.000211651
           6    0.202088    0.202777 0.000221098
           7    0.202235      0.2027 0.000202288
           8    0.202847    0.202718 0.000176154
           9    0.202548    0.202699 0.000156496
          10    0.202133    0.202643 0.000151003
          11    0.202793    0.202656 0.000137266
          12    0.202456     0.20264 0.000126409
          13    0.202762    0.202649 0.000116656
          14    0.202453    0.202635 0.000108911
          15    0.202586    0.202632 0.000101444
          16    0.202787    0.202642 9.53863e-05
          17    0.202769    0.202649 8.99148e-05
          18    0.202468    0.202639 8.53654e-05
          19    0.202296    0.202621 8.27428e-05
          20      0.2036     0.20267 9.25126e-05
           1    0.202817    0.202817           0
           2    0.202645    0.202731 8.61876e-05
           3    0.203038    0.202833 0.000113859
           4      0.2038    0.203075 0.000254824
           5    0.203012    0.203063 0.000197791
           6    0.202181    0.202916 0.000218272
           7    0.202339    0.202833 0.000202013
           8    0.202774    0.202826 0.000175104
           9    0.202692    0.202811 0.000155146
          10    0.202486    0.202779 0.000142518
          11    0.202868    0.202787 0.000129171
          12    0.202621    0.202773 0.000118719
          13    0.202794    0.202775 0.000109218
          14    0.202571     0.20276 0.000102155
          15     0.20287    0.202767  9.5385e-05
          16    0.202919    0.202777 8.97275e-05
          17    0.202815    0.202779 8.43145e-05
          18    0.202494    0.202763 8.10565e-05
          19     0.20239    0.202744 7.91545e-05
          20    0.203504    0.202782 8.41744e-05
           1    0.196602    0.196602           0
           2    0.196665    0.196633 3.14176e-05
           3    0.196986    0.196751 0.000118861
           4    0.197506     0.19694 0.000206603
           5    0.197192     0.19699 0.000167801
           6    0.196066    0.196836 0.000206084
           7    0.196432    0.196778 0.000183502
           8    0.196737    0.196773 0.000159002
           9    0.196609    0.196755 0.000141403
          10    0.196091    0.196689 0.000142865
          11    0.196872    0.196705 0.000130293
          12    0.196365    0.196677  0.00012227
          13    0.196785    0.196685 0.000112779
          14    0.196565    0.196677 0.000104765
          15    0.196641    0.196674 9.75597e-05
          16    0.196693    0.196675  9.1266e-05
          17    0.196665    0.196675 8.57317e-05
          18    0.196646    0.196673  8.0844e-05
          19    0.196241     0.19665 7.97828e-05
          20    0.197267    0.196681 8.17321e-05
           1     0.19682     0.19682           0
           2    0.196783    0.196802 1.81642e-05
           3    0.197009    0.196871  6.9788e-05
           4    0.197753    0.197091 0.000226133
           5    0.197182    0.197109 0.000176101
           6    0.196213     0.19696 0.000207295
           7    0.196684    0.196921 0.000179575
           8    0.196952    0.196924 0.000155565
           9    0.196687    0.196898 0.000139708
          10    0.196516     0.19686 0.000130668
          11    0.196789    0.196853 0.000118369
          12    0.196678    0.196839  0.00010904
          13    0.196786    0.196835 0.000100384
          14    0.196702    0.196825 9.34236e-05
          15    0.196744     0.19682 8.71429e-05
          16    0.196855    0.196822 8.15441e-05
          17    0.196799    0.196821 7.66095e-05
          18    0.196713    0.196815 7.24762e-05
          19    0.196425    0.196794 7.15528e-05
          20    0.197431    0.196826 7.49766e-05
