1.06226  0
0.980392  0.0125206
1.0326  0.0308199
0.998894  0.00562588
1.00267  0.0057076
1.00866  0.00724365
1.00589  0.00504813
1.00585  0.00435309
0.995994  0.000634855
0.988977  0.00175026
0.990506  0.00134191
0.986138  0.00263211
0.985987  0.00267213
0.986175  0.00260684
0.989088  0.00179635
0.983378  0.00310863
0.983918  0.0029414
0.985737  0.00246688
0.985782  0.00243541
0.988592  0.0017501
0.990628  0.00128026
0.992136  0.000950942
0.993606  0.000641835
0.992936  0.000792499
0.99106  0.00116164
0.990955  0.00118299
0.989079  0.00152483
0.988656  0.00159574
0.98799  0.00170664
0.987856  0.00171872
0.989081  0.00147933
0.990118  0.00128206
0.98775  0.00165364
0.98994  0.00124207
0.991172  0.00102149
0.991558  0.000954764
0.990083  0.00118196
0.990577  0.00109656
0.990878  0.0010446
0.992105  0.000839023
0.992278  0.000811346
0.992282  0.000810284
0.992522  0.000772522
0.993491  0.000619991
0.993865  0.000564435
0.994179  0.000518865
0.994736  0.000437083
0.994885  0.000417543
0.994263  0.000505934
0.994708  0.000442707
0.994475  0.00047652
0.995301  0.000358148
0.994671  0.000443856
0.995537  0.000321712
0.996206  0.000230337
0.996387  0.000208864
0.995295  0.000347615
0.996398  0.000195256
0.997141  9.70663e-05
0.996606  0.000167862
0.998228  5.77636e-05
0.996842  0.000108825
0.996764  0.000122391
0.996815  0.000119456
0.996217  0.000194121
0.996227  0.000195642
0.994381  0.000395569
0.994588  0.000371443
0.993951  0.00044581
0.992195  0.00062945
0.99197  0.000655238
0.991883  0.00066477
0.991575  0.000698983
0.9931  0.000502371
0.99325  0.000485602
0.992574  0.000559154
0.993754  0.000413577
0.993042  0.000490375
0.992269  0.000571874
0.992013  0.000599666
0.990844  0.000715755
0.990379  0.000763695
0.990755  0.000720475
0.990917  0.000701958
0.992088  0.000562894
0.99209  0.000562742
0.99242  0.000526751
0.993416  0.000412413
0.994062  0.000341331
0.993776  0.000371737
0.995212  0.000203597
0.995992  0.000118789
0.996467  7.00399e-05
0.996517  6.76218e-05
0.997253  1.03303e-05
0.997581  4.1771e-05
0.997496  3.00694e-05
0.997946  7.44282e-05
0.998376  0.0001163
0.997939  7.10555e-05
0.997994  7.35416e-05
0.998908  0.000169485
0.998646  0.000140809
0.99907  0.000180992
0.999585  0.000230674
0.999995  0.000268789
0.999799  0.000246385
0.999673  0.000230705
0.999648  0.000224913
0.999535  0.000210865
0.999699  0.000223468
0.999344  0.000187887
0.999397  0.000189918
0.999536  0.000200189
0.999819  0.000224537
0.999654  0.000206389
0.999906  0.000227544
0.999284  0.00017126
0.999037  0.000146545
0.999217  0.000160754
0.998817  0.000123539
0.999023  0.000140279
0.99913  0.000147611
0.999063  0.000139188
0.998991  0.000130493
0.999476  0.000174145
0.999799  0.000201675
1.00006  0.000223281
0.999392  0.000166571
0.99849  9.42767e-05
0.998549  9.73826e-05
0.998666  0.000105597
0.998224  6.74971e-05
0.998704  0.000109711
0.99867  0.000104757
0.998896  0.000122739
0.998809  0.000113357
0.998414  7.95354e-05
0.998872  0.000119073
0.998945  0.000123342
0.999384  0.000160749
0.999251  0.000147676
0.999141  0.000136599
0.999954  0.000210573
0.999298  0.000158905
0.999621  0.000184866
0.999301  0.000157587
0.999033  0.000134416
0.999031  0.000132352
0.99894  0.000123175
0.998738  0.000105381
0.998489  8.42702e-05
0.998035  4.84449e-05
0.997252  8.46256e-06
0.996927  3.451e-05
0.996706  5.27928e-05
0.996014  0.000102984
0.995771  0.000122491
0.995614  0.000135533
0.995652  0.000133403
0.995679  0.000132195
0.995532  0.000144294
0.99547  0.000149895
0.995322  0.000161824
0.995444  0.000152934
0.995706  0.000132613
0.995745  0.000130363
0.995793  0.00012746
0.995892  0.0001205
0.996018  0.000111492
0.995924  0.000119327
0.995925  0.000120006
0.995402  0.000156697
0.995625  0.000139894
0.995566  0.000144992
0.9959  0.00011914
0.995903  0.000119626
0.995764  0.000130434
0.99576  0.00013144
0.995913  0.000120393
0.996102  0.000106685
0.996372  8.64328e-05
0.99576  0.000127158
0.995731  0.000129952
0.995692  0.000133379
0.995753  0.00012952
0.996013  0.0001103
0.995505  0.000144271
0.995247  0.00016262
0.995106  0.000172998
0.995564  0.000137693
0.995801  0.000120475
0.996116  9.72388e-05
0.996158  9.48486e-05
0.996058  0.000102518
0.995615  0.000131884
0.995674  0.000128267
0.995625  0.000132245
0.995388  0.00014874
0.995551  0.000137404
0.995726  0.000125213
0.995553  0.000137444
0.995315  0.000153745
0.995551  0.000137002
0.995845  0.000115921
0.995907  0.000112105
0.995897  0.000113322
0.995846  0.000117388
0.995818  0.000119845
0.995894  0.000115023
0.995898  0.000115317
0.995493  0.000141068
0.995543  0.000138079
0.995405  0.000147597
0.995483  0.000142705
0.995376  0.000150172
0.995253  0.000158643
0.99556  0.000136958
0.995494  0.000141773
0.995569  0.000137097
0.99559  0.000136085
0.995582  0.000137011
0.995673  0.00013127
0.995365  0.000150661
0.995546  0.000138555
0.995827  0.000119198
0.995775  0.000123047
0.995952  0.000111321
0.996453  7.50355e-05
0.996633  6.32726e-05
0.996348  8.12661e-05
0.996267  8.69236e-05
0.99644  7.56881e-05
0.996586  6.63767e-05
0.996415  7.7551e-05
0.996734  5.58292e-05
0.996841  4.93009e-05
0.997116  3.09123e-05
0.997508  3.85712e-06
0.997448  8.29212e-06
0.997578  3.08053e-07
0.997265  1.94688e-05
0.997445  8.07559e-06
0.997669  6.41261e-06
0.997935  2.37878e-05
0.997453  3.8959e-06
0.997338  1.16502e-05
0.997211  2.00115e-05
0.997396  8.39691e-06
0.997289  1.55876e-05
0.997604  5.25272e-06
0.997423  6.20674e-06
0.997682  1.0457e-05
0.997616  5.78379e-06
0.997806  1.76101e-05
0.998153  4.05256e-05
0.99842  5.759e-05
0.998611  6.9313e-05
0.998485  6.10376e-05
0.998698  7.42749e-05
0.998789  7.92667e-05
0.99885  8.23492e-05
0.998844  8.12347e-05
0.998912  8.48175e-05
0.999115  9.71623e-05
0.999298  0.000108194
0.999187  0.000100847
0.99911  9.54661e-05
0.999063  9.19388e-05
0.998951  8.45671e-05
0.998829  7.67137e-05
0.999005  8.71948e-05
0.998756  7.24694e-05
0.999225  0.000103729
0.999217  0.000102531
0.999178  9.94796e-05
0.999492  0.000119312
0.999508  0.000119487
0.999192  0.000101495
0.999183  0.000100255
0.999022  9.03743e-05
0.998875  8.12584e-05
0.998966  8.61427e-05
0.999326  0.000109033
0.999497  0.000118923
0.999392  0.00011219
0.999213  0.000101464
0.999433  0.000114537
0.999508  0.000118357
0.999268  0.000104499
0.999549  0.000121626
0.999403  0.000112755
0.999358  0.000109458
0.99949  0.000116779
0.999543  0.000119192
0.999658  0.000125438
0.99954  0.000118116
0.999766  0.000131455
0.999591  0.000121138
0.999441  0.000112162
0.99937  0.000107504
0.999417  0.00010958
0.999469  0.000111978
0.999576  0.000117674
0.999906  0.000137791
0.999897  0.000136586
0.999851  0.00013331
0.999796  0.000129555
0.999962  0.000138807
0.999975  0.000138907
0.999994  0.000139304
1.00005  0.000141942
1.00001  0.000139189
1.00002  0.000138607
0.999989  0.000136439
1.00009  0.000141448
1.00005  0.000138621
0.999812  0.000125764
0.999854  0.000127521
1.0001  0.000141711
1.00046  0.000163356
1.0003  0.000154586
1.00001  0.000139261
0.999902  0.00013256
0.999902  0.000131957
0.999955  0.000134287
0.999955  0.000133704
1.00001  0.000135985
0.999964  0.000133023
1.00013  0.000142036
0.999971  0.000133142
0.999916  0.000129581
0.999887  0.000127404
0.999842  0.000124401
0.999893  0.000126613
0.999838  0.000123129
0.999983  0.000130801
0.999913  0.000126527
1.00007  0.000135085
1.00013  0.00013759
1.00028  0.000145523
1.00031  0.00014678
1.00026  0.000143252
1.00021  0.000140356
0.999968  0.000127688
0.999822  0.000119658
0.999518  0.000104491
0.999426  9.92139e-05
0.999227  8.87721e-05
0.999192  8.64389e-05
0.999317  9.28926e-05
0.999164  8.47085e-05
0.998879  7.05584e-05
0.999133  8.48334e-05
0.999095  8.23111e-05
0.999259  9.10331e-05
0.999138  8.44482e-05
0.999058  7.98497e-05
0.998925  7.26939e-05
0.999103  8.21891e-05
0.999071  8.00782e-05
0.999012  7.65445e-05
0.99923  8.8458e-05
0.999458  0.000100951
0.999226  8.93069e-05
0.99931  9.33582e-05
0.999151  8.50573e-05
0.999179  8.61113e-05
0.999007  7.72472e-05
0.999002  7.6517e-05
0.99867  6.09801e-05
0.998593  5.66549e-05
0.998509  5.20664e-05
0.998503  5.13008e-05
0.998502  5.08778e-05
0.998564  5.37067e-05
0.998537  5.19119e-05
0.998713  6.11907e-05
0.998651  5.76547e-05
0.998747  6.23516e-05
0.99868  5.85703e-05
0.998778  6.33901e-05
0.998699  5.90312e-05
0.998785  6.32067e-05
0.998892  6.84538e-05
0.998896  6.82606e-05
0.998859  6.59887e-05
0.998992  7.26851e-05
0.999002  7.27834e-05
0.998988  7.1665e-05
0.998932  6.84679e-05
0.998686  5.68632e-05
0.99859  5.18129e-05
0.99852  4.8034e-05
0.998499  4.66052e-05
0.998396  4.12588e-05
0.998567  5.00725e-05
0.998716  5.76088e-05
0.998781  6.05774e-05
0.998845  6.34516e-05
0.99886  6.3834e-05
0.998693  5.56853e-05
0.998616  5.16045e-05
0.998505  4.59843e-05
0.998602  5.06326e-05
0.998655  5.29787e-05
0.998507  4.57287e-05
0.998424  4.13891e-05
0.998338  3.69674e-05
0.998322  3.58514e-05
0.998256  3.23689e-05
0.998289  3.36597e-05
0.998442  4.1318e-05
0.99827  3.31542e-05
0.998141  2.68475e-05
0.997976  1.90494e-05
0.997872  1.38727e-05
0.997855  1.27599e-05
0.997867  1.30448e-05
0.997892  1.39667e-05
0.997793  9.08132e-06
0.997722  5.42927e-06
0.99751  4.18381e-06
0.997511  4.40997e-06
0.997431  8.40723e-06
0.997418  9.27731e-06
0.997395  1.06611e-05
0.997404  1.04989e-05
0.997379  1.19043e-05
0.997591  1.08062e-06
0.997723  5.3784e-06
0.997809  9.36851e-06
0.997852  1.12165e-05
0.997675  3.10646e-06
0.997726  5.31173e-06
0.997781  7.77225e-06
0.997895  1.31775e-05
0.997814  9.2056e-06
0.997668  2.44088e-06
0.997683  2.86851e-06
0.997909  1.44099e-05
0.998107  2.43766e-05
0.997994  1.90022e-05
0.998039  2.09039e-05
0.998023  1.98703e-05
0.997948  1.616e-05
0.997961  1.65161e-05
0.998132  2.49027e-05
0.998136  2.48205e-05
0.998059  2.1025e-05
0.998057  2.06817e-05
0.997941  1.52606e-05
0.997969  1.63177e-05
0.997906  1.31824e-05
0.997884  1.19096e-05
0.997896  1.22079e-05
0.997983  1.62024e-05
0.997824  9.07724e-06
0.997835  9.34127e-06
0.997934  1.3901e-05
0.998012  1.73781e-05
0.998095  2.11469e-05
0.998149  2.34323e-05
0.997887  1.253e-05
0.997902  1.29569e-05
0.997955  1.52102e-05
0.997972  1.57675e-05
0.998008  1.72191e-05
0.997885  1.1622e-05
0.997905  1.23084e-05
0.997747  5.34114e-06
0.99777  6.17003e-06
0.997796  7.12656e-06
0.997938  1.38556e-05
0.997865  1.03815e-05
0.997851  9.51042e-06
0.997757  5.18994e-06
0.997897  1.174e-05
0.997781  6.51278e-06
0.997587  1.69703e-06
0.997553  3.45572e-06
0.997469  7.32568e-06
0.997415  9.93376e-06
0.997444  8.82217e-06
0.997568  3.0892e-06
0.997529  4.99946e-06
0.997546  4.46804e-06
0.997602  2.06894e-06
0.997599  2.42312e-06
0.997764  5.41327e-06
0.997606  1.37239e-06
0.99764  2.89676e-08
0.997835  9.32858e-06
0.997716  4.0794e-06
0.997534  3.53707e-06
0.997542  3.41973e-06
0.997343  1.16203e-05
0.997289  1.41909e-05
0.997157  1.98579e-05
0.997112  2.20348e-05
0.997198  1.82075e-05
0.99705  2.44807e-05
0.997069  2.38476e-05
0.997056  2.46079e-05
0.997007  2.68861e-05
0.996876  3.24836e-05
0.99697  2.83335e-05
0.997008  2.67724e-05
0.996988  2.78233e-05
0.997124  2.16245e-05
0.997052  2.48338e-05
0.997029  2.60496e-05
0.997035  2.59602e-05
0.997069  2.46266e-05
0.997128  2.21364e-05
0.996867  3.219e-05
0.996966  2.78123e-05
0.996891  3.11535e-05
0.997095  2.14238e-05
0.997251  1.42581e-05
0.997362  9.35451e-06
0.997418  7.02852e-06
0.99742  7.1128e-06
0.997305  1.20045e-05
0.997312  1.19001e-05
0.997228  1.5591e-05
0.997335  1.08634e-05
0.997406  7.82601e-06
0.997375  9.37243e-06
0.997466  5.39682e-06
0.997524  3.00735e-06
0.997493  4.52914e-06
0.997487  4.97633e-06
0.997464  6.13296e-06
0.997475  5.84661e-06
0.997473  6.11846e-06
0.997366  1.06315e-05
0.99723  1.62377e-05
0.997293  1.36394e-05
0.997269  1.48062e-05
0.997349  1.13986e-05
0.997369  1.07308e-05
0.99741  9.13763e-06
0.997439  8.04143e-06
0.997422  8.91839e-06
0.997518  4.82673e-06
0.997472  6.88079e-06
0.997469  7.18646e-06
0.997278  1.46295e-05
0.997417  8.46599e-06
0.997543  2.94122e-06
0.997531  3.63166e-06
0.997423  8.09196e-06
0.997356  1.09939e-05
0.997299  1.34917e-05
0.997409  8.744e-06
0.997398  9.36019e-06
0.997454  7.10969e-06
0.997475  6.41022e-06
0.997455  7.41073e-06
0.997419  9.06981e-06
0.997411  9.57588e-06
0.997304  1.39386e-05
0.997144  2.02156e-05
0.997108  2.18523e-05
0.997019  2.55445e-05
0.996861  3.17004e-05
0.996797  3.43963e-05
0.996793  3.47097e-05
0.996868  3.16335e-05
0.996845  3.27225e-05
0.996606  4.14298e-05
0.996558  4.34905e-05
0.996687  3.78966e-05
0.996666  3.88941e-05
0.996567  4.2893e-05
0.996591  4.20047e-05
0.996639  4.01025e-05
0.996444  4.7388e-05
0.996372  5.03805e-05
0.996247  5.5261e-05
0.996219  5.65336e-05
0.996174  5.84425e-05
0.996255  5.51091e-05
0.996232  5.61598e-05
0.99615  5.9474e-05
0.996124  6.06573e-05
0.996243  5.5555e-05
0.996319  5.24021e-05
0.996276  5.42617e-05
0.996074  6.16194e-05
0.995992  6.49221e-05
0.99608  6.12684e-05
0.996108  6.0227e-05
0.996174  5.75363e-05
0.996243  5.47306e-05
0.99631  5.2004e-05
0.996285  5.31446e-05
0.996266  5.40405e-05
0.996302  5.26681e-05
0.996206  5.64264e-05
0.996274  5.36948e-05
0.99626  5.43502e-05
0.996223  5.59636e-05
0.996211  5.65469e-05
0.996155  5.8839e-05
0.996029  6.36214e-05
0.996111  6.02704e-05
0.996136  5.93546e-05
0.996128  5.97842e-05
0.996051  6.285e-05
0.996052  6.29225e-05
0.996062  6.2611e-05
0.996008  6.48248e-05
0.995949  6.7205e-05
0.995832  7.16352e-05
0.995682  7.71524e-05
0.995693  7.68011e-05
0.995597  8.04928e-05
0.995692  7.65918e-05
0.995592  8.04265e-05
0.995639  7.85965e-05
0.995556  8.17871e-05
0.995646  7.81306e-05
0.995663  7.75351e-05
0.995683  7.68135e-05
0.995729  7.50275e-05
0.995582  8.03933e-05
0.995463  8.48165e-05
0.995596  7.92429e-05
0.995565  8.05171e-05
0.995514  8.2536e-05
0.995566  8.05307e-05
0.995649  7.71631e-05
0.995675  7.62116e-05
0.995641  7.761e-05
0.995735  7.37591e-05
0.995673  7.62157e-05
0.995655  7.69992e-05
0.995659  7.692e-05
0.995574  8.01474e-05
0.995542  8.14715e-05
0.995477  8.39725e-05
0.995506  8.29208e-05
0.995479  8.40364e-05
0.995513  8.27243e-05
0.995562  8.08651e-05
0.995578  8.03233e-05
0.995533  8.20741e-05
0.995586  8.00526e-05
0.995638  7.80228e-05
0.995733  7.4179e-05
0.995801  7.15006e-05
0.995768  7.28326e-05
0.995618  7.81721e-05
0.995736  7.33281e-05
0.99563  7.7213e-05
0.995609  7.80932e-05
0.995529  8.11069e-05
0.995473  8.32671e-05
0.995511  8.18353e-05
0.99544  8.45245e-05
0.995434  8.48424e-05
0.995265  9.06914e-05
0.995216  9.2567e-05
0.995263  9.07857e-05
0.995238  9.17999e-05
0.995323  8.83887e-05
0.995322  8.85311e-05
0.995261  9.08111e-05
0.995283  9.00494e-05
0.995452  8.29253e-05
0.995399  8.49364e-05
0.995415  8.43807e-05
0.995493  8.1315e-05
0.995569  7.83749e-05
0.995745  7.09255e-05
0.995771  7.00042e-05
0.995859  6.65382e-05
0.995777  6.95597e-05
0.995819  6.7996e-05
0.995905  6.46406e-05
0.995811  6.80431e-05
0.995767  6.97395e-05
0.995682  7.28725e-05
0.995721  7.14449e-05
0.995829  6.7104e-05
0.995968  6.14368e-05
0.995966  6.15835e-05
0.995954  6.21218e-05
0.995984  6.10883e-05
0.995908  6.38903e-05
0.995977  6.12347e-05
0.995881  6.46912e-05
0.996016  5.92151e-05
0.995946  6.18207e-05
0.995841  6.55619e-05
0.995848  6.53572e-05
0.99594  6.17602e-05
0.996009  5.91525e-05
0.995949  6.13824e-05
0.995981  6.02526e-05
0.995918  6.25882e-05
0.996014  5.8834e-05
0.995995  5.9614e-05
0.995944  6.15667e-05
0.995919  6.25444e-05
0.996072  5.62951e-05
0.996062  5.67616e-05
0.996012  5.86345e-05
0.99612  5.43943e-05
0.996255  4.89682e-05
0.996293  4.76293e-05
0.996456  4.09545e-05
0.996523  3.84204e-05
0.996572  3.666e-05
0.996599  3.57217e-05
0.996664  3.32984e-05
0.996615  3.51701e-05
0.996725  3.08629e-05
0.996694  3.21031e-05
0.996518  3.78866e-05
0.996548  3.68491e-05
0.996569  3.6136e-05
0.996549  3.69767e-05
0.996631  3.38886e-05
0.996699  3.13398e-05
0.996844  2.55173e-05
0.996879  2.43307e-05
0.996843  2.57221e-05
0.996885  2.42224e-05
0.996802  2.71937e-05
0.996765  2.86266e-05
0.996799  2.74629e-05
0.996856  2.53694e-05
0.996733  2.95741e-05
0.996828  2.59436e-05
0.996787  2.75033e-05
0.996777  2.7983e-05
0.996819  2.65015e-05
0.996806  2.70921e-05
0.996758  2.88698e-05
0.996687  3.1409e-05
0.996591  3.47713e-05
0.996572  3.55618e-05
0.996602  3.45256e-05
0.996565  3.59196e-05
0.996584  3.53173e-05
0.996587  3.53097e-05
0.996788  2.70302e-05
0.996798  2.67659e-05
0.996685  3.0611e-05
0.996664  3.14433e-05
0.996789  2.65825e-05
0.996728  2.87982e-05
0.996751  2.80484e-05
0.9968  2.6314e-05
0.996826  2.5437e-05
0.996894  2.29719e-05
0.997007  1.86281e-05
0.99692  2.1674e-05
0.996852  2.41069e-05
0.996898  2.24826e-05
0.996951  2.06021e-05
0.996908  2.21983e-05
0.996936  2.12836e-05
0.996915  2.21198e-05
0.996984  1.96268e-05
0.996968  2.02723e-05
0.99693  2.1706e-05
0.99691  2.25112e-05
0.99689  2.33339e-05
0.996796  2.65306e-05
0.996732  2.88025e-05
0.996686  3.04838e-05
0.996532  3.54176e-05
0.996642  3.1252e-05
0.996591  3.30896e-05
0.996619  3.21652e-05
0.996703  2.90835e-05
0.996719  2.85895e-05
0.996783  2.63067e-05
0.996802  2.57032e-05
0.996822  2.50922e-05
0.996852  2.40687e-05
0.996815  2.54551e-05
0.996848  2.43612e-05
0.996759  2.73799e-05
0.996643  3.12101e-05
0.996689  2.96117e-05
0.996681  2.99616e-05
0.996664  3.06525e-05
0.996633  3.18247e-05
0.9967  2.93958e-05
0.996685  3.00393e-05
0.996583  3.34117e-05
0.996602  3.28273e-05
0.996561  3.43027e-05
0.996466  3.74816e-05
0.996393  3.99714e-05
0.996417  3.92097e-05
0.996542  3.44487e-05
0.996541  3.45695e-05
0.996471  3.69929e-05
0.996443  3.80267e-05
0.996443  3.81107e-05
0.996521  3.5284e-05
0.996525  3.52505e-05
0.996575  3.34997e-05
0.996535  3.49306e-05
0.996564  3.40042e-05
0.996711  2.83498e-05
0.996786  2.56303e-05
0.996829  2.41814e-05
0.996846  2.36672e-05
0.996865  2.31008e-05
0.99694  2.0404e-05
0.996937  2.06176e-05
0.996976  1.93036e-05
0.99702  1.78032e-05
0.997122  1.40742e-05
0.997124  1.41152e-05
0.997021  1.74527e-05
0.996948  1.99476e-05
0.996904  2.14897e-05
0.996959  1.95959e-05
0.996914  2.11817e-05
0.996966  1.93872e-05
0.996989  1.86817e-05
0.997062  1.61238e-05
0.997052  1.65516e-05
0.99704  1.70346e-05
0.997172  1.21055e-05
0.997171  1.2224e-05
0.997166  1.24793e-05
0.997251  9.44706e-06
0.997267  8.97007e-06
0.997322  7.08929e-06
0.997359  5.88363e-06
0.997353  6.19611e-06
0.997367  5.80201e-06
0.99744  3.25198e-06
0.997541  4.34907e-07
0.997556  8.47347e-07
0.997575  1.41632e-06
0.997544  2.76455e-07
0.997574  1.22252e-06
0.997496  1.36027e-06
0.997544  2.36678e-07
0.99759  1.75353e-06
0.997564  7.89612e-07
0.997624  2.86937e-06
0.997561  7.29762e-07
0.99761  2.37704e-06
0.997669  4.37596e-06
0.99763  2.98233e-06
0.997602  1.95304e-06
0.99757  8.01572e-07
0.997608  2.03382e-06
0.997623  2.46722e-06
0.997591  1.30863e-06
0.99761  1.84869e-06
0.997617  1.99814e-06
0.9977  4.91142e-06
0.997763  7.07292e-06
0.99767  4.07498e-06
0.997575  1.04464e-06
0.997366  4.8449e-06
0.997406  3.5184e-06
0.997413  3.3951e-06
0.997356  5.31465e-06
0.997335  6.09023e-06
0.99726  8.55808e-06
0.997298  7.30248e-06
0.99728  8.00963e-06
0.997329  6.38647e-06
0.99725  8.93448e-06
0.997281  7.9552e-06
0.997282  8.00809e-06
0.997299  7.51557e-06
0.99738  4.70684e-06
0.99729  7.57293e-06
0.99727  8.3264e-06
0.997262  8.6681e-06
0.997354  5.45312e-06
0.997406  3.70189e-06
0.99743  2.99716e-06
0.997473  1.58787e-06
0.997398  4.02408e-06
0.99738  4.69594e-06
0.997481  1.11727e-06
0.997489  9.32686e-07
0.997506  4.65647e-07
0.997398  3.78265e-06
0.997451  2.05675e-06
0.997538  9.89393e-07
0.997405  2.99546e-06
0.997415  2.76626e-06
0.997353  4.78155e-06
0.997339  5.35171e-06
0.997307  6.46822e-06
0.997311  6.42448e-06
0.9973  6.85927e-06
0.997185  1.03614e-05
0.997213  9.4754e-06
0.997236  8.81488e-06
0.997203  9.95272e-06
0.997256  8.18218e-06
0.997239  8.84495e-06
0.997183  1.06585e-05
0.99724  8.79755e-06
0.997186  1.05599e-05
0.997303  6.38936e-06
0.997323  5.80847e-06
0.997281  7.2022e-06
0.997292  6.93144e-06
0.997309  6.45717e-06
0.997305  6.67792e-06
0.99737  4.49177e-06
0.997419  2.88828e-06
0.997442  2.22771e-06
0.997414  3.19551e-06
0.99742  3.07474e-06
0.997437  2.6208e-06
0.997432  2.86142e-06
0.997404  3.82419e-06
0.99743  3.05868e-06
0.997423  3.37649e-06
0.99735  5.66958e-06
0.997324  6.59691e-06
0.997307  7.21834e-06
0.997313  7.11826e-06
0.997362  5.51643e-06
0.997358  5.74004e-06
0.99737  5.41712e-06
0.997397  4.59656e-06
0.997332  6.65938e-06
0.997387  4.86421e-06
0.997378  5.23209e-06
0.997388  5.01117e-06
0.997396  4.8301e-06
0.997437  3.51253e-06
0.997483  2.0587e-06
0.99756  5.63925e-07
0.997592  1.53457e-06
0.997568  6.91403e-07
0.99765  3.44913e-06
0.997575  1.12677e-06
0.997542  9.44588e-09
0.997557  4.19339e-07
0.99754  2.09118e-07
0.997491  1.79735e-06
0.997489  1.958e-06
0.997475  2.47069e-06
0.997471  2.68431e-06
0.99747  2.80428e-06
0.997533  7.23768e-07
0.997551  2.24537e-07
0.997562  6.32223e-08
0.997555  2.36462e-07
0.997579  4.67362e-07
0.997451  3.2141e-06
0.997421  4.22847e-06
0.997454  3.23536e-06
0.997398  5.01069e-06
0.997357  6.34875e-06
0.997321  7.54474e-06
0.997277  8.95353e-06
0.997229  1.04852e-05
0.997284  8.74075e-06
0.997388  5.13122e-06
0.997207  9.9706e-06
0.997274  7.76894e-06
0.997353  5.15129e-06
0.997422  2.87349e-06
0.997464  1.55805e-06
0.997497  5.60221e-07
0.997552  1.21298e-06
0.997618  3.38268e-06
0.997588  2.37046e-06
0.997556  1.28794e-06
0.997481  9.95517e-07
0.997385  3.83812e-06
0.997324  5.72093e-06
0.997358  4.69536e-06
0.997288  6.84768e-06
0.997292  6.79847e-06
0.997256  7.96186e-06
0.99724  8.53812e-06
0.997246  8.43064e-06
0.997315  6.14486e-06
0.997239  8.44744e-06
0.997149  1.11215e-05
0.997231  8.39438e-06
0.997293  6.39275e-06
0.997305  6.09398e-06
0.997321  5.6505e-06
0.997268  7.30337e-06
0.997263  7.54555e-06
0.99732  5.70916e-06