1  0  0.955398  0.00247545
1.26158  0.0070563  1.22416  0.00433403
1.61991  0.00572623  1.42647  0.00630728
1.83032  0.007512  1.61496  0.00885764
2.07706  0.00812556  1.76984  0.00982588
2.25571  0.00959309  1.9013  0.0100125
2.44415  0.00956693  2.02031  0.0106083
2.60375  0.0107906  2.1444  0.0119234
2.77726  0.0115491  2.25575  0.0128469
2.91837  0.0120303  2.35816  0.0138269
3.0648  0.0130913  2.47942  0.0147345
3.20171  0.0130732  2.58447  0.0158575
3.34181  0.012978  2.67982  0.0166053
3.45824  0.0127717  2.76763  0.0174004
3.58657  0.0132309  2.85991  0.0182775
3.7056  0.013971  2.93798  0.0182069
3.81843  0.0146766  3.02445  0.0191637
3.92958  0.0141566  3.11135  0.021196
4.04803  0.014537  3.2016  0.0220797
4.13655  0.0146093  3.27634  0.0219233
4.23614  0.0143523  3.34751  0.021739
4.32881  0.0153547  3.41893  0.0234536
4.42742  0.0158461  3.49161  0.0218937
4.52471  0.0169074  3.56233  0.0211525
4.62279  0.0164602  3.62745  0.0225545
4.70726  0.0159015  3.70604  0.0224928
4.80137  0.0170682  3.7677  0.0223327
4.88172  0.0180563  3.82787  0.022165
4.966  0.0188468  3.88436  0.0237024
5.04797  0.0196917  3.95257  0.0235181
5.13494  0.0198743  4.02078  0.0256729
5.22286  0.0201016  4.07362  0.0257856
5.30619  0.0211069  4.14293  0.0257439
5.37891  0.0211121  4.19704  0.0241484
5.44582  0.0205286  4.2474  0.0252098
5.52297  0.0214065  4.30762  0.0255812
5.59667  0.0224447  4.35082  0.0266034
5.66625  0.022551  4.40406  0.0270662
5.75368  0.0229817  4.46265  0.0277064
5.82866  0.0228516  4.52595  0.0296107
5.90126  0.0236276  4.57079  0.0301391
5.9657  0.0244989  4.61124  0.0302647
6.03366  0.0248675  4.66166  0.0314925
6.10084  0.0253372  4.72742  0.0310155
6.17145  0.025396  4.79919  0.0305952
6.2349  0.0252278  4.83251  0.0298626
6.30409  0.0252276  4.88468  0.0299894
6.37338  0.026211  4.93396  0.0304243
6.43902  0.0256127  4.98861  0.0312611
6.51261  0.0270967  5.03247  0.0309139
6.57699  0.027201  5.07426  0.0310517
6.65736  0.0272231  5.1127  0.0329459
6.71493  0.0276566  5.17309  0.0334478
6.78967  0.0276  5.21222  0.0347638
6.85238  0.0282604  5.24337  0.0352392
6.91499  0.02777  5.29779  0.035712
6.97657  0.027808  5.34418  0.0373483
7.02665  0.0281965  5.38969  0.0372118
7.0943  0.0286382  5.41583  0.0377548
7.16359  0.0293328  5.46924  0.0387235
7.22648  0.0281972  5.51249  0.038675
7.28269  0.0278665  5.55808  0.0383674
7.33574  0.0288993  5.58412  0.0396495
7.39624  0.0286358  5.62955  0.0394696
7.44459  0.0282283  5.67316  0.040785
7.50371  0.027988  5.71953  0.0425158
7.54546  0.0287329  5.75443  0.0433569
7.616  0.0286768  5.79355  0.043911
7.66801  0.0282258  5.8413  0.0446926
7.7332  0.028197  5.87529  0.0445375
7.789  0.0283738  5.91621  0.0447849
7.83437  0.0278975  5.94963  0.0460044
7.88962  0.0288735  5.98796  0.0439584
7.95076  0.0289799  6.02884  0.0434152
8.0067  0.0302519  6.06915  0.0448684
8.05445  0.0307941  6.11355  0.0458119
8.10253  0.0296668  6.16186  0.0448266
8.15784  0.0286606  6.18806  0.0438714
8.21152  0.0287566  6.23561  0.0441501
8.25995  0.0288801  6.26751  0.043699
8.31579  0.0298075  6.30683  0.0447629
8.35995  0.0305054  6.34962  0.045223
8.40691  0.0301257  6.37916  0.0460827
8.45113  0.03023  6.4239  0.0468015
8.49892  0.031226  6.45598  0.0469786
8.5446  0.0319122  6.50844  0.0488913
8.59562  0.0326432  6.52797  0.04851
8.63639  0.0323559  6.57344  0.0482075
8.68199  0.0320906  6.60425  0.0481885
8.72541  0.0331258  6.64884  0.0490624
8.77121  0.0340203  6.67926  0.0486732
8.80994  0.0341705  6.71223  0.0484086
8.85172  0.0344135  6.75341  0.0487273
8.88964  0.0343881  6.78267  0.0487169
8.93311  0.0343089  6.82183  0.0495825
8.98114  0.0346389  6.8565  0.0508447
9.02367  0.0346443  6.90135  0.0511107
9.07952  0.0350475  6.94996  0.0522391
9.1265  0.0367842  6.97041  0.0519707
9.17161  0.0372123  7.004  0.0513191
9.21736  0.0364449  7.03263  0.053474
9.2663  0.0377479  7.06645  0.0538326
9.31955  0.0369799  7.09795  0.0533696
9.36432  0.0369233  7.11589  0.0537157
9.40827  0.0377265  7.15388  0.0538388
9.46078  0.0376263  7.18914  0.0528538
9.51103  0.037811  7.20942  0.0530719
9.55905  0.0381941  7.24345  0.0522603
9.59206  0.0385615  7.26538  0.0530094
9.63158  0.038993  7.30178  0.0530265
9.67474  0.0391251  7.34621  0.0532728
9.71448  0.0389528  7.38505  0.0532379
9.75994  0.0391973  7.42729  0.0527717
9.80934  0.0392495  7.46412  0.0536027
9.84999  0.0389401  7.50099  0.0525914
9.8916  0.040094  7.54179  0.0541018
9.92206  0.0417921  7.56391  0.0547797
9.96955  0.0411468  7.60519  0.0549548
10.0056  0.0404196  7.64569  0.0547417
10.0472  0.0409867  7.68023  0.0539192
10.0968  0.041044  7.71063  0.0551215
10.1321  0.0416284  7.7384  0.0540064
10.1634  0.043361  7.75975  0.0548559
10.2073  0.0440712  7.78154  0.0547414
10.2482  0.0440346  7.80316  0.0550495
10.2956  0.0437912  7.8269  0.0553159
10.3372  0.0442709  7.85083  0.0559711
10.3778  0.0440261  7.89179  0.0553584
10.4184  0.0446364  7.90344  0.0559647
10.4594  0.0439305  7.93477  0.0563721
10.4912  0.0448247  7.98246  0.057072
10.5304  0.0451313  8.0117  0.056782
10.5784  0.0450298  8.03628  0.0567001
10.6191  0.0453941  8.06473  0.0569667
10.6636  0.0458561  8.10575  0.0581169
10.6958  0.0459697  8.13297  0.0581698
10.7256  0.0460861  8.16114  0.0579336
10.7829  0.0465537  8.21283  0.0590771
10.8226  0.047495  8.24825  0.0599645
10.8653  0.0472976  8.2859  0.060222
10.904  0.0478958  8.305  0.058916
10.944  0.0483218  8.33594  0.0598207
10.9959  0.0475364  8.377  0.0613453
11.0322  0.0482869  8.40199  0.0609113
11.0592  0.0491116  8.44998  0.0622016
11.0966  0.0482844  8.46527  0.0636693
11.1351  0.04884  8.48512  0.0629084
11.176  0.048181  8.51224  0.0640518
11.2083  0.0480823  8.54874  0.0628182
11.2518  0.0469277  8.58304  0.0650541
11.2863  0.04696  8.59714  0.0648218
11.3224  0.0463253  8.62043  0.0660278
11.3597  0.0449886  8.65725  0.0650981
11.397  0.0449507  8.68155  0.0658197
11.4358  0.044746  8.691  0.0645768
11.4681  0.0446809  8.72024  0.064163
11.5096  0.0450035  8.7532  0.0652174
11.5408  0.0448758  8.77986  0.0666231
11.5721  0.0453175  8.81499  0.0635751
11.6043  0.0447692  8.83536  0.0637472
11.6589  0.046033  8.85627  0.0647871
11.6989  0.046678  8.89257  0.0643462
11.7437  0.0470371  8.92844  0.0639541
11.7792  0.0468194  8.9519  0.0632366
11.8296  0.0470973  8.97479  0.0641201
11.8714  0.0476493  9.00461  0.0649971
11.9125  0.0481928  9.03534  0.066397
11.9431  0.0492667  9.06992  0.0675235
11.9684  0.0499228  9.0957  0.0661763
12.0066  0.0491278  9.12748  0.0655146
12.0466  0.0496114  9.16227  0.0660093
12.0854  0.0489181  9.17952  0.0659211
12.1222  0.0484092  9.2062  0.0669943
12.1557  0.0488159  9.23577  0.067782
12.1908  0.0473628  9.26385  0.067952
12.2256  0.0489694  9.29899  0.0676733
12.2631  0.0493288  9.31169  0.0683306
12.288  0.0493447  9.33466  0.0681977
12.3227  0.0486332  9.33999  0.0679604
12.3488  0.0479178  9.36889  0.0680065
12.3778  0.0488451  9.39124  0.0680491
12.419  0.0483836  9.41045  0.0673925
12.4482  0.0481877  9.43736  0.0670308
12.4833  0.0483254  9.45947  0.0672759
12.5174  0.0496686  9.48342  0.0669133
12.5563  0.0495331  9.50842  0.0662934
12.5947  0.0499803  9.52643  0.065484
12.6361  0.0500607  9.54151  0.0668514
12.6627  0.0492568  9.55797  0.0676875
12.7048  0.0483816  9.58832  0.0658276
12.7403  0.0478636  9.61848  0.0634858
12.7822  0.0473115  9.64144  0.0630331
12.8096  0.0484364  9.64811  0.0619234
12.8468  0.0493977  9.67503  0.0618967
12.8799  0.0495471  9.70688  0.0625848
12.9178  0.0500699  9.73915  0.0613183
12.9567  0.0502462  9.76279  0.0620335
12.9932  0.0506353  9.77999  0.0616832
13.0354  0.0511837  9.79479  0.063339
13.0746  0.0509544  9.80908  0.064796
13.1068  0.0510054  9.84641  0.064221
13.1477  0.0506863  9.87727  0.0648107
13.1792  0.0511291  9.90655  0.0645051
13.2135  0.0510432  9.93427  0.0648354
13.2447  0.052079  9.9448  0.0645196
13.2625  0.052513  9.98097  0.0640826
13.3057  0.0529854  9.99735  0.0656527
13.3331  0.0532408  10.022  0.0680681
13.3636  0.053725  10.0249  0.0679958
13.4038  0.0546811  10.0413  0.0694424
13.4355  0.054568  10.0743  0.0694316
13.475  0.0541957  10.102  0.0695683
13.4985  0.0533371  10.1188  0.0706192
13.5355  0.0530545  10.1432  0.0689926
13.5699  0.0528288  10.1558  0.0710581
13.5961  0.0531835  10.1788  0.0712403
13.6258  0.0535386  10.2138  0.071743
13.6553  0.0540087  10.2378  0.0717489
13.6891  0.0533438  10.2655  0.071208
13.7236  0.0536403  10.277  0.0709731
13.7622  0.0545411  10.3143  0.0706275
13.7915  0.0545281  10.3188  0.0727849
13.8216  0.0552875  10.3501  0.0732647
13.854  0.0554543  10.381  0.0718737
13.8829  0.0560009  10.3918  0.0729857
13.9022  0.0559858  10.4153  0.0727737
13.9306  0.0561014  10.4315  0.0744045
13.9635  0.0566064  10.4474  0.0738825
13.9902  0.0570786  10.4535  0.0737486
14.01  0.057123  10.4746  0.0758121
14.0429  0.0572052  10.5  0.0751357
14.0676  0.0563886  10.5226  0.0752366
14.0971  0.0571504  10.5508  0.0755532
14.1382  0.0575588  10.5954  0.0771341
14.1599  0.0567057  10.6156  0.0778745
14.1919  0.0572505  10.6316  0.077882
14.2142  0.0578947  10.6602  0.0770949
14.2489  0.0578772  10.6814  0.0796073
14.2703  0.0572726  10.7013  0.0804774
14.311  0.056174  10.7311  0.0801639
14.3355  0.0560796  10.7464  0.0804531
14.3659  0.056057  10.7714  0.0798734
14.3994  0.0560254  10.8097  0.0791067
14.4359  0.0563927  10.8383  0.0791378
14.4704  0.0563426  10.8382  0.0791074
14.4981  0.0563094  10.8675  0.0797765
14.5224  0.0564232  10.8701  0.080477
14.5508  0.0567516  10.9021  0.0811475
14.5846  0.0571506  10.9223  0.0815199
14.618  0.0574638  10.9488  0.0801821
14.6482  0.0583686  10.9758  0.0791983
14.6841  0.0590483  11.0094  0.0781649
14.6972  0.0595973  11.0256  0.0785843
14.7328  0.058725  11.0419  0.0771092
14.7603  0.0591217  11.0646  0.0762686
14.7835  0.0604515  11.0816  0.0767464
14.8184  0.0607623  11.1074  0.0768206
14.8475  0.0606938  11.1255  0.0765726
14.8721  0.0613134  11.1487  0.0764187
14.8995  0.0618788  11.162  0.0768177
14.9391  0.0615185  11.1894  0.0746588
14.9599  0.0627502  11.2142  0.0755584
14.9911  0.062536  11.2344  0.0766289
15.0138  0.0632542  11.2636  0.0769412
15.0451  0.0628376  11.2717  0.0777658
15.0841  0.063822  11.2889  0.077632
15.1154  0.0649604  11.3109  0.0777409
15.1466  0.0646239  11.3381  0.0793616
15.1639  0.0650001  11.3572  0.0816688
15.1839  0.0651443  11.3773  0.0816441
15.2101  0.0656623  11.3945  0.0807417
15.2271  0.0656206  11.4163  0.0801959
15.251  0.0657472  11.4265  0.0811528
15.2766  0.065493  11.4498  0.0824414
15.3057  0.0657034  11.4513  0.0830506
15.3269  0.0658927  11.4637  0.0838437
15.3568  0.0655211  11.4929  0.083412
15.3791  0.0669733  11.5093  0.0845572
15.4047  0.067743  11.5285  0.0855442
15.428  0.0673767  11.5524  0.0872561
15.4535  0.0678613  11.5848  0.0886055
15.4793  0.0676587  11.6151  0.0894453
15.5076  0.0683733  11.6294  0.0888408
15.5369  0.0681742  11.6508  0.0894672
15.5583  0.0670882  11.6571  0.089528
15.5842  0.0674736  11.6617  0.0895795
15.6132  0.0669597  11.6882  0.0895968
15.6592  0.0668542  11.7234  0.0880526
15.6844  0.0663998  11.731  0.0881719
15.7196  0.0669102  11.7401  0.088783
15.7442  0.0672901  11.7709  0.0875894
15.7701  0.0673472  11.7842  0.0877105
15.8008  0.0680646  11.8168  0.0873259
15.8227  0.0683185  11.8237  0.0875654
15.8378  0.0674223  11.8446  0.087737
15.8632  0.0673422  11.8519  0.088133
15.8941  0.0669756  11.8736  0.0876159
15.9201  0.0664203  11.8956  0.088465
15.9451  0.0671439  11.9147  0.0882037
15.9752  0.0663015  11.9361  0.085787
16.0031  0.0668705  11.9591  0.0876122
16.0353  0.0659154  11.9837  0.0867617
16.0643  0.0665273  12.0049  0.086326
16.0901  0.0671058  12.0286  0.0885682
16.1255  0.066954  12.043  0.0880374
16.1466  0.0672044  12.0545  0.0888519
16.1788  0.0671305  12.1037  0.0901833
16.208  0.0679583  12.1222  0.0887422
16.2248  0.0680752  12.1348  0.0881841
16.2476  0.0682061  12.1492  0.0883061
16.281  0.0690937  12.1703  0.0881675
16.2991  0.0690291  12.1939  0.0892479
16.3176  0.0693901  12.2151  0.0903436
16.3466  0.0695872  12.2244  0.0906772
16.3808  0.0692493  12.2456  0.090717
16.4076  0.0683661  12.2731  0.0910342
16.4392  0.066712  12.2886  0.0922547
16.4606  0.0668447  12.2977  0.0910397
16.4773  0.066975  12.3353  0.0915418
16.5065  0.0663055  12.35  0.0928499
16.5259  0.0656906  12.3611  0.0925041
16.5511  0.0660212  12.3725  0.0926644
16.5681  0.066719  12.3898  0.0928827
16.5857  0.0662899  12.403  0.0905887
16.6113  0.0660479  12.4213  0.0895838
16.6357  0.0661987  12.4571  0.0892707
16.6688  0.0670891  12.4679  0.0880031
16.6822  0.0668091  12.4981  0.0892311
16.7132  0.0670685  12.5224  0.0899989
16.7291  0.0663066  12.5448  0.0899694
16.7516  0.0664519  12.5409  0.0912302
16.7749  0.0665405  12.5528  0.0922968
16.7992  0.0666956  12.5762  0.0926934
16.8291  0.0655717  12.5843  0.0904521
16.8477  0.0657214  12.62  0.0898989
16.8796  0.0647242  12.6331  0.0896301
16.9087  0.0643287  12.6587  0.0907302
16.9318  0.0647374  12.6732  0.0914071
16.9625  0.0647305  12.6864  0.0902847
16.9855  0.0657058  12.704  0.0914062
17.0128  0.0661651  12.7321  0.0933514
17.0342  0.0660296  12.7507  0.0944437
17.0552  0.0653314  12.784  0.0946716
17.076  0.0652569  12.7817  0.0931783
17.0974  0.0656275  12.8054  0.0947442
17.1223  0.0661664  12.8288  0.0951419
17.1399  0.0643869  12.8602  0.0937074
17.1759  0.0633971  12.8696  0.093357
17.1949  0.0626589  12.8926  0.0955264
17.2285  0.0624237  12.8972  0.093601
17.2432  0.0619515  12.9259  0.093157
17.268  0.0624343  12.9338  0.0929232
17.2988  0.0620117  12.9531  0.0932852
17.332  0.061882  12.9578  0.093447
17.3531  0.062075  12.9701  0.09226
17.3832  0.0619436  12.9896  0.0904231
17.4147  0.0623149  12.9944  0.0930974
17.4334  0.0613515  13.0151  0.0942558
17.4511  0.0606099  13.0287  0.0941422
17.4744  0.061392  13.036  0.0937179
17.497  0.0611539  13.061  0.0941653
17.5253  0.0618209  13.0787  0.0946937
17.5457  0.0621055  13.099  0.0957651
17.5715  0.0620257  13.1123  0.0962606
17.5966  0.0609271  13.1277  0.0955426
17.6184  0.0611024  13.1441  0.095113
17.6384  0.0597665  13.1784  0.0953721
17.654  0.0598959  13.1983  0.0953328
17.677  0.0594046  13.2073  0.0961991
17.7038  0.0593469  13.2455  0.0944034
17.7233  0.0596582  13.2628  0.0941866
17.7518  0.0605399  13.2838  0.0943187
17.7779  0.0602621  13.2963  0.0955013
17.8097  0.0600009  13.3014  0.0955179
17.8238  0.060379  13.3376  0.0957685
17.8456  0.0603817  13.3538  0.0958981
17.869  0.0594223  13.3651  0.0956378
17.8942  0.0598988  13.3773  0.0953151
17.9158  0.0614834  13.388  0.0958453
17.9471  0.0606224  13.4242  0.0954276
17.9652  0.0593478  13.4417  0.0962864
17.9915  0.0596171  13.4568  0.0967295
18.0172  0.0604573  13.459  0.097795
18.035  0.0598272  13.4934  0.0985327
18.059  0.0606374  13.4952  0.0998083
18.0811  0.0613789  13.4968  0.0998743
18.1082  0.0631022  13.5087  0.0979036
18.1283  0.0626356  13.528  0.098266
18.1512  0.062923  13.5494  0.0999403
18.1776  0.0626408  13.5758  0.100847
18.2096  0.0623349  13.5943  0.101291
18.2255  0.0637529  13.6192  0.102404
18.2418  0.0640274  13.6309  0.102635
18.2535  0.0645243  13.6505  0.102316
18.268  0.0645015  13.6782  0.101885
18.2897  0.0638626  13.6878  0.103459
18.3059  0.0647313  13.7147  0.103869
18.3358  0.0652603  13.7364  0.103385
18.3605  0.0652038  13.7575  0.103795
18.3746  0.0655238  13.785  0.10316
18.3886  0.0662135  13.8002  0.10338
18.4107  0.0668294  13.8189  0.103009
18.4344  0.0677096  13.8358  0.103246
18.453  0.0685643  13.8346  0.103647
18.4713  0.0678613  13.8647  0.104078
18.4912  0.068774  13.8911  0.106592
18.5129  0.068465  13.9144  0.106374
18.5414  0.0690484  13.9225  0.106342
18.5621  0.069805  13.9457  0.105437
18.5859  0.0697699  13.9605  0.104526
18.6155  0.0704567  13.9831  0.103776
18.6289  0.0705533  14.0016  0.104603
18.6573  0.0704923  14.0228  0.104003
18.6885  0.0702298  14.0578  0.104838
18.7146  0.0699663  14.0607  0.102929
18.742  0.0696076  14.0761  0.102851
18.7726  0.0699745  14.0754  0.103404
18.7926  0.069855  14.0938  0.103577
18.8167  0.0702475  14.1065  0.104018
18.842  0.0723765  14.1225  0.104152
18.8643  0.0723637  14.1604  0.103568
18.8791  0.0728449  14.1775  0.10478
18.8999  0.0731451  14.1982  0.105039
18.9234  0.0734304  14.2138  0.10503
18.939  0.073986  14.229  0.104968
18.9602  0.0744739  14.2493  0.105049
18.9933  0.0738348  14.274  0.106415
19.0159  0.072678  14.2754  0.107119
19.0352  0.0741979  14.3054  0.106368
19.0588  0.0745534  14.3171  0.105728
19.0843  0.0756803  14.3301  0.106859
19.1051  0.0750885  14.3324  0.105256
19.138  0.0748268  14.3732  0.105938
19.1651  0.0745764  14.3845  0.10625
19.1945  0.0747434  14.3904  0.106065
19.2188  0.0745183  14.4226  0.106563
19.2306  0.0743939  14.4488  0.106705
19.2451  0.0756664  14.4711  0.108101
19.2622  0.0757189  14.4738  0.105912
19.2711  0.075223  14.483  0.106666
19.2978  0.0751172  14.4969  0.107281
19.3183  0.0755089  14.4964  0.107789
19.3365  0.0752346  14.523  0.10913
19.3644  0.0752547  14.5529  0.108056
19.3895  0.0754828  14.5725  0.108271
19.4115  0.0754586  14.5953  0.10943
19.4426  0.0754864  14.6103  0.111112
19.4624  0.075691  14.6303  0.110735
19.4801  0.0760953  14.65  0.112222
19.5077  0.0760302  14.6733  0.11223
19.5301  0.0756499  14.692  0.112333
19.5552  0.0760137  14.698  0.111807
19.5817  0.0757476  14.7155  0.112228
19.5895  0.0765218  14.7206  0.112163
19.6061  0.0765344  14.7366  0.112636
19.6353  0.0767339  14.7519  0.113248
19.6637  0.0779693  14.7803  0.111376
19.6832  0.077845  14.7924  0.111296
19.7073  0.0780885  14.8056  0.110935
19.7354  0.0782416  14.8063  0.109947
19.7664  0.0779116  14.8343  0.110372
19.7883  0.0786485  14.8446  0.10943
19.8046  0.0789269  14.8488  0.109521
19.8231  0.0792174  14.8537  0.109449
19.8446  0.0788283  14.8778  0.110617
19.8748  0.0787894  14.8854  0.110621
19.9066  0.0802486  14.9042  0.111373
19.9229  0.0809306  14.9134  0.11282
19.9506  0.0819077  14.9262  0.113262
19.9674  0.0814594  14.9535  0.114259
19.9936  0.0827504  14.9698  0.114431
20.0126  0.0823504  14.9984  0.112824
20.0355  0.0820878  15.0185  0.113635
20.0629  0.0826643  15.0291  0.114683
20.0938  0.082759  15.0368  0.114755
20.1147  0.0844124  15.0601  0.11463
20.1296  0.0850109  15.0734  0.113768
20.1528  0.0849109  15.0847  0.115116
20.1815  0.084396  15.0891  0.11591
20.2003  0.0832214  15.1127  0.116252
20.2134  0.0835696  15.1433  0.115073
20.236  0.0828978  15.165  0.114518
20.2713  0.0821121  15.1846  0.115273
20.285  0.0828832  15.1908  0.115962
20.3091  0.0825408  15.1806  0.115924
20.3272  0.0826481  15.2162  0.115999
20.341  0.0819227  15.2387  0.118126
20.3533  0.0822557  15.2403  0.118547
20.3725  0.0820981  15.2613  0.118584
20.3909  0.0817637  15.2813  0.119717
20.4121  0.0823301  15.282  0.121531
20.4366  0.0833855  15.2999  0.122789
20.4575  0.0827946  15.3275  0.121854
20.4708  0.0838266  15.3322  0.122315
20.4926  0.0834384  15.347  0.123005
20.5162  0.0840219  15.3643  0.123614
20.5307  0.0835251  15.389  0.125093
20.5545  0.0820012  15.4117  0.124135
20.5818  0.082076  15.4282  0.124549
20.6085  0.0826685  15.451  0.124307
20.6249  0.0838884  15.4598  0.124981
20.6409  0.0842337  15.494  0.124994
20.6569  0.0834536  15.5352  0.125064
20.6776  0.0824144  15.5302  0.12534
20.6984  0.0821518  15.5398  0.124802
20.7119  0.0821257  15.557  0.125281
20.7343  0.0825888  15.5812  0.12567
20.7521  0.0832982  15.5988  0.124894
20.7697  0.0838882  15.6254  0.124761
20.7777  0.0829061  15.6319  0.1262
20.806  0.0840631  15.6393  0.126459
20.8309  0.0850059  15.6622  0.126792
20.8463  0.0840806  15.6811  0.127253
20.8689  0.0839358  15.7052  0.126929
20.8935  0.0843697  15.7117  0.128366
20.9097  0.0836569  15.7349  0.129559
20.926  0.0821224  15.7563  0.130053
20.9426  0.0826051  15.7735  0.129512
20.9478  0.0823783  15.7673  0.130288
20.9668  0.0824636  15.7833  0.130992
20.9936  0.0831232  15.8096  0.130548
21.0117  0.0820309  15.8247  0.131442
21.0244  0.0829104  15.8494  0.131845
21.0483  0.0834228  15.8491  0.132838
21.0587  0.0830747  15.8745  0.132445
21.0883  0.082162  15.9016  0.133228
21.1082  0.0822958  15.9107  0.133873
21.1237  0.0825849  15.9268  0.133152
21.1434  0.08262  15.9449  0.131698
21.1643  0.082449  15.9565  0.13227
21.185  0.0825875  15.9675  0.130334
21.2013  0.0826748  15.9758  0.13189
21.2212  0.0826118  15.9897  0.132236
21.2528  0.0822258  16.0085  0.131486
21.2704  0.0814029  16.0454  0.131691
21.2871  0.0813041  16.0623  0.132599
21.3118  0.0810137  16.0729  0.13331
21.3381  0.0829619  16.0739  0.134111
21.3517  0.082576  16.1001  0.133911
21.3669  0.0826593  16.1238  0.133098
21.3965  0.08353  16.1257  0.132666
21.419  0.0846426  16.1365  0.133407
21.4377  0.0844881  16.1376  0.134119
21.4586  0.0853744  16.1478  0.133666
21.477  0.085122  16.162  0.13365
21.4941  0.0848677  16.1739  0.134585
21.5136  0.084218  16.1831  0.135097
21.5341  0.0849448  16.1901  0.134257
21.5644  0.0863091  16.2146  0.134116
21.5828  0.0866515  16.2293  0.135594
21.6037  0.0872841  16.2435  0.136343
21.6201  0.0881534  16.2611  0.136895
21.6389  0.0889651  16.2667  0.136237
21.6591  0.0885356  16.2701  0.13613
21.6764  0.0884934  16.2831  0.13752
21.6976  0.0885212  16.2937  0.135899
21.717  0.088641  16.3236  0.136175
21.7308  0.0887527  16.3243  0.13541
21.7489  0.0884517  16.344  0.136823
21.7648  0.0887405  16.3819  0.137021
21.7864  0.0891698  16.3853  0.135028
21.8204  0.0897351  16.3983  0.135003
21.8369  0.0892893  16.4156  0.134397
21.8547  0.0896527  16.429  0.134545
21.8805  0.0896506  16.4506  0.136365
21.9007  0.0894215  16.4545  0.135568
21.9147  0.0882834  16.4724  0.137857
21.9375  0.0882321  16.4951  0.136512
21.9601  0.0884985  16.5031  0.136434
21.974  0.0887668  16.5008  0.138527
21.9966  0.0889163  16.5135  0.137969
22.0234  0.0888719  16.5394  0.137298
22.0515  0.0883963  16.5552  0.138102
22.0711  0.0894244  16.5793  0.137229
22.0943  0.0903903  16.5985  0.137187
22.1178  0.0895503  16.6254  0.137049
22.1386  0.0903471  16.6351  0.137567
22.1621  0.090004  16.6496  0.136469
22.1893  0.0909683  16.6608  0.135579
22.2059  0.0909165  16.6647  0.133909
22.2186  0.0905551  16.6741  0.133069
22.2401  0.0909062  16.7014  0.133201
22.2692  0.0913192  16.729  0.133031
22.2935  0.0910464  16.719  0.132305
22.3108  0.0906473  16.7238  0.131489
22.328  0.0923953  16.7425  0.133156
22.3582  0.0924024  16.7623  0.134128
22.3805  0.0916788  16.772  0.135085
22.4004  0.0918642  16.781  0.134966
22.4146  0.0910235  16.7912  0.135923
22.4329  0.0905462  16.802  0.135598
22.454  0.0897154  16.8155  0.136002
22.4717  0.0890531  16.8358  0.136614
22.4808  0.0886  16.8769  0.137499
22.4966  0.0876761  16.8677  0.13725
22.5097  0.0873713  16.8854  0.137502
22.5204  0.0876756  16.8981  0.137277
22.5309  0.0871287  16.9063  0.138954
22.5485  0.0875015  16.9237  0.139077
22.5653  0.088627  16.927  0.138547
22.5916  0.0889957  16.9502  0.137654
22.602  0.0883666  16.9666  0.137603
22.6123  0.0887116  16.9787  0.13873
22.6385  0.0881513  16.9734  0.139437
22.6604  0.0898714  16.9933  0.140339
22.6749  0.0903973  16.9875  0.140043
22.6986  0.0906255  17.0198  0.140969
22.7187  0.0890453  17.0202  0.139583
22.7478  0.0894657  17.0376  0.138486
22.7573  0.0896197  17.049  0.139882
22.7763  0.0884981  17.0581  0.140959
22.8104  0.0894348  17.0757  0.142725
22.8377  0.0886177  17.096  0.140576
22.8584  0.0896591  17.1175  0.140123
22.8731  0.0898042  17.1226  0.140559
22.8853  0.0897259  17.1343  0.139078
22.9005  0.0899725  17.1542  0.138218
22.9332  0.0902156  17.1544  0.139165
22.9562  0.0909213  17.1486  0.140497
22.9653  0.0911008  17.1731  0.140495
22.9813  0.0910069  17.1992  0.139216
22.9991  0.0914046  17.2113  0.138451
23.0254  0.0912134  17.2231  0.137921
23.0429  0.0913733  17.2382  0.136596
23.0596  0.0910623  17.2635  0.138606
23.0839  0.0905199  17.271  0.139598
23.102  0.0917572  17.2864  0.140343
23.1151  0.0926439  17.3069  0.139674
23.1258  0.0923886  17.3313  0.139923
23.1426  0.0932669  17.3458  0.139284
23.1579  0.0935794  17.3716  0.138547
23.1723  0.0926041  17.3933  0.137567
23.1906  0.0922487  17.4132  0.137477
23.2043  0.0926732  17.4389  0.137553
23.222  0.0928115  17.4706  0.137374
23.241  0.0921492  17.4783  0.138713
23.2534  0.0918991  17.4925  0.138123
23.2674  0.0917605  17.5188  0.138313
23.2848  0.0926952  17.5325  0.138153
23.3024  0.0919151  17.5517  0.137764
23.318  0.0922457  17.5705  0.137769
23.3323  0.0926256  17.5875  0.137558
23.3497  0.0929678  17.6169  0.137307
23.3631  0.0929872  17.6379  0.137989
23.3822  0.0933453  17.6514  0.140226
23.3936  0.0941421  17.6622  0.139106
23.4104  0.0946005  17.6911  0.139015
23.4244  0.0944203  17.7001  0.139208
23.4396  0.0943718  17.7225  0.139488
23.4459  0.0944654  17.7404  0.138728
23.4681  0.0946231  17.7553  0.138603
23.4889  0.0957715  17.771  0.138258
23.5093  0.0947523  17.7621  0.139559
23.5267  0.0953876  17.7799  0.139455
23.5509  0.0951475  17.8065  0.138902
23.5706  0.0952117  17.8086  0.137623
23.5869  0.0959643  17.8302  0.138784
23.6  0.0953731  17.8425  0.139357
23.626  0.0945252  17.8482  0.13796
23.645  0.0947154  17.8726  0.136905
23.6682  0.0945061  17.8816  0.136878
23.6983  0.0950527  17.8811  0.136463
23.7081  0.0952852  17.8886  0.136279
23.7264  0.0945274  17.9081  0.137508
23.7465  0.0949896  17.9244  0.137869
23.7639  0.0944392  17.9507  0.138567
23.7776  0.0952787  17.9667  0.138803
23.8073  0.0951294  17.9734  0.139935
23.8255  0.0955622  17.989  0.138978
23.8428  0.0964716  18.0054  0.140198
23.8624  0.0979823  18.0069  0.140331
23.8853  0.0980481  18.0188  0.1415
23.9074  0.0986451  18.0396  0.141305
23.9136  0.0993004  18.0567  0.141825
23.9348  0.0996935  18.0525  0.141556
23.9455  0.100473  18.0648  0.141215
23.9668  0.0993304  18.0708  0.140826
23.9882  0.0997205  18.1083  0.139614
23.9987  0.100723  18.1227  0.139722
24.0108  0.100048  18.1417  0.140334
24.0398  0.100119  18.1687  0.141104
24.04  0.100592  18.1594  0.143167
24.0599  0.10125  18.1769  0.144905
24.0811  0.101018  18.1755  0.142834
24.0893  0.100019  18.1881  0.143814
24.1117  0.0995051  18.1957  0.143255
24.123  0.0996353  18.2122  0.143394
24.1385  0.100082  18.2233  0.144552
24.1549  0.100202  18.2391  0.144566
24.1661  0.100312  18.2599  0.144372
24.1807  0.0998718  18.2763  0.144352
24.2007  0.0995491  18.2879  0.145121
24.2233  0.0993263  18.289  0.14498
24.2412  0.0991888  18.2828  0.144214
24.2529  0.0984385  18.3003  0.144557
24.2658  0.0986233  18.3129  0.145732
24.2814  0.0999189  18.3173  0.144782
24.3012  0.10061  18.3523  0.146965
24.3223  0.100815  18.3683  0.147197
24.3312  0.101718  18.3721  0.146688
24.3456  0.101105  18.391  0.147902
24.3604  0.101421  18.4063  0.146877
24.3811  0.100106  18.4003  0.146596
24.4023  0.0997498  18.4077  0.145798
24.4171  0.100041  18.4142  0.143474
24.4255  0.100516  18.426  0.14297
24.4491  0.100974  18.4413  0.14347
24.4733  0.100725  18.4436  0.144611
24.4878  0.100388  18.4371  0.145197
24.5037  0.100263  18.4568  0.144071
24.5129  0.0997492  18.4591  0.144634
24.5372  0.0985308  18.4602  0.145298
24.5594  0.098039  18.4924  0.145742
24.5762  0.0988273  18.4907  0.146197
24.5954  0.0988119  18.5098  0.145922
24.6091  0.0994651  18.5212  0.146988
24.6238  0.0997904  18.5359  0.147587
24.6341  0.0997495  18.5399  0.147532
24.6546  0.0999432  18.5295  0.148074
24.6729  0.100241  18.5544  0.147154
24.6965  0.100655  18.5718  0.147863
24.7148  0.101154  18.5851  0.148806
24.7318  0.10206  18.596  0.148885
24.7545  0.101989  18.6008  0.148721
24.7727  0.101606  18.6063  0.150296
24.7911  0.101932  18.6147  0.150498
24.8043  0.101928  18.625  0.150431
24.8079  0.101555  18.6358  0.150034
24.8083  0.102511  18.6572  0.151875
24.8243  0.102621  18.6876  0.151351
24.8432  0.102653  18.6992  0.150065
24.8524  0.10205  18.7134  0.150191
24.876  0.102344  18.7046  0.149497
24.8903  0.103129  18.7357  0.14955
24.9089  0.102081  18.7578  0.148583
24.9377  0.102595  18.7681  0.148949
24.9516  0.101578  18.7923  0.14884
24.9734  0.101475  18.7985  0.148478
24.9815  0.10252  18.8004  0.149897
24.9912  0.103321  18.8143  0.15095
25.0131  0.102784  18.8276  0.151747
25.0296  0.102544  18.8321  0.152926
25.0427  0.103367  18.8702  0.153576
25.065  0.104079  18.8747  0.152178
25.0824  0.104303  18.8996  0.152432
25.0924  0.104806  18.9275  0.152307
25.1119  0.104383  18.9319  0.152042
25.1323  0.104004  18.941  0.151353
25.1395  0.10321  18.9471  0.15004
25.1607  0.104275  18.9692  0.151247
25.1738  0.104709  18.963  0.151492
25.1915  0.105293  18.966  0.151579
25.2062  0.105281  18.9643  0.153092
25.2146  0.104621  18.968  0.153164
25.2254  0.104944  18.9747  0.153497
25.241  0.104396  18.9911  0.155052
25.2484  0.103797  18.9962  0.154679
25.2664  0.103728  18.9946  0.153984
25.2946  0.104397  19.0106  0.151847
25.3045  0.10358  19.0188  0.152254
25.3231  0.102697  19.0484  0.151126
25.3382  0.103589  19.064  0.151171
25.3554  0.103863  19.0835  0.150884
25.3767  0.103463  19.116  0.149693
25.395  0.10288  19.1159  0.149424
25.4077  0.1028  19.1234  0.149682
25.4314  0.102354  19.1486  0.148467
25.458  0.101793  19.17  0.148902
25.473  0.101861  19.1939  0.148251
25.4952  0.101829  19.1995  0.14911
25.5167  0.10173  19.2132  0.150209
25.5209  0.100905  19.2333  0.149934
25.5435  0.101468  19.2434  0.151056
25.5685  0.101569  19.2646  0.151814
25.5953  0.101757  19.2736  0.151419
25.6128  0.102212  19.2861  0.150731
25.6271  0.101603  19.2925  0.150706
25.6443  0.10111  19.3055  0.151376
25.6672  0.101437  19.3214  0.153179
25.6793  0.100687  19.3334  0.152575
25.6974  0.0995796  19.3531  0.152967
25.7206  0.0995937  19.3501  0.154093
25.7371  0.100598  19.3537  0.154682
25.753  0.100928  19.3636  0.1536
25.7644  0.100877  19.369  0.152542
25.7773  0.100932  19.3925  0.15262
25.7953  0.100715  19.4008  0.153216
25.8031  0.10052  19.4291  0.152135
25.8294  0.101449  19.4262  0.152306
25.8466  0.101858  19.4511  0.153399
25.8676  0.101906  19.4771  0.154149
25.8902  0.10177  19.4836  0.154362
25.9066  0.10109  19.4816  0.155452
25.9248  0.100599  19.4847  0.154543
25.9447  0.101474  19.5004  0.15458
25.9558  0.102169  19.5108  0.153953
25.975  0.102168  19.5175  0.152981
25.9874  0.101616  19.532  0.153975
26.0083  0.101349  19.5522  0.152425
26.0198  0.101921  19.5467  0.151756
26.039  0.101537  19.5475  0.152028
26.056  0.101927  19.5691  0.152239
26.0756  0.102509  19.5744  0.152355
26.0934  0.102546  19.5815  0.150325
26.114  0.10221  19.5992  0.149258
26.1342  0.101644  19.6047  0.150584
26.1484  0.101323  19.5999  0.149344
26.1652  0.10128  19.6248  0.149669
26.1794  0.100606  19.6253  0.150033
26.192  0.100108  19.6422  0.149692
26.2188  0.0992412  19.651  0.149776
26.236  0.0986668  19.6725  0.150874
26.2491  0.0980749  19.6806  0.150905
26.2704  0.097773  19.6963  0.150392
26.2858  0.0977068  19.7094  0.151229
26.2965  0.0979491  19.7252  0.150673
26.3144  0.0978942  19.7397  0.150053
26.3317  0.0982113  19.7486  0.151033
26.3441  0.0985314  19.752  0.152351
26.3619  0.09791  19.7618  0.153104
26.3839  0.0975258  19.7966  0.15376
26.3963  0.0971722  19.8018  0.153568
26.4076  0.0972745  19.8053  0.153216
26.4223  0.0970917  19.8278  0.152818
26.4407  0.0981144  19.8333  0.151885
26.4548  0.0977935  19.8545  0.15164
26.4776  0.0987624  19.8685  0.150966
26.4928  0.0982477  19.8965  0.150157
26.5095  0.0982828  19.9238  0.151313
26.531  0.0985161  19.9225  0.150842
26.5558  0.0990576  19.9323  0.15204
26.5778  0.0989213  19.949  0.152838
26.5932  0.0983947  19.9462  0.151711
26.6227  0.0983605  19.9684  0.151235
26.6459  0.0981285  19.9798  0.151358
26.6698  0.0977005  19.9887  0.151493
26.6807  0.0982783  20.0073  0.14955
26.6925  0.0989907  20.005  0.149715
26.7115  0.0984178  20.0182  0.149937
26.7225  0.0988616  20.0405  0.150028
26.7354  0.0985793  20.0408  0.150521
26.7592  0.0987362  20.0646  0.150027
26.7794  0.0984971  20.0619  0.151062
26.7992  0.099365  20.0788  0.149708
26.8192  0.0995794  20.1069  0.150073
26.8401  0.0998288  20.1202  0.149138
26.8593  0.100912  20.1296  0.148033
26.8724  0.1009  20.145  0.148888
26.8801  0.100509  20.163  0.14998
26.8876  0.100688  20.1822  0.150161
26.907  0.100839  20.1814  0.15154
26.9208  0.100402  20.208  0.151618
26.9416  0.101503  20.2142  0.15273
26.9554  0.101792  20.2182  0.153296
26.9724  0.100851  20.2476  0.153707
26.9852  0.101495  20.2536  0.153603
26.999  0.100578  20.2609  0.154513
27.0251  0.10098  20.268  0.154248
27.031  0.101344  20.2854  0.154766
27.0558  0.100609  20.2887  0.154208
27.0652  0.101052  20.2853  0.155027
27.0837  0.100954  20.3037  0.155738
27.107  0.101234  20.3229  0.156115
27.1267  0.101778  20.3073  0.157767
27.1507  0.102021  20.3236  0.158104
27.1656  0.10217  20.3232  0.15926
27.1774  0.102048  20.3401  0.158635
27.1949  0.102765  20.3647  0.158038
27.2144  0.102835  20.3678  0.157547
27.2396  0.103107  20.3743  0.158703
27.2489  0.103639  20.3977  0.157466
27.2659  0.103618  20.4012  0.15615
27.2765  0.103035  20.4046  0.155289
27.2921  0.103363  20.4072  0.156876
27.3211  0.103649  20.4286  0.158177
27.3364  0.103223  20.4258  0.157735
27.3437  0.104233  20.4512  0.159196
27.3711  0.10476  20.467  0.159916
27.392  0.104997  20.4655  0.160299
27.411  0.104068  20.471  0.160949
27.4239  0.104334  20.4862  0.159699
27.441  0.103671  20.4865  0.159934
27.4535  0.105188  20.4837  0.159256
27.4838  0.10441  20.4979  0.159859
27.507  0.104215  20.5158  0.160043
27.5243  0.105712  20.5518  0.160759
27.5483  0.105173  20.5711  0.160712
27.5747  0.104852  20.5817  0.160533
27.5921  0.105481  20.5924  0.161711
27.6091  0.105152  20.5951  0.162287
27.624  0.105291  20.6053  0.162876
27.6459  0.105862  20.6245  0.161403
27.6621  0.105671  20.6489  0.161568
27.6811  0.106332  20.6593  0.160818
27.7012  0.10704  20.6721  0.161842
27.712  0.106653  20.6842  0.162486
27.7403  0.106939  20.6932  0.162537
27.7575  0.106806  20.7134  0.163012
27.7744  0.106622  20.7266  0.1631
27.7895  0.10652  20.737  0.163473
27.8091  0.105745  20.7519  0.164193
27.8282  0.10623  20.7675  0.162415
27.857  0.105558  20.7703  0.162369
27.8695  0.105742  20.7679  0.162489
27.8898  0.105493  20.7839  0.161795
27.9037  0.105631  20.8121  0.160206
27.9215  0.105397  20.8257  0.15944
27.9394  0.105295  20.8433  0.160067
27.9504  0.105429  20.8465  0.160651
27.9663  0.106433  20.8589  0.159751
27.9808  0.106512  20.8601  0.160902
27.9913  0.10698  20.8784  0.160387
28.0035  0.108046  20.8845  0.159684
28.0099  0.108798  20.9  0.160187
28.0269  0.109148  20.9042  0.159779
28.0391  0.110097  20.8885  0.157984
28.056  0.110889  20.8925  0.157686
28.0784  0.110462  20.9101  0.157574
28.0999  0.110029  20.9096  0.157802
28.1078  0.110494  20.9129  0.157372
28.1166  0.109812  20.9205  0.156116
28.1373  0.110727  20.9322  0.154858
28.1576  0.11144  20.9548  0.154349
28.1749  0.111972  20.9814  0.155325
28.1894  0.111945  20.997  0.154146
28.2052  0.111444  21.0066  0.154527
28.2211  0.110916  21.0084  0.153595
28.2364  0.110838  21.018  0.152714
28.246  0.110105  21.0207  0.152759
28.2632  0.10989  21.0289  0.15345
28.274  0.110032  21.047  0.153439
28.2971  0.109647  21.0618  0.152961
28.3109  0.109644  21.0845  0.15322
28.331  0.109692  21.1016  0.15586
28.354  0.109848  21.1215  0.155588
28.3575  0.110166  21.1268  0.155353
28.3713  0.10887  21.159  0.154244
28.3723  0.109103  21.166  0.154724
28.3917  0.108818  21.1947  0.154623
28.4014  0.109085  21.2101  0.155499
28.4238  0.108631  21.2223  0.155307
28.4313  0.108091  21.2319  0.154806
28.456  0.107865  21.2188  0.156875
28.4732  0.108003  21.2333  0.157454
28.4826  0.108641  21.2369  0.157028
28.4968  0.108163  21.241  0.155871
28.5289  0.108927  21.2416  0.156202
28.5519  0.108519  21.256  0.155859
28.5612  0.108896  21.2786  0.155229
28.5778  0.109048  21.2854  0.15571
28.5802  0.109277  21.3026  0.155825
28.5942  0.109497  21.3212  0.157159
28.6058  0.110556  21.3261  0.158709
28.6194  0.110431  21.3485  0.157482
28.6385  0.111463  21.3514  0.15711
28.6579  0.111195  21.369  0.156443
28.6701  0.110881  21.3889  0.154874
28.6918  0.110598  21.3905  0.154655
28.7017  0.110384  21.4041  0.154083
28.7146  0.111256  21.408  0.154262
28.7414  0.111262  21.412  0.155598
28.7546  0.111419  21.4299  0.155481
28.7587  0.111888  21.4436  0.155727
28.7742  0.112266  21.4455  0.156073
28.7922  0.113383  21.4543  0.1568
28.8049  0.112312  21.4632  0.156897
28.8142  0.112648  21.4645  0.156746
28.8269  0.112854  21.4695  0.155442
28.8424  0.112026  21.4918  0.155198
28.8594  0.112772  21.5057  0.155257
28.8651  0.112834  21.5019  0.155114
28.8842  0.114121  21.5264  0.155307
28.8883  0.114179  21.5273  0.154368
28.8914  0.114593  21.5414  0.153887
28.8988  0.114467  21.5562  0.155006
28.9081  0.11474  21.5525  0.155498
28.9173  0.114882  21.5823  0.154966
28.9226  0.114948  21.5872  0.154648
28.9406  0.114705  21.5991  0.155159
28.9537  0.114396  21.6173  0.15642
28.9592  0.113761  21.6204  0.156035
28.9668  0.114133  21.6184  0.155474
28.9783  0.113982  21.645  0.156384
28.9907  0.113846  21.6541  0.157373
29.005  0.114436  21.6642  0.157359
29.0189  0.114156  21.6793  0.15473
29.0386  0.114713  21.6932  0.155988
29.0528  0.114912  21.6946  0.155585
29.0673  0.114748  21.6979  0.158202
29.0831  0.11592  21.7039  0.159235
29.1057  0.116207  21.7347  0.159182
29.1219  0.116108  21.7458  0.15923
29.1362  0.11675  21.7485  0.159838
29.1514  0.116115  21.7608  0.161345
29.1759  0.116439  21.7725  0.161308
29.1858  0.116555  21.7777  0.161875
29.2017  0.115645  21.7727  0.161808
29.2173  0.114552  21.7959  0.161772
29.2271  0.11354  21.802  0.160696
29.2494  0.114051  21.8322  0.160101
