0.5  -0.973136  0.00174084  0.212025  0.0135192  77.4488  1.61082
0.538  -0.958304  0.00173749  0.282104  0.0114463  62.7821  1.56142
0.576  -0.942768  0.00148399  0.335131  0.00843831  49.8476  1.26602
0.615  -0.938336  0.00133508  0.316017  0.00654527  47.605  0.971651
0.653  -0.922328  0.00115163  0.350159  0.00493328  36.2882  0.73156
0.692  -0.907208  0.00132483  0.36957  0.00496471  32.1007  0.769526
0.73  -0.881008  0.000975253  0.420013  0.00321705  19.6874  0.590891
0.769  -0.862784  0.000790161  0.43223  0.00230512  16.9247  0.346028
0.807  -0.845992  0.000694793  0.436542  0.00180314  14.821  0.267793
0.846  -0.826656  0.000568899  0.44241  0.00131464  11.1356  0.222402
0.884  -0.812024  0.0006509  0.435875  0.00135068  10.0144  0.177162
0.923  -0.795224  0.000526057  0.431513  0.000981563  8.46567  0.152505
0.961  -0.77692  0.000443689  0.429222  0.000747137  6.89641  0.135037
1  -0.7584  0.000544612  0.424829  0.000829514  6.01834  0.104438
1.038  -0.743872  0.000638879  0.41455  0.000885391  5.7759  0.0770577
1.076  -0.72852  0.000646733  0.40531  0.00081745  5.22604  0.0793967
1.115  -0.713536  0.000654599  0.394833  0.000754026  4.90624  0.071581
1.153  -0.698104  0.000514532  0.385623  0.000542391  4.24665  0.0583309
1.192  -0.684408  0.000473527  0.374128  0.000456656  4.01658  0.0416691
1.23  -0.669264  0.000535212  0.364919  0.000475681  3.78072  0.0333625
1.269  -0.65396  0.000530088  0.355409  0.000433245  3.35788  0.0328631
1.307  -0.641304  0.000483642  0.344639  0.000364891  3.25945  0.0250624
1.346  -0.627568  0.000414591  0.334577  0.000288919  3.03155  0.026272
1.384  -0.61692  0.000353483  0.323375  0.000228411  2.83857  0.0235845
1.423  -0.60404  0.000327595  0.313658  0.000196206  2.68421  0.0221016
1.461  -0.592952  0.00032729  0.303772  0.000182429  2.55989  0.0191227
1.5  -0.580952  0.000353547  0.294442  0.000183306  2.45704  0.0147966
1.538  -0.56876  0.000414572  0.285998  0.000200624  2.33678  0.0163151
1.576  -0.558984  0.000430378  0.276811  0.000194662  2.21226  0.0141901
1.615  -0.54752  0.000415144  0.268467  0.000175309  2.11164  0.0110115
1.653  -0.537304  0.000401326  0.260321  0.000158817  1.99255  0.0105432
1.692  -0.526664  0.000376572  0.252413  0.000139505  1.86978  0.0112931
1.73  -0.516736  0.000410834  0.244908  0.000142811  1.78153  0.0112598
1.769  -0.506736  0.000447592  0.237499  0.000146076  1.70605  0.00993499
1.807  -0.498184  0.000423043  0.230247  0.00013018  1.62545  0.00942858
1.846  -0.489368  0.000420532  0.223176  0.00012175  1.55611  0.00830731
1.884  -0.481328  0.000393981  0.216462  0.000107682  1.49681  0.00841951
1.923  -0.472848  0.000395518  0.209959  0.00010197  1.42477  0.00759337
1.961  -0.465888  0.000379377  0.2036  9.25126e-05  1.38247  0.00668517
2  -0.459272  0.0003542  0.197267  8.17321e-05  1.3292  0.00560872
