0.669835  0.0470023
-0.0252616  0.0503878
-0.177498  0.0473126
-0.171297  0.0437801
-0.215276  0.0416235
-0.225987  0.0387347
-0.228747  0.0327804
-0.215625  0.0272321
-0.270633  0.0232028
-0.293157  0.020435
-0.340096  0.0202905
-0.331181  0.0198568
-0.277289  0.0187543
-0.308784  0.0161421
-0.333167  0.0161116
-0.343835  0.0161008
-0.317672  0.0159396
-0.368663  0.0152811
-0.358413  0.0150114
-0.376948  0.0147512
-0.3457  0.0153581
-0.366004  0.0146238
-0.340286  0.0144771
-0.333895  0.0144151
-0.337503  0.0142186
-0.3959  0.0135805
-0.394301  0.0135929
-0.392614  0.0144953
-0.339529  0.0145062
-0.399907  0.0133461
-0.370666  0.0137931
-0.38704  0.0139383
-0.401843  0.0132466
-0.398956  0.0131946
-0.396922  0.0134265
-0.403156  0.0132937
-0.412415  0.0130815
-0.412746  0.012801
-0.406183  0.0128491
-0.385815  0.0131773
-0.418075  0.0123972
-0.398824  0.0126004
-0.407792  0.0123602
-0.372384  0.0128539
-0.41339  0.0116485
-0.415825  0.012172
-0.405831  0.0120797
-0.381355  0.0126836
-0.417087  0.012081
-0.421704  0.0117847
-0.410419  0.0122203
-0.414764  0.0123105
-0.419807  0.0114903
-0.389917  0.0123523
-0.421856  0.0113501
-0.421419  0.0117549
-0.411557  0.0118159
-0.420541  0.011754
-0.411765  0.011683
-0.422834  0.010644
-0.420009  0.0104055
-0.42103  0.0111755
-0.419887  0.0112067
-0.421887  0.0108552
-0.423041  0.0109162
-0.420798  0.0108306
-0.413599  0.0107706
-0.422377  0.0103148
-0.426386  0.0103681
-0.423564  0.0105387
-0.426765  0.0104036
-0.421829  0.010773
-0.418714  0.011085
-0.42308  0.0109392
-0.421657  0.0109511
-0.428022  0.0106941
-0.418567  0.0107245
-0.422592  0.0105748
-0.404873  0.010454
-0.42449  0.0100692
-0.413398  0.0103931
-0.419343  0.0103064
-0.425793  0.0098439
-0.427276  0.00998541
-0.428321  0.0100954
-0.427946  0.0105441
-0.424188  0.010338
-0.429556  0.00994331
-0.429583  0.00982586
-0.419468  0.0101636
-0.42712  0.0101762
-0.422691  0.00989886
-0.418434  0.0103037
-0.430464  0.00984825
-0.427259  0.00987334
-0.428059  0.0100103
-0.389663  0.0105051
-0.427893  0.00905846
-0.421753  0.00960724
-0.427464  0.00941689
