-0.245782
-0.516582
-0.39099
-0.876122
-0.844291
-0.415423
-0.415423
-0.649982
-0.949836
-0.483665
-0.590269
-0.553533
-0.534977
-0.341777
-0.634843
-1.02595
-0.748337
-0.748337
-1.05012
-0.804187
-1.04396
-1.15821
-0.956255
-1.17823
-1.17823
-0.922034
-1.21772
-1.4484
-1.17311
-0.792267
-0.703071
-0.861277
-0.950506
-0.950506
-0.950506
-0.796765
-0.399286
-0.392271
0.0264918
-0.202395
-0.5993
-0.970159
-0.970159
-0.746765
-0.338015
-0.0391819
0.206701
0.607034
0.59843
0.59843
0.724735
0.724735
0.724735
0.310864
0.310864
0.530984
0.219548
-0.0814301
0.17217
-0.11026
-0.303828
-0.303828
-0.0403546
-0.124527
0.214528
-0.167891
-0.581546
-0.581546
-0.898151
-0.898151
-1.2231
-1.2231
-1.46319
-1.49742
-1.49742
-1.49742
-1.49742
-1.12661
-0.922981
-1.01203
-1.19941
-0.860255
-0.891415
-1.33242
-1.33242
-1.33242
-1.3325
-1.3325
-1.3325
-1.04626
-1.04626
-0.903049
-0.941672
-0.941672
-1.37773
-1.44194
-1.30079
-1.25609
-0.989944
-1.44154
-1.82614
-1.82614
-1.37497
-1.37497
-1.40324
-1.22203
-1.19373
-1.63462
-1.46935
-1.91062
-1.52347
-1.60869
-1.5805
-1.6563
-1.6563
-1.60608
-1.60608
-1.60608
-1.33871
-0.988415
-0.988415
-0.510219
-0.48316
-0.387212
-0.70274
-1.16748
-1.14875
-1.14875
-1.14875
-1.03946
-0.652922
-0.746582
-0.334806
0.0458976
-0.154782
-0.0468635
0.390774
0.681081
1.16233
1.16233
1.21396
0.978416
0.491412
0.354938
0.059292
-0.245582
-0.737941
-0.737941
-0.694529
-0.588675
-0.473331
-0.957646
-1.02205
-0.691044
-0.718327
-0.411463
0.0357217
-0.21948
-0.531891
-0.901763
-1.36186
-1.76382
-1.52693
-1.52693
-1.52693
-1.52693
-1.52693
-1.32341
-1.32341
-1.32341
-1.22131
-1.51436
-1.154
-0.87709
-1.05067
-0.935539
-0.786006
-0.536785
-0.364964
0.0883734
0.374292
0.19612
-0.172584
-0.637585
-1.02563
-0.831779
-0.622381
-0.142973
0.130522
0.195964
0.227026
-0.0704652
0.173702
0.298057
0.519529
0.757927
0.593274
0.784027
0.86521
0.854751
0.800094
0.780693
0.780693
0.337066
0.707014
0.707014
0.927553
0.589792
0.467069
0.576189
0.875745
0.743062
0.686254
0.673023
0.737716
0.993152
1.04263
0.948854
0.475282
0.555702
0.820989
0.820989
0.600597
0.574416
1.03765
0.738331
0.654413
0.898048
0.862932
0.883049
0.883049
0.916934
0.583145
0.748252
0.923819
0.591372
0.353394
-0.0250679
-0.169627
0.191135
0.260256
0.305361
-0.0272377
-0.35356
-0.712134
-0.798787
-0.977634
-1.42369
-1.54764
-1.05243
-1.14091
-1.50976
-1.50976
-1.06955
-0.766803
-1.23078
-1.2508
-1.44009
-1.44009
-0.994126
-0.729874
-0.514972
-0.0161757
-0.217742
-0.542636
-0.698224
-1.17421
-1.00739
-0.610721
-0.931054
-0.653694
-0.99534
-1.45786
-1.45786
-1.45786
-1.45786
-1.09434
-1.09434
-1.13775
-0.697012
-0.371478
0.00126445
0.233675
0.731928
0.926644
0.846982
1.32519
1.32479
1.32479
1.3065
1.3065
1.09178
1.01164
1.01164
1.01164
1.50424
1.50424
1.29484
1.29484
1.27877
0.866648
1.13264
1.17044
0.993386
1.18193
1.08022
0.961466
0.469557
0.569053
0.302961
0.474288
0.137092
0.212773
0.245634
0.664148
0.84899
0.84899
0.482093
0.543143
1.01522
0.640179
0.496886
0.277407
0.547467
0.0603774
0.519457
1.00131
1.42814
1.4397
1.70868
1.70868
1.60177
1.48066
1.10681
0.919469
0.590742
0.575911
1.07056
0.922453
1.01703
1.01387
1.22821
1.22821
1.03564
0.621626
0.87062
1.01317
1.13464
1.2081
1.20697
0.759792
0.796292
0.840926
0.607769
1.09407
1.23741
1.15721
1.45852
1.11336
0.97948
0.697072
0.682495
0.324004
0.377963
0.695565
0.396988
0.418412
0.215764
0.625521
0.625521
1.05072
0.573059
0.584017
0.732859
0.732859
0.638549
0.57416
0.345374
0.347548
0.304707
0.229614
-0.256861
-0.686169
-0.956168
-0.68555
-0.881972
-0.545458
-0.996699
-1.28419
-1.17003
-1.17003
-0.786499
-0.642115
-1.10859
-1.07642
-1.02375
-0.791752
-0.52826
-0.582014
-0.582014
-0.154852
-0.388094
-0.388094
-0.388094
-0.332599
-0.332599
-0.494319
-0.958299
-0.797055
-0.797055
-0.5954
-0.244985
-0.633994
-1.00075
-1.28415
-1.26187
-1.67304
-1.28207
-1.15647
-1.15647
-1.09749
-1.22085
-0.840293
-1.12657
-1.09871
-0.756741
-0.416296
0.0265663
-0.467964
-0.918744
-0.567623
-0.551106
-0.603535
-0.794836
-0.794836
-0.431234
-0.778451
-0.778451
-0.721202
-0.293529
-0.198513
-0.198513
-0.465032
-0.204789
0.285073
0.444331
0.390718
0.390718
0.41515
0.773129
0.989129
0.518807
0.642329
0.642329
0.638099
0.74454
0.625364
0.747074
0.361891
0.148553
0.500816
0.896214
0.497234
0.738063
0.527461
0.850484
0.808479
0.512852
0.597057
0.773542
0.773542
0.773542
0.475921
0.443317
0.503326
0.240489
0.441189
0.563808
1.00274
0.818745
0.873556
0.384207
0.384207
0.27379
0.240975
0.170494
0.0364554
0.216493
0.297343
0.110659
0.387602
0.583332
0.176168
0.049694
0.330722
0.293105
0.435276
0.435276
0.311659
0.384649
0.425239
0.425239
0.491576
0.278854
0.198856
0.350771
0.645884
0.860108
0.549208
0.718171
0.683486
0.409868
0.232248
-0.0632854
0.367274
0.549752
0.497925
0.718048
0.674256
0.949264
0.949264
0.98344
1.03676
1.03676
1.46603
1.46603
1.78151
1.37098
0.90041
0.729218
1.15464
0.656118
0.428725
0.0626972
0.410343
0.309933
0.303588
0.750466
0.636283
0.636283
0.368751
0.812029
0.569955
0.0804192
-0.0720666
0.344494
0.473969
0.473969
0.0961866
0.57652
0.721094
1.02858
1.41215
1.43794
1.43794
1.58795
1.30859
1.30859
0.895727
0.895727
1.16733
0.959939
0.959939
1.35796
1.09911
0.877034
0.68446
0.953438
1.26954
1.37436
1.1683
1.1683
1.13371
1.10838
0.988012
0.988012
1.22944
1.04744
0.939974
0.451344
0.594318
0.384255
0.350505
0.473282
0.829551
0.930585
1.39938
0.93466
0.693093
0.358304
0.414559
0.578475
1.0274
1.0274
0.639523
0.602571
0.370302
0.312668
0.494904
0.426541
0.191549
0.427304
0.605041
0.431079
0.836208
0.397331
0.490243
0.234985
0.654068
1.00012
0.771992
0.949165
1.11158
0.939744
0.797439
1.14629
1.14629
0.737708
0.737708
0.985705
0.527615
0.824591
0.824591
0.408512
0.772799
1.05651
1.04974
1.15489
0.839771
1.1372
1.43167
1.43167
0.972466
0.476977
0.0505093
0.520824
0.997623
0.997623
0.997623
1.20276
1.51481
1.29126
1.51876
1.38637
1.38637
1.01984
0.920622
0.670491
0.780509
1.07487
0.747051
0.509701
0.0632153
-0.281261
-0.250734
-0.438962
-0.932792
-1.42726
-1.42726
-1.57007
-1.08357
-1.26873
-1.26873
-1.52398
-1.52398
-1.19606
-1.61869
-1.4152
-1.4152
-1.4152
-1.35825
-1.34158
-1.26017
-1.26017
-1.07623
-0.773835
-1.07471
-1.21142
-1.14451
-1.0648
-1.0648
-0.644344
-0.843166
-0.993803
-0.959548
-1.4089
-1.4089
-1.62598
-1.61448
-1.55584
-1.55584
-1.2636
-1.28526
-1.00759
-1.00759
-0.766272
-0.750318
-1.17817
-1.15153
-1.28643
-1.37746
-1.37746
-1.37746
-1.37746
-1.04678
-0.973698
-0.973698
-0.711705
-0.596284
-1.0425
-1.08128
-0.645811
-0.523937
-0.483227
-0.506483
-0.891595
-1.13249
-0.662285
-0.163675
-0.439898
-0.811331
-0.711495
-0.240851
-0.301182
-0.372931
-0.5828
-0.138587
0.291872
0.562964
0.312845
-0.00539553
-0.291029
0.0972281
-0.0276519
0.241675
0.237039
0.0556659
-0.110846
0.348767
0.102412
0.231641
0.611287
0.677906
0.788902
1.25612
1.28998
1.43511
1.47874
1.79111
1.79111
1.79111
1.79111
1.79111
1.79111
1.70126
1.40235
1.11907
0.906403
1.1482
0.891381
1.03179
0.749479
1.15722
0.878355
0.878355
0.429563
0.429563
0.516042
0.188296
0.117382
0.577512
0.254882
0.144827
0.558672
1.0467
0.997069
0.997069
0.530654
0.541223
0.579858
0.44298
0.475944
0.475944
0.222253
-0.252612
-0.137203
-0.0713677
0.19505
0.682241
0.227275
0.198563
0.598582
0.105173
-0.0216229
-0.165726
0.191207
0.144896
-0.0914015
0.0766492
-0.0896714
0.0099403
0.421847
0.35915
0.351138
0.298763
0.686149
0.882619
1.08407
1.08657
0.962381
0.962381
0.925043
1.36558
1.62066
1.47888
1.47888
1.47888
1.47888
1.47888
1.50877
1.30519
1.49462
1.34168
1.35623
1.45865
1.3111
0.956562
0.842531
0.634589
0.634589
0.292738
0.667858
0.667858
0.667858
0.667858
1.04899
0.702366
0.702366
0.475579
0.475579
0.218064
0.264034
-0.206913
-0.527773
-0.818438
-0.818438
-0.720498
-1.02661
-0.527602
-0.527602
-0.675572
-0.675572
-0.910627
-0.703718
-0.703718
-1.00684
-1.15814
-1.15814
-1.11292
-0.956763
-1.16182
-0.702485
-0.880127
-0.399375
-0.708895
-0.708895
-0.696448
-0.277176
-0.21744
0.207894
-0.138182
-0.568026
-0.263438
-0.637207
-0.872117
-0.778905
-0.533778
-0.579424
-0.754419
-0.694462
-0.995833
-0.561446
-0.637818
-0.392043
-0.664624
-0.210821
-0.0976056
-0.440436
-0.74828
-1.04668
-0.891527
-1.0014
-1.0014
-1.22593
-0.894976
-0.894976
-0.803466
-1.08505
-0.811724
-0.574004
-0.252923
-0.673062
-0.800258
-0.916265
-0.916265
-0.673452
-0.446034
-0.253281
-0.253281
-0.0358003
0.292003
0.292003
0.551937
0.425364
0.132231
0.384556
0.767583
0.433759
0.0667971
0.375973
0.319242
0.629989
0.218083
0.694333
0.537486
0.101027
-0.153761
-0.159282
0.307807
0.603315
0.553293
0.243942
-0.162054
-0.288551
0.0181743
0.227184
0.188014
-0.298762
-0.414111
-0.824739
-0.697658
-0.471555
-0.188747
-0.0280047
0.143595
0.397597
0.227722
0.125026
0.570897
1.04048
1.08677
0.960497
1.07472
1.19136
0.842716
0.842716
0.37227
0.846046
0.732628
0.732628
0.732628
0.278749
0.474983
0.496097
0.933805
0.657771
0.657771
0.772426
0.436233
0.929766
0.482968
0.042406
-0.300035
-0.555897
-0.682186
-0.344221
-0.607439
-0.619953
-0.883085
-0.546375
-0.751021
-0.862204
-1.12933
-0.647056
-0.390267
-0.484168
-0.455814
-0.122662
0.0907474
-0.366779
-0.66098
-0.806959
-0.579421
-0.840818
-1.14397
-1.11691
-1.11691
-0.851319
-0.851319
-0.656077
-0.573725
-0.573725
-0.573725
-0.988632
-0.988632
-1.06217
-0.651597
-0.329832
-0.293832
0.173442
0.665727
1.09267
1.21925
1.21925
1.30747
1.08783
0.888005
0.888005
0.848298
0.676769
0.872918
0.44969
0.101721
0.04062
0.0547917
0.401747
0.62585
0.353196
0.342864
0.451996
0.886545
1.31001
1.31001
1.31001
0.828775
1.22404
0.762807
0.762807
1.21178
1.21178
1.10181
0.992853
1.08279
1.22361
1.32434
1.55322
1.57062
1.60184
1.49079
1.49079
1.41855
1.1256
1.14286
1.18227
0.724297
0.996602
0.501268
0.124362
-0.181142
-0.653393
-0.220491
-0.618998
-0.723213
-0.719302
-0.60271
-0.377197
-0.304821
-0.79813
-0.79813
-0.631328
-0.222217
-0.390248
-0.0674394
-0.484429
-0.226044
0.257543
0.253034
0.0364982
-0.0341637
-0.314991
-0.0940358
-0.536933
-0.704532
-0.653403
-0.173703
0.259777
0.189038
0.634252
0.851107
0.520225
0.245556
0.132548
0.350199
-0.0642758
0.0771919
-0.196227
0.0161745
0.047777
-0.438438
-0.17352
0.172038
0.374264
0.0692594
0.47921
0.00349902
-0.180279
-0.412426
-0.503484
-0.648102
-0.907147
-0.676285
-1.02302
-0.637889
-1.09066
-1.41212
-1.5573
-1.38206
-1.19483
-1.22178
-1.22178
-0.843229
-0.833655
-1.14227
-0.659514
-0.237483
-0.577708
-0.346237
-0.525836
-0.866047
-0.805411
-0.432389
-0.432389
-0.50445
-0.878183
-0.564627
-0.709934
-0.396565
-0.26177
-0.0249284
0.210119
0.352321
0.621227
0.942139
0.512832
0.212303
-0.0579494
-0.303152
0.0119178
-0.478197
-0.439399
-0.63169
-0.680126
-0.539665
-0.875944
-0.594381
-0.716707
-0.287592
-0.34934
-0.572015
-0.265276
-0.466065
-0.0734406
0.044319
0.0384986
-0.0731301
-0.503084
-0.509291
-0.548849
-0.448087
-0.271892
0.166895
0.227436
0.112834
0.605557
0.690207
0.930579
0.479451
0.861655
1.17747
0.80012
1.02941
0.950386
1.3621
1.54272
1.54272
1.26052
0.81601
0.501408
0.501408
0.811606
0.811606
0.664528
0.934015
0.611011
0.19597
0.365525
0.4236
0.287832
0.0937459
-0.166097
0.185796
0.179292
0.287989
-0.0314511
0.301003
-0.193573
-0.305963
-0.23954
-0.0164969
0.371221
0.135019
0.388258
0.832354
0.832354
0.809145
1.30662
1.30662
1.30662
0.806825
1.04338
0.854179
1.05403
1.05403
1.17978
0.77547
0.355335
0.26784
0.250289
0.458765
0.632572
0.913049
0.913049
0.462835
0.462835
0.712622
0.215371
0.314658
0.314658
0.384493
0.576195
0.830589
0.830589
0.830589
0.588981
0.74434
1.03463
0.811737
0.389578
0.237726
-0.123117
-0.0363429
-0.291525
-0.211704
-0.385495
-0.218359
-0.573346
-0.296311
-0.565012
-0.59416
-0.55642
-0.229814
-0.596985
-0.569454
-0.231474
-0.573517
-0.893759
-0.95363
-0.99035
-0.99035
-0.99035
-1.05033
-0.949023
-0.693099
-0.991369
-0.733957
-0.677388
-0.677388
-1.09816
-1.09816
-0.648185
-0.221729
-0.0575253
-0.230598
-0.257735
-0.257735
-0.294936
-0.565136
-0.428132
-0.0533579
0.119223
0.413882
0.413882
0.80436
0.783561
0.639319
0.971523
1.05483
0.688147
0.32743
0.32743
0.627883
0.554178
0.823822
0.823822
0.823822
0.903434
1.38371
1.38371
1.38371
1.15563
1.15563
1.12878
0.781498
0.830721
0.660437
1.05887
0.767488
0.964929
0.964929
0.964929
0.565012
0.868487
0.382921
0.093556
-0.26195
-0.0725153
0.319093
0.628756
0.767761
0.44427
0.439215
0.121998
0.284287
0.00306829
0.290199
0.336455
-0.111753
-0.267908
-0.460066
-0.673593
-0.673593
-0.673593
-0.854203
-0.854203
-1.16862
-1.16862
-0.810483
-0.930139
-0.82705
-1.13504
-1.23155
-1.63358
-1.73163
-1.40213
-1.11396
-1.03733
-0.66251
-1.04909
-0.850643
-0.546034
-0.538645
-0.264199
-0.114613
0.0862589
0.0859504
-0.292809
-0.120841
0.073833
0.089921
-0.0457856
-0.440807
-0.932016
-1.35993
-1.35993
-0.98932
-1.05352
-0.956736
-1.03653
-1.15073
-1.15073
-0.997424
-0.555212
-0.183185
0.0505084
-0.394405
-0.185239
-0.452231
-0.688386
-0.503602
-0.894423
-0.498727
-0.057627
0.14522
-0.113326
-0.566239
-0.358672
-0.332078
-0.59463
-0.54577
-0.485157
-0.5189
-0.218936
-0.244948
-0.557599
-0.834677
-0.88497
-0.700858
-0.700858
-0.616762
-0.626381
-0.972856
-1.12305
-1.02702
-0.989681
-0.644429
-0.261744
-0.513968
-0.412673
-0.0558436
-0.393962
-0.623691
-0.946041
-1.16808
-1.50656
-1.50656
-1.44324
-1.20385
-1.68194
-1.45424
-1.24709
-0.765225
-0.372079
0.114523
-0.0892002
0.347066
0.287436
0.784334
0.774242
1.05476
0.698564
0.882707
1.11619
0.842207
0.796648
0.37316
0.29319
0.679141
0.679141
0.348946
0.661181
1.15113
1.09146
1.28657
1.28657
1.72076
1.67584
1.24599
1.46557
1.1587
1.14625
1.15514
1.37098
1.37098
1.37098
1.37098
1.55331
1.66725
1.66725
1.50608
1.20821
1.05509
0.947798
1.43315
1.02364
0.572158
0.75376
0.802605
0.948667
0.498641
0.792916
0.893253
0.636396
0.853112
0.942918
0.609366
0.66895
0.535761
0.622107
0.622107
0.627867
0.724137
0.612926
0.960499
0.465009
0.399056
0.273556
0.226142
-0.105691
0.305821
0.304525
0.304525
-0.0675687
0.0382119
0.234652
0.575464
0.867527
0.870907
0.656563
0.332946
-0.0229679
-0.392589
-0.876298
-0.380497
-0.543236
-0.736046
-0.273124
-0.462947
-0.160611
-0.549758
-0.725996
-0.639017
-0.283359
-0.118591
-0.252021
0.19112
0.570531
0.295908
0.048138
0.00619828
-0.451767
-0.254277
-0.484757
0.0141021
0.249991
-0.0655195
-0.435715
-0.854535
-0.923821
-0.957025
-1.0589
-1.32677
-1.35136
-1.35136
-0.973926
-1.39614
-1.36897
-1.36897
-1.05363
-0.607335
-0.361427
-0.00831476
-0.340167
-0.682279
-0.518674
-0.0694888
0.265016
0.132316
0.35416
0.459559
0.720964
0.550124
0.917783
1.40382
1.03166
0.807459
0.614016
1.09812
1.02488
1.25245
1.28559
1.28559
0.979313
0.979313
0.573074
0.93651
0.807267
0.807267
0.48931
0.167059
0.513849
0.378145
0.00539449
-0.443328
-0.362106
-0.824887
-1.21815
-1.07681
-0.681921
-0.46743
0.0304732
-0.222477
-0.719521
-0.650761
-0.969256
-0.969256
-0.802227
-0.713065
-0.896049
-0.847345
-0.847345
-1.14293
-1.01045
-1.27763
-1.2213
-1.2213
-1.2213
-0.735806
-0.504858
-0.464021
-0.909066
-0.597906
-0.855863
-0.855863
-0.855863
-0.855863
-0.641742
-1.11706
-1.14983
-0.768857
-0.514145
-0.514145
-0.514145
-0.286682
-0.727948
-0.250827
-0.0607841
-0.115175
-0.56663
-0.461318
-0.635567
-0.201118
-0.487055
-0.934645
-0.594092
-0.32756
-0.582512
-0.331198
-0.304081
0.146954
-0.065154
0.416738
0.146836
0.0250407
-0.262984
-0.559136
-0.559136
-0.343718
-0.343718
0.111434
0.066067
0.128395
0.270079
-0.158213
0.0396724
0.0617844
0.156809
0.14659
0.613605
0.621594
0.414526
0.125625
-0.0169797
-0.438212
-0.163538
-0.522173
-0.102025
0.282263
0.342458
0.298767
-0.151679
-0.25043
0.0697275
0.474968
0.545042
0.0970451
-0.368398
-0.837955
-0.98948
-0.965955
-0.965955
-0.804361
-1.27631
-1.13546
-1.13546
-1.39769
-1.33179
-1.33284
-0.866782
-0.851337
-0.700637
-0.481702
-0.910862
-1.37162
-1.08412
-0.914647
-0.618219
-0.735118
-0.377833
-0.596974
-0.587645
-0.474866
-0.681458
-0.681458
-0.772933
-0.596302
-0.433146
-0.651939
-0.556064
-0.556261
-0.654392
-0.944313
-0.861151
-0.923231
-0.704765
-0.26495
-0.25739
-0.317675
-0.542441
-0.542441
-0.224892
0.0489844
-0.309835
-0.26435
0.229695
0.223433
0.450723
0.464622
0.951343
0.951343
0.951343
0.936004
0.909262
0.969034
1.04001
1.11487
1.40437
1.40437
1.17492
1.17492
1.10607
1.48588
1.48588
1.48588
1.37893
0.88083
0.831819
0.788754
0.57834
0.719823
0.582312
0.980532
0.670699
0.804485
0.804485
0.494658
0.401121
0.176335
0.584776
0.492843
0.0760303
0.535664
0.333648
0.748036
0.620098
0.668814
0.668814
0.736265
0.445078
0.722012
0.495683
0.663657
0.429401
-0.0103817
0.236686
0.3381
0.355815
0.813843
1.18096
0.852003
0.38904
0.121123
-0.371239
-0.405018
-0.781924
-0.331197
-0.195736
0.0769315
0.252097
0.158454
-0.273708
-0.267913
0.0642987
0.308466
-0.151418
-0.215761
-0.38466
-0.740857
-0.740857
-0.669463
-0.394493
-0.74307
-1.12168
-0.636394
-0.636394
-0.808408
-0.574574
-0.49345
-0.449849
-0.189391
-0.542371
-0.693675
-0.872252
-0.872252
-0.828433
-0.332617
-0.0750918
-0.170113
-0.146286
-0.634866
-0.153474
-0.153474
0.178866
-0.133276
-0.165831
-0.15909
0.102364
0.0200139
0.367051
-0.0105644
-0.457828
-0.778294
-0.965558
-0.965558
-0.688248
-0.647455
-0.616259
-0.473529
-0.345256
-0.117829
0.228359
-0.0957917
-0.264024
-0.413164
-0.182103
-0.0185757
-0.0514791
-0.322019
0.118159
-0.0423981
0.340258
0.245553
0.357126
-0.0719244
-0.468375
-0.537252
-0.348931
-0.28632
-0.138176
-0.348425
-0.394577
-0.0192174
-0.514343
-0.606875
-0.390212
-0.437724
-0.770679
-1.13525
-1.13525
-1.22317
-1.64078
-1.34336
-1.34336
-1.34336
-1.69773
-1.25822
-1.47113
-1.47113
-1.0249
-0.757973
-0.931154
-1.33362
-0.953594
-0.538376
-0.290038
-0.301536
0.141043
0.318732
-0.0426993
-0.496302
-0.953151
-0.854964
-0.466121
-0.658556
-0.645847
-0.645847
-0.34124
-0.315877
-0.690415
-0.254894
-0.69819
-0.431123
-0.0185211
-0.508048
-0.408455
-0.156331
-0.337977
-0.753701
-0.894207
-0.831794
-0.831794
-1.27232
-0.786554
-0.42549
-0.796077
-0.796077
-0.534542
-0.45983
-0.45983
-0.7558
-0.871067
-1.2461
-1.22757
-1.1649
-0.906225
-1.16805
-0.67696
-0.67696
-0.505723
-0.887239
-0.543281
-0.638874
-0.844219
-1.00668
-1.00668
-1.00668
-0.703549
-1.02859
-1.12122
-1.12122
-1.12122
-1.12122
-1.12122
-0.717297
-0.715864
-0.227723
0.159231
-0.313712
0.185533
0.528879
0.203548
0.69368
0.588368
0.798688
0.746376
0.379421
0.584783
0.385845
0.750336
0.750336
0.791895
0.690456
1.00819
1.24227
0.916369
0.943907
0.541333
0.31109
0.55692
0.217376
-0.162514
-0.363602
-0.589979
-0.906726
-0.906726
-0.969847
-0.892054
-0.540998
-0.292281
0.203604
-0.217599
0.064956
0.0153371
-0.396025
-0.379875
-0.207373
-0.629721
-0.583812
-1.01151
-1.16627
-1.16627
-1.36893
-1.36893
-1.34099
-1.34099
-1.06412
-0.664261
-0.873589
-0.7539
-0.61535
-0.439317
-0.458077
-0.821809
-0.715661
-0.372018
-0.372018
0.0154376
0.144252
-0.213797
-0.539626
-0.539626
-0.361757
-0.361757
-0.481486
-0.652741
-0.658758
-0.203559
-0.15109
-0.549758
-0.668481
-1.09821
-1.26301
-1.16224
-0.91782
-0.95176
-0.69929
-0.984855
-1.00787
-1.00787
-1.10233
-0.979469
-0.945632
-0.943444
-0.943625
-1.01358
-1.01358
-0.794928
-0.794928
-0.389955
-0.611725
-0.164104
0.207712
0.26011
-0.171052
0.154041
-0.196363
-0.256469
-0.244926
0.00986085
0.284853
0.514643
0.13385
0.0773354
0.328674
0.527151
0.481713
0.285266
0.774696
0.774696
1.07697
0.919063
0.670154
0.936939
0.710576
0.731958
0.36341
-0.0441642
-0.283541
-0.530478
-0.835499
-0.835499
-0.829707
-0.651046
-0.764873
-0.603396
-0.886869
-0.694988
-0.540796
-0.658733
-0.531968
-0.758706
-0.897164
-1.13266
-1.43621
-1.30066
-1.31033
-1.12993
-1.12993
-0.71153
-0.296143
0.0529754
-0.271241
-0.0475921
-0.465546
-0.781268
-0.428151
-0.280302
-0.473253
-0.473253
-0.602739
-0.956527
-0.84195
-0.525571
-0.525571
-0.472992
-0.447821
-0.844193
-0.94198
-0.559345
-0.525677
-0.919321
-0.545004
-0.882129
-1.23894
-1.23894
-1.17587
-1.22033
-1.45481
-1.53931
-1.75618
-1.76618
-1.71208
-1.7435
-1.7435
-1.37975
-1.07549
-0.959569
-0.959569
-0.959569
-0.523513
-0.119054
-0.222624
0.135766
-0.0956558
0.167494
-0.0788028
-0.15475
0.145623
-0.220837
0.101519
-0.172317
-0.643338
-0.341831
-0.134607
0.213695
0.187177
0.331465
0.570583
0.314553
0.32187
0.66283
0.55776
1.00696
0.871366
0.871366
0.49698
0.965743
0.715871
0.26066
-0.126983
0.209398
0.0787477
-0.200862
-0.69247
-0.665623
-0.788299
-0.621287
-0.621287
-0.732841
-0.967969
-0.967969
-0.697729
-1.13111
-1.13111
-1.35246
-1.48645
-1.48129
-1.53994
-1.34516
-1.47391
-1.43509
-1.17149
-0.949595
-0.704755
-0.873005
-0.544873
-0.233176
-0.0242587
0.444117
0.898091
0.898091
1.13854
1.13854
1.00066
0.88268
1.22653
1.10834
1.10834
1.06909
1.12765
1.12765
1.47883
1.2691
1.08672
0.641235
0.631198
0.987281
0.987281
1.02579
1.10976
1.10976
0.899126
0.640719
0.740777
0.740777
0.352789
0.484684
0.522627
0.730296
0.947978
0.504644
0.432079
0.432079
0.775241
0.775241
0.812034
1.21026
1.02457
1.1871
1.07865
0.935888
0.788426
0.590378
0.590378
0.423519
0.419862
0.357599
0.530364
0.774395
1.05004
1.11143
0.71113
0.729354
0.292621
0.0758653
-0.423476
-0.814296
-0.686254
-1.03042
-0.745145
-0.45989
-0.134208
0.0988761
0.533737
0.533737
0.622247
0.622247
0.468104
0.796376
1.20841
0.741621
0.741621
0.600891
0.986928
0.563781
0.107447
0.297841
0.777863
0.777863
0.734299
0.734299
0.501593
0.874934
0.935857
0.935857
0.495133
0.785415
0.553384
0.176889
-0.302004
-0.426734
-0.278542
-0.101336
-0.349576
-0.506094
-0.237395
-0.308087
-0.771594
-1.06831
-1.03349
-1.03349
-1.03349
-1.03435
-1.30435
-1.30435
-1.43353
-1.43353
-0.980554
-0.773571
-1.00793
-0.893285
-0.923787
-0.863158
-0.863158
-0.924292
-1.29732
-1.29732
-0.800423
-0.549684
-0.626105
-0.497294
-0.637189
-0.856298
-0.776984
-0.536994
-0.536994
-0.915874
-0.915874
-0.903558
-1.14532
-1.13725
-1.5322
-1.67976
-1.67976
-1.35715
-1.37067
-1.37067
-1.5767
-1.24394
-0.977836
-0.740125
-0.884902
-0.874791
-0.78064
-0.448369
-0.84534
-0.979328
-0.979328
-1.06293
-1.06293
-1.38273
-1.38273
-1.45619
-1.6574
-1.92148
-1.92781
-1.92781
-1.67911
-1.45142
-1.07318
-1.07318
-0.618024
-0.24478
0.0319383
-0.250705
-0.709624
-0.770622
-0.504053
-0.424534
-0.512573
-0.512573
-0.631548
-0.287054
0.150396
-0.263114
0.228563
0.0985097
-0.0217873
0.363066
0.785973
0.649999
0.330654
0.61846
1.10195
0.806641
1.12659
0.956196
0.812807
0.918916
0.918916
0.713245
0.571098
0.809969
0.888028
0.938639
1.39027
1.07253
0.989264
0.989264
0.599116
0.769875
0.514739
0.134051
-0.263508
0.23012
-0.200562
-0.256791
-0.128971
-0.513955
-0.790267
-0.464258
-0.642116
-0.538115
-0.396688
-0.754394
-0.62482
-0.62482
-0.645369
-0.914597
-1.14291
-0.876551
-0.613661
-0.15103
-0.0285606
-0.417233
0.0290821
-0.276669
-0.600498
-0.208237
-0.384348
-0.384348
-0.384348
-0.312984
-0.742525
-0.940132
-0.960407
-0.707349
-0.849575
-0.824166
-1.02598
-0.816623
-0.852066
-0.752903
-1.1622
-1.46029
-1.46029
-1.62231
-1.17401
-0.728353
-0.728353
-0.687077
-1.11851
-1.11851
-1.11851
-0.692845
-0.456952
-0.478609
-0.61162
-0.52255
-0.918405
-0.441921
-0.763435
-0.531988
-0.572801
-0.344346
-0.425966
-0.578431
-0.578431
-0.588791
-0.447441
-0.447441
-0.793829
-0.913672
-0.872024
-0.700446
-1.18449
-1.18449
-0.834121
-0.834121
-1.27191
-1.21676
-1.21676
-1.06718
-1.17631
-1.17631
-1.48147
-1.01247
-0.570105
-0.909831
-1.15585
-0.776536
-0.316828
-0.446567
-0.322889
-0.428083
-0.428083
0.0193114
-0.416435
0.0338699
-0.316158
-0.749753
-0.749753
-0.749753
-0.524153
-0.699526
-0.326323
-0.279711
-0.530146
-0.436011
-0.474518
-0.474518
-0.259322
-0.301353
-0.230063
-0.645823
-0.861691
-0.79602
-0.890859
-0.879158
-0.937183
-0.734774
-0.987621
-1.19053
-1.19029
-1.19029
-0.853842
-0.669539
-0.453601
-0.0520568
-0.028212
0.157412
-0.0366422
-0.496808
-0.701003
-0.886627
-0.934967
-0.840148
-0.614638
-0.872405
-0.872405
-1.2757
-1.07834
-0.792516
-1.11961
-0.94822
-1.09715
-1.09715
-1.31351
-1.29012
-1.29012
-1.29012
-1.12411
-1.11436
-0.78286
-0.892003
-0.912772
-0.620166
-0.785904
-0.975929
-0.592227
-0.950188
-1.403
-1.29171
-1.29171
-1.4346
-1.29813
-1.01522
-0.814488
-0.832122
-0.75008
-0.980545
-0.633351
-1.11512
-1.47321
-1.47321
-1.35008
-1.69224
-2.00142
-2.13299
-2.13299
-2.13299
-2.13299
-1.94789
-1.94789
-1.46615
-1.50987
-1.25591
-1.14672
-1.5233
-1.7416
-1.7416
-1.7416
-1.63406
-1.63406
-1.76257
-1.76257
-1.70918
-1.43407
-1.40342
-1.60487
-1.70161
-1.70161
-1.70161
-1.70161
-1.26664
-1.26664
-0.820989
-0.820989
-1.23631
-1.52408
-1.52408
-1.52408
-1.52408
-1.50485
-1.31423
-1.49316
-1.49316
-1.49316
-1.49316
-1.49316
-1.48033
-1.68325
-1.43141
-1.43141
-1.29737
-1.37584
-1.07555
-1.07555
-1.12647
-1.19363
-1.02047
-0.967383
-1.1848
-1.1848
-1.1848
-0.712528
-0.470397
-0.10625
-0.0854646
0.179854
0.263784
0.58293
0.440805
0.405518
0.475471
0.324556
0.351704
0.101028
0.399529
0.559708
0.816826
0.561208
0.82253
1.0817
1.15971
0.874195
0.838734
0.729981
0.729981
0.729981
0.729981
0.382135
0.0887889
0.368641
0.307974
0.307974
0.206153
0.380761
0.106839
-0.0421928
-0.282767
-0.735673
-1.2236
-0.781907
-1.27972
-1.27972
-1.27972
-1.52421
-1.12767
-0.680392
-0.680392
-1.14905
-1.28412
-1.14845
-1.23921
-1.12548
-1.12548
-0.662497
-0.903567
-0.903567
-1.33286
-1.45497
-1.22489
-1.2462
-1.44734
-1.61996
-1.14882
-0.655535
-0.181829
-0.514843
-0.878177
-1.30016
-1.36293
-1.06115
-0.851354
-0.570964
-0.570964
-0.103055
-0.500575
-0.678064
-0.678064
-0.544859
-0.544859
-0.27957
-0.644948
-0.769125
-0.71011
-0.5299
-0.439091
-0.145413
-0.0417435
-0.50909
-0.0474471
-0.544484
-0.586699
-0.443957
-0.8638
-0.8638
-0.724743
-0.660341
-0.660341
-1.04838
-0.788905
-0.778569
-0.928972
-1.09526
-1.09526
-1.09526
-1.09526
-1.24806
-1.60879
-1.38665
-1.40638
-0.997415
-0.6113
-0.691662
-0.879946
-0.46422
-0.766784
-0.808388
-1.27364
-1.27364
-1.25205
-1.18154
-1.18154
-1.61217
-1.64795
-1.40695
-0.972414
-0.87637
-1.12407
-1.12407
-0.884377
-1.14488
-0.656802
-0.397706
0.0799694
0.351731
0.108203
0.333393
0.787293
0.963379
1.25984
1.40595
1.5663
1.60166
1.50718
1.73831
1.29599
1.29599
0.813916
0.748939
0.715604
0.795677
0.795677
1.28562
1.28839
0.906822
0.906822
0.824965
0.615594
0.52324
0.576287
0.536182
0.346424
-0.0937249
0.30258
0.440838
0.0952254
0.564862
0.610634
0.392276
0.609537
0.68162
1.13976
1.13976
1.13976
1.34731
1.39856
1.1333
1.1333
1.47633
1.47633
1.86676
1.86676
1.46007
1.46007
1.16432
0.800942
0.800942
0.405354
0.405354
0.818078
0.589796
0.690973
0.824981
0.800611
0.800611
1.11112
0.832328
0.562764
0.969092
0.473993
0.417215
-0.0113924
-0.0779199
-0.189547
-0.667348
-0.99774
-0.667314
-0.63721
-0.754379
-0.901224
-0.735676
-0.290179
-0.584977
-0.217995
-0.113385
0.0798325
-0.111895
-0.321599
-0.657206
-0.904083
-0.986517
-0.794736
-0.712188
-0.553138
-0.707958
-0.489671
-0.490798
-0.108948
0.288429
0.0287546
0.115235
0.407351
0.331952
0.249917
0.277135
0.455588
0.29648
0.399941
0.693966
0.450165
0.114441
-0.0234144
0.0604092
-0.0666442
0.10016
-0.328949
0.108895
-0.189914
-0.117365
-0.573697
-0.481511
-0.376543
0.0273992
0.463843
0.383592
0.459859
0.51134
0.310266
0.265819
-0.0756587
0.353268
0.421641
0.36243
-0.0290927
0.146613
0.187549
0.264396
0.458566
0.458566
0.367289
0.61618
0.601982
0.325598
0.641618
1.00104
1.00104
1.27726
0.843099
0.448727
0.232455
0.66989
0.768043
0.308255
0.232714
-0.106624
-0.442565
-0.868911
-0.694475
-0.705764
-0.470709
-0.263848
-0.605793
-0.59845
-0.983719
-0.983719
-1.0261
-1.40024
-1.40024
-1.0499
-1.02682
-0.921445
-0.948972
-1.06749
-1.11543
-1.13523
-0.751347
-0.946648
-0.946648
-0.946648
-0.946648
-0.486939
-0.200022
-0.692779
-0.312547
0.112845
0.346855
0.143844
0.0355351
-0.393767
-0.761827
-1.22228
-0.942783
-0.584889
-0.145326
-0.335222
0.126172
0.0534047
-0.0410678
0.386829
0.671255
0.919298
1.34107
1.03117
0.920681
1.11025
1.11025
0.85756
0.879467
0.625187
0.966784
0.816735
0.579204
0.420567
-0.0178713
0.0265289
0.171485
0.324924
0.336118
0.396146
0.823285
1.0221
1.0221
1.12477
1.52368
1.09508
1.27109
1.3284
1.36662
1.02114
1.36141
1.36141
1.36141
1.36141
1.12453
1.07447
0.577868
0.33546
0.0556445
0.406975
0.608828
1.09395
0.978659
1.12228
1.12228
1.35405
1.35405
1.31762
0.897093
0.853848
0.739857
0.756223
0.916173
0.449004
0.879944
0.841874
0.59416
0.374786
0.601282
0.669617
0.458568
0.505589
0.737403
0.518993
0.671828
0.878276
0.878276
0.651387
0.598804
0.130904
0.2166
0.467448
0.107032
0.372065
0.639739
0.496858
0.890662
0.793107
0.703776
0.529578
0.936101
1.16841
1.50656
1.74027
1.74027
1.70011
1.57607
1.73153
1.40102
1.40102
1.1095
1.1095
1.1095
1.1095
1.00124
1.00124
1.0445
1.06507
1.09543
1.04765
1.04765
1.14476
1.22943
0.885267
0.908847
0.638777
0.684292
0.342958
0.810276
0.375838
0.174089
0.00676593
0.494753
0.874284
0.874284
0.874284
0.804969
1.0096
1.0096
0.85444
0.484177
0.0335507
-0.39636
-0.400887
-0.248344
0.174944
-0.0920185
-0.384402
-0.145689
-0.504186
-0.195303
-0.0793062
-0.0253381
0.424141
0.780362
0.427114
0.170571
0.0601306
0.262654
0.032502
0.479428
0.00383472
-0.393104
-0.0726674
-0.144293
-0.00607407
-0.180809
0.136876
0.412465
0.267479
0.274933
0.459151
0.199322
-0.0565814
0.10578
0.1622
-0.12139
0.304813
-0.165315
0.310122
0.407707
0.857382
0.487223
0.648095
0.449122
0.723481
1.04837
0.842098
0.960576
0.542389
1.01694
0.789195
0.789195
0.789195
0.789195
0.543326
0.221673
0.648079
0.491557
0.951664
0.46551
0.85279
0.679556
0.369018
0.0833347
0.214089
0.525604
0.309732
0.497948
0.931387
1.10872
0.987068
1.17575
1.16096
1.31753
1.50018
1.6295
1.35002
1.68553
1.96119
1.96119
1.96119
1.96119
1.87533
1.64693
1.5471
1.65841
1.65841
1.29665
0.974914
0.974914
1.2533
1.2533
0.944855
0.508909
0.616205
0.616205
0.804833
0.696053
0.539958
0.111279
0.338982
0.290198
0.760067
0.904819
0.940605
0.792904
0.701047
0.437203
0.112984
0.400912
0.900282
0.530633
0.864469
0.864469
0.781503
0.821386
1.054
1.11027
1.11027
1.11027
0.792265
1.17437
1.24483
1.39719
1.39719
1.39719
1.18164
0.692643
0.637519
0.532371
0.37254
0.751598
0.273253
0.541029
0.541029
0.556988
0.781583
0.708991
0.708991
1.06371
0.60609
0.377836
0.596613
0.707232
1.08338
1.08338
1.36577
1.75851
1.75851
1.67957
1.67957
1.3381
1.25581
1.0659
0.7911
0.7911
0.689251
0.838
0.374779
-0.0259351
-0.338515
-0.330742
0.0423447
-0.156908
-0.298606
-0.355106
-0.794818
-0.671376
-0.671376
-0.88468
-0.88468
-0.58964
-1.07726
-1.07726
-0.923274
-1.03338
-0.691451
-0.91067
-0.812419
-0.798922
-1.10428
-1.06586
-0.636466
-0.436872
-0.0415421
-0.506541
-0.602437
-0.267778
0.110668
-0.281155
-0.262722
-0.722929
-0.54509
-0.865508
-1.27029
-0.902579
-0.891194
-0.936321
-1.41023
-0.99742
-1.28314
-0.806488
-0.702029
-0.702029
-0.358983
-0.358983
-0.248524
-0.385105
-0.73192
-0.73192
-0.73192
-0.908948
-1.06212
-1.21863
-1.21863
-1.59973
-1.60724
-1.67162
-1.67162
-1.25695
-0.919492
-0.440339
-0.849365
-0.593537
-0.229282
-0.532888
-0.264731
-0.145447
-0.259672
-0.561533
-0.958937
-0.651273
-0.921393
-1.28869
-1.28869
-1.27715
-1.27715
-0.792545
-1.1944
-1.46721
-1.62982
-1.62982
-1.62982
-1.2343
-1.2343
-1.35072
-1.33382
-1.33382
-1.04143
-1.52557
-1.59229
-1.48517
-1.36978
-1.13672
-1.13672
-1.48853
-1.48853
-1.23543
-0.916269
-0.64742
-0.729565
-0.980494
-1.31246
-1.24936
-1.26044
-1.33392
-1.24742
-1.08616
-1.08616
-1.08616
-1.13554
-1.13554
-0.645129
-0.523011
-0.655823
-0.280773
0.122282
0.450158
0.133045
0.101703
0.0234365
0.125361
-0.270307
-0.362434
-0.243838
-0.543833
-0.836917
-0.763209
-0.435552
-0.909941
-1.01213
-0.642303
-0.666383
-0.54365
-0.545664
-0.926414
-1.31611
-1.30289
-1.28274
-1.32088
-0.987812
-0.924114
-0.979854
-0.979854
-0.979854
-0.641642
-0.312415
0.0785916
0.222376
0.199629
0.148769
0.266506
0.655082
0.194771
0.499177
0.885829
0.730865
1.18445
1.51726
1.84099
1.84099
1.58417
1.51681
1.49851
1.25907
1.29232
1.30187
1.25663
0.832353
0.811068
0.482159
0.705099
0.327032
0.0531728
-0.0295148
0.400272
0.60587
0.391324
0.104242
0.578664
0.887438
0.661466
0.337771
0.627116
1.04736
0.939241
0.721875
0.700044
1.10967
0.805335
0.805335
0.907981
1.39137
1.15198
1.33974
1.1758
0.880853
1.03443
0.53986
0.480222
0.297821
0.584697
0.937923
0.937923
0.937923
0.619424
1.00853
0.835834
0.835834
1.27562
0.840796
0.814709
0.443756
0.255477
0.550716
0.639754
0.440965
0.576345
0.726944
1.00004
0.569674
0.210796
-0.286357
-0.279925
-0.476796
-0.346254
-0.526721
-1.02416
-0.648397
-0.273162
0.145015
-0.162669
-0.355725
-0.128835
0.267393
0.288184
0.710989
0.600196
0.779344
0.383547
0.406698
0.406698
0.0726567
0.0443587
0.275758
0.120586
0.421736
0.0289305
-0.260072
0.0984037
-0.337619
-0.528522
-0.528522
-0.528522
-0.18772
-0.186596
0.160365
-0.163909
0.269292
-0.175735
0.19679
0.264921
0.319132
0.745121
0.386376
0.246853
-0.175965
0.279658
0.0708591
-0.217778
-0.191485
-0.131735
-0.377817
-0.299697
-0.464761
-0.265131
0.0236611
0.322244
0.569985
0.592523
0.154576
0.612714
1.01689
1.01689
0.586005
0.961404
0.577575
0.577575
0.907345
0.468627
0.108134
0.345354
0.0743738
-0.0853513
-0.247314
-0.437971
-0.805564
-0.336391
-0.284169
-0.555064
-0.0822734
-0.0347683
-0.326904
-0.433329
-0.546745
-0.261326
-0.0232227
0.431952
0.602695
0.381416
0.62277
0.328415
0.666068
1.00335
0.963307
0.699241
1.06269
1.18468
0.823619
0.823619
0.679735
0.546692
0.658055
0.2874
0.100594
-0.101838
-0.545469
-0.729021
-0.334473
-0.83289
-1.04471
-1.04471
-1.04471
-1.07533
-1.07533
-0.641161
-0.184536
0.106408
0.300845
0.300845
0.394562
0.475811
0.410914
0.233378
0.663166
0.265187
-0.125685
-0.0695417
0.14412
-0.0988526
-0.35006
-0.558978
-0.425861
-0.766453
-0.625984
-0.312424
-0.584793
-0.281229
-0.178969
-0.0979586
0.334023
0.354683
0.848891
0.507179
0.0487325
-0.0955773
-0.00478073
0.362644
0.633671
0.409317
0.891845
0.45514
0.726656
0.726656
0.749674
1.18751
1.16456
0.923516
0.423636
0.423636
0.393318
0.225314
0.409535
0.368989
0.552334
0.116785
-0.189247
-0.648996
-0.439048
-0.199813
-0.480561
-0.730681
-0.503617
-0.852657
-0.799213
-0.690977
-0.556071
-0.529182
-0.917736
-0.952628
-0.581457
-0.253181
-0.105951
-0.022806
-0.457137
-0.609694
-0.375503
-0.256509
-0.55398
-0.641553
-0.907884
-1.02799
-1.25187
-1.53188
-1.08018
-0.732001
-0.674286
-0.83495
-0.863868
-0.969877
-0.936691
-0.936691
-1.19117
-1.19117
-1.36308
-1.33717
-0.882532
-0.882532
-1.37794
-1.49802
-1.15464
-1.34123
-1.3455
-1.07785
-1.27156
-0.974366
-1.33854
-1.39618
-1.56928
-1.53017
-1.27847
-1.3167
-1.27226
-1.42014
-1.42014
-1.91964
-1.72484
-1.53224
-1.98386
-2.03885
-1.5791
-1.11954
-1.21334
-1.21334
-1.21334
-1.13859
-1.20139
-1.4663
-1.24252
-1.01407
-1.01407
-1.01407
-1.01407
-0.972594
-0.929046
-0.964133
-0.507129
-0.435808
-0.845668
-1.20397
-1.20397
-1.20397
-1.17365
-0.87505
-0.892362
-0.892362
-0.647776
-0.303623
-0.740272
-0.740272
-0.338669
-0.720282
-0.720282
-0.232312
-0.358267
-0.707924
-0.891399
-0.619572
-0.619572
-0.848107
-0.492332
-0.5159
-0.360157
-0.449812
-0.728172
-0.678317
-0.641766
-0.97596
-1.19313
-0.859967
-0.724294
-0.384995
-0.0840526
0.355444
-0.102252
-0.0981873
-0.502328
-0.219137
-0.321278
0.0762126
0.158778
0.425633
0.456314
0.900915
0.900915
0.463367
0.681745
0.236318
-0.0556726
0.106698
-0.108677
0.370002
0.116054
0.0453673
-0.148954
0.328068
0.588753
0.32784
-0.0895433
-0.276612
-0.316536
-0.328472
-0.0997006
0.0781614
-0.129749
0.0975854
0.325216
-0.128663
-0.518389
-0.0300594
0.104777
0.272517
0.294705
0.274593
0.00340159
-0.0673132
-0.472604
-0.208102
-0.350266
-0.203868
-0.513335
-0.75164
-0.764254
-0.765942
-0.643724
-0.164475
-0.144802
0.128821
-0.336459
-0.0982764
0.240199
0.108217
0.0726952
0.407861
0.633325
0.192042
0.564757
0.141017
-0.0587541
-0.0819662
0.030775
-0.0506031
0.403897
0.811466
1.0771
0.649135
1.03111
1.10194
0.667734
1.00761
1.25605
1.12243
1.35994
1.35994
1.6628
1.6628
1.6628
1.49633
1.49633
1.09741
0.626084
0.759227
0.759227
0.393416
0.771312
0.754676
0.754676
0.906264
0.765467
0.507228
0.593091
0.222512
-0.0452779
-0.309705
-0.00683219
0.493026
0.172149
-0.165609
-0.483756
-0.0510954
-0.549756
-0.185122
-0.401156
-0.401156
-0.519325
-0.346682
-0.825995
-0.611573
-0.618199
-0.562552
-0.398166
-0.252761
-0.295408
-0.0999272
-0.47183
-0.393607
-0.698683
-0.431329
-0.676831
-0.272469
-0.210491
-0.504152
-0.144122
0.171852
0.493259
0.493259
0.493259
0.835725
0.816562
0.798276
0.636978
0.352457
0.163512
0.0746204
-0.22902
0.162638
0.62263
0.222778
0.334469
0.543593
1.03282
0.639032
1.0774
0.689893
0.574482
0.185215
0.570808
0.223631
0.353176
0.51681
0.867628
0.420476
0.200124
-0.0168523
0.168993
0.193261
0.331735
-0.00592839
-0.248525
-0.515534
-0.40549
-0.0530469
-0.2588
-0.42925
-0.839398
-0.625434
-0.625434
-0.329405
-0.47316
-0.297934
-0.482177
-0.474949
-0.138977
0.245098
0.258819
0.121662
-0.0359636
-0.32899
-0.102861
0.0160237
-0.0622165
-0.355686
-0.576214
-0.445667
-0.152523
-0.433636
-0.681699
-0.681699
-0.681699
-0.726624
-0.507278
-0.507278
-0.411033
-0.245313
-0.310746
0.156218
-0.169296
0.166896
-0.160463
-0.614257
-0.614257
-0.494717
-0.76499
-0.816016
-0.919305
-0.652028
-0.519706
-0.519706
-0.0697018
0.113634
0.107686
-0.0245618
0.119676
0.023882
0.174635
0.153054
0.512913
0.811474
0.521809
0.542086
0.647822
0.730177
0.730177
0.385667
0.813982
1.17463
1.17463
1.34852
1.34852
1.18366
1.18366
1.04295
0.886588
0.443159
0.33845
0.694582
1.15114
1.30523
1.30523
1.54232
1.07554
0.914063
0.773963
0.517461
0.526413
0.681091
0.681091
0.435736
0.143528
0.591281
0.105642
0.543989
0.978067
1.28976
0.868268
0.612531
0.536177
0.536177
0.849177
0.772046
0.429398
0.357882
-0.131315
-0.544329
-0.405014
-0.0398822
0.346993
0.82626
0.480559
-0.0154127
-0.154224
-0.0862122
-0.342867
-0.543546
-0.760246
-0.395071
-0.721251
-0.559416
-0.73653
-0.792135
-0.762451
-0.925689
-0.66917
-0.635769
-0.635769
-0.830925
-0.631594
-0.86751
-0.770231
-1.00821
-1.04712
-0.862082
-0.413999
-0.253674
-0.104175
0.371194
0.0216177
-0.445497
-0.545962
-0.600959
-0.186952
0.191908
0.367696
0.233487
-0.0900852
0.159042
0.634896
0.583985
0.133334
0.484783
0.940796
0.940796
1.41796
1.40195
1.40834
1.03991
0.982852
1.3917
1.51278
1.79552
1.82658
1.82658
1.36625
0.868687
0.811613
0.378743
-0.0413656
-0.116716
0.0453745
0.0552317
-0.107923
-0.40463
-0.40463
-0.421005
0.0720794
-0.142379
0.350005
0.00645381
-0.129516
-0.49845
-0.39318
-0.605985
-0.108887
0.0897906
-0.255328
-0.395856
-0.747345
-0.828904
-0.690485
-0.743481
-0.463287
-0.886912
-1.14416
-1.14416
-1.14416
-1.14416
-1.10669
-0.762916
-0.650955
-0.650955
-0.178921
-0.116968
-0.218179
0.256502
0.0885
-0.203845
0.224028
0.669626
0.703762
0.207193
0.259245
0.54796
0.725142
0.311807
-0.11773
0.338652
0.453312
0.441675
0.661961
0.298291
0.276595
0.286518
0.575196
0.575196
0.630408
0.19895
0.113973
-0.126983
0.082004
0.0915802
0.188553
0.624591
0.259299
0.383775
0.553426
0.25099
0.400704
0.0662863
0.161993
-0.275725
0.171024
-0.31461
-0.529814
-0.666124
-0.89293
-0.89293
-0.538518
-0.505036
-0.15541
-0.100926
-0.351071
-0.069532
-0.56638
-0.319861
-0.319861
-0.37652
-0.411005
-0.665956
-0.473712
-0.473712
-0.400632
-0.326363
0.00150139
-0.0913559
-0.385907
-0.23027
-0.524363
-0.548895
-0.837354
-1.09899
-1.09899
-1.01433
-0.717752
-0.717752
-0.30708
-0.123119
0.257444
0.270265
0.00188068
0.198455
0.486807
0.490628
0.0846285
0.386255
0.679957
0.834992
0.834992
0.408496
0.408496
0.819509
1.1062
0.798952
1.23927
1.23927
1.17891
0.955586
0.940192
0.940192
0.564305
0.588608
0.931286
1.04556
0.794402
0.623719
0.814135
0.821247
0.821247
1.10733
0.879663
0.768078
1.20758
0.805416
1.09442
0.742464
1.01849
0.811166
0.46368
0.837736
0.534694
0.896524
1.05037
1.16498
1.32873
1.28505
1.15794
1.04556
0.855311
0.967328
0.729018
0.921391
0.610188
0.729826
0.729826
1.05979
1.00733
0.62245
0.517054
0.721951
0.752458
0.752458
1.06645
1.02403
1.02403
0.808816
0.442284
0.210312
0.0339678
-0.269478
0.0161405
0.489667
0.612466
0.612466
0.231833
0.490293
0.352376
0.415134
0.156355
-0.241526
0.21697
-0.0897522
-0.530245
-0.619675
-0.219324
-0.175367
0.245653
0.0570895
0.413943
0.311926
0.266136
0.22175
0.626747
1.08531
0.855374
1.2031
1.67629
1.67629
1.1978
0.91516
0.522082
1.02026
1.02026
1.26603
1.24611
1.24611
1.5421
1.62027
1.32676
1.40049
1.18113
1.18113
1.18113
0.954193
0.832502
1.06218
0.6451
0.179033
-0.200064
-0.284991
-0.0580123
-0.152383
-0.340241
-0.218201
-0.358735
-0.813426
-1.20259
-0.966313
-0.56515
-0.823944
-1.25904
-1.25904
-1.25904
-0.836245
-0.836245
-0.836245
-0.868864
-0.830743
-0.741771
-0.620963
-0.600123
-0.900203
-0.752215
-0.752215
-0.462531
-0.462531
-0.0226064
-0.497406
-0.0251134
0.202573
-0.0386946
0.429962
0.891162
1.16352
1.16352
0.843714
0.54709
0.138314
-0.0427906
-0.276109
-0.611165
-0.940818
-1.15925
-1.65619
-2.05681
-1.92359
-1.6662
-1.33042
-1.19387
-0.748722
-0.956072
-0.732605
-0.391687
-0.0184261
-0.0401198
-0.0236698
-0.193203
-0.333493
-0.401589
-0.0849445
0.218847
0.330906
0.182738
-0.00487595
0.386418
0.560246
0.958983
0.958983
1.08606
1.0958
1.29165
1.29165
0.823272
0.823272
0.912982
1.25482
1.056
0.983138
0.957809
0.927011
1.34513
1.31889
1.27844
1.27018
1.27018
1.08943
1.53086
1.53086
1.69821
1.27037
1.27037
1.27037
1.67054
1.67054
1.67054
1.67054
1.72346
1.68524
1.25998
1.57303
1.23771
1.09416
1.09416
1.24722
0.772595
0.345711
0.647698
0.369479
0.769121
0.769121
0.769121
0.757837
0.757837
0.90339
1.17292
0.951188
0.929656
1.05883
1.05883
1.51014
1.55088
1.7647
1.7647
1.57114
1.33062
1.33062
0.902156
0.441379
0.40238
0.701242
0.883271
0.845916
1.00289
0.654324
0.752021
1.12221
0.700115
1.04229
0.661907
1.07469
0.619379
0.433315
0.42531
0.589054
0.675494
1.09837
1.09837
1.25959
1.25959
1.592
1.55136
1.19639
0.932588
1.22888
1.20718
1.20718
1.35018
1.35018
1.47627
1.0102
1.0102
0.80353
1.24341
1.35419
1.56849
1.26991
1.35042
1.35042
1.02917
0.648828
0.648828
0.527381
0.783292
1.2351
1.58464
1.31682
1.31682
0.910437
1.30024
1.22308
0.95715
0.95715
0.99482
0.827597
0.827597
0.68981
1.11639
0.785204
0.448314
0.448314
0.303418
0.427426
0.552379
0.686253
0.366511
0.593937
0.773365
0.695498
0.956875
1.06381
1.08959
1.08959
0.873081
1.25321
1.01364
1.01364
0.964858
1.15624
1.15624
0.812189
0.330992
-0.141061
0.298785
0.459026
0.868116
0.868116
1.23202
0.977124
0.75084
0.269573
0.140721
-0.161062
-0.402004
-0.0750478
-0.289499
-0.565163
-0.598201
-0.83132
-1.24084
-1.08029
-1.44382
-1.42755
-1.75206
-1.82152
-1.3992
-1.3992
-1.06841
-1.20599
-0.897914
-1.30867
-1.52034
-1.31726
-1.31726
-1.2148
-1.47614
-1.47614
-1.70901
-1.70901
-1.70901
-1.3799
-1.25136
-1.44877
-1.10341
-0.769876
-0.739905
-0.32113
-0.768292
-0.949785
-0.735018
-0.838714
-0.694909
-0.677802
-0.317
-0.751341
-1.0579
-1.0579
-0.818011
-1.17544
-1.17544
-1.17544
-1.17544
-0.860303
-1.16894
-0.86089
-0.673991
-0.762075
-1.15126
-1.15126
-1.47131
-1.41583
-1.46213
-1.46213
-1.68755
-1.74118
-1.74118
-1.33946
-0.856395
-0.381405
0.0875577
0.242432
0.0509955
-0.224785
-0.0679297
0.100127
-0.345012
-0.741718
-0.937084
-0.578908
-0.286479
-0.442717
-0.928868
-0.647215
-0.534686
-0.1437
-0.187104
-0.278598
-0.00303722
0.336916
0.288561
-0.164819
-0.0177733
-0.0259176
0.126166
0.0748616
-0.0109105
0.337258
-0.0957939
-0.314864
0.173513
0.585177
0.792858
0.884258
0.606755
0.635793
0.635793
0.823446
0.434701
0.12227
-0.333801
0.0831691
0.572695
0.241158
0.680984
0.420225
0.828346
1.0906
1.54872
1.24014
1.07993
1.07993
1.07993
1.07993
0.735726
0.45252
0.209352
0.552899
0.465745
0.697496
0.593705
0.817093
1.21953
0.745945
1.0957
1.0957
1.23481
1.23481
1.23481
1.10527
1.10662
1.10967
1.01607
0.815337
0.403686
0.820755
1.05479
0.631212
0.649403
0.738357
0.915584
0.915584
0.782848
0.330967
0.304396
-0.0791266
-0.340933
-0.175725
-0.0949465
0.082635
0.125567
0.125594
0.456765
0.259482
0.759363
0.298788
0.457126
0.0598206
-0.371686
0.0318395
0.198253
0.251852
-0.166244
-0.389723
0.108006
0.220854
-0.0913852
0.217006
0.681565
0.97054
0.840087
0.840087
0.567875
0.675767
0.971021
1.46384
1.40025
1.40025
1.42769
1.51241
1.51241
1.51241
1.24066
1.32925
1.23207
1.09324
1.49834
1.63281
1.48719
1.48719
1.95458
1.89065
1.70712
1.64616
1.64616
1.8391
1.8391
1.34643
1.56889
1.56889
1.56889
1.56889
1.08596
1.08596
1.08596
0.911022
0.911022
0.753314
0.611224
0.611224
0.425831
0.127505
0.407073
0.31439
0.602362
0.921585
0.617945
1.07486
1.09872
1.09864
1.09864
1.32517
1.32517
1.15347
1.18494
1.10075
1.10075
0.912294
1.15749
1.34141
1.34141
1.34141
1.05007
0.594495
0.419853
0.419853
0.0139444
0.175379
-0.259839
-0.511295
-0.609335
-0.754293
-0.649046
-0.761891
-1.13868
-1.1808
-0.999975
-0.999975
-1.06086
-0.749596
-0.774588
-0.404833
-0.670935
-1.02271
-0.573675
-0.93789
-0.93789
-1.05555
-0.80113
-0.319358
-0.300024
0.105167
0.585742
0.585742
0.585742
0.977533
1.1279
1.1279
1.15696
1.15696
1.00814
0.860953
0.785933
1.23541
1.41148
1.23448
1.15892
0.935805
0.685014
0.730901
0.31931
0.575305
0.575305
0.639909
0.266617
0.64016
0.391114
0.846167
0.923285
0.991945
0.596815
0.596815
0.65592
0.660771
0.360615
-0.0207234
-0.266357
-0.648346
-0.627309
-0.785109
-0.700387
-0.629747
-0.96365
-1.19957
-1.01088
-0.746925
-1.11536
-0.947562
-0.705997
-0.312484
0.150894
0.448983
0.868439
1.04901
1.05373
1.08646
0.962899
0.833067
0.532092
0.684231
1.16866
1.52737
1.47037
1.29263
1.07179
1.07179
0.906191
0.802719
0.863795
0.579166
0.900131
1.3456
1.26437
1.37688
1.60884
1.6464
1.21941
1.31836
1.27899
1.00194
1.00194
1.48716
1.1527
1.56443
1.17769
1.17769
0.948574
1.33964
1.46345
1.46345
1.46345
1.55454
1.55454
1.66712
1.54455
1.43134
1.03844
1.12683
1.53708
1.25075
0.81783
0.785092
0.755104
0.332481
0.30631
0.287532
0.72318
0.376412
0.665339
0.87006
0.463314
0.0619594
-0.129574
-0.492079
-0.678052
-0.735761
-0.891261
-0.892054
-0.892054
-0.925842
-0.806133
-0.635352
-1.03117
-0.668706
-0.949852
-0.46107
-0.91242
-0.788871
-1.15498
-1.15498
-1.4009
-1.78465
-1.33903
-1.19359
-1.08763
-1.49662
-1.49376
-1.07141
-0.873777
-0.879396
-0.788009
-0.434398
-0.434398
-0.554519
-0.526755
-0.423095
-0.195687
0.256851
0.256851
0.742951
0.417229
0.752707
0.253221
0.690373
0.809877
0.809877
1.04398
1.04398
0.979655
1.05309
0.817338
1.21515
1.70253
1.59956
1.90746
1.61475
1.38091
1.05405
0.648577
0.927097
1.26821
1.26821
1.26042
1.26042
1.2946
1.08709
0.589864
0.654458
0.983115
1.34915
0.962862
0.495882
0.427491
0.795366
0.858893
1.02802
1.16373
0.93219
0.93219
1.10014
0.762832
0.326546
0.693536
0.761599
0.282234
0.481
0.52209
1.01518
1.08431
1.2196
1.4182
1.2923
1.25346
1.02714
1.02714
1.02714
0.944666
1.31381
1.36087
1.36087
1.36087
1.36087
1.12129
1.14822
1.22409
1.22409
0.766435
0.436453
0.427442
0.200921
0.60612
0.60612
0.911803
1.03579
1.46128
1.12078
0.668199
0.286033
0.432131
0.35543
0.251706
0.456361
0.107736
0.00773261
0.301611
0.103044
0.300881
0.431519
0.299253
-0.0853403
-0.358964
-0.468204
-0.694751
-0.672582
-0.834733
-0.738668
-0.769453
-0.666701
-0.784427
-0.669887
-1.00826
-1.19952
-1.19952
-0.820627
-0.621545
-0.719302
-0.531271
-0.254107
-0.215567
0.0921162
-0.332341
-0.636565
-0.563113
-0.247874
-0.0468765
-0.248429
-0.162925
0.0279456
0.254528
0.400189
0.76991
0.945592
1.20471
1.29823
0.980401
0.577985
0.385379
-0.0573712
-0.485746
-0.614799
-0.599116
-0.91551
-1.0344
-1.50923
-1.50923
-1.76134
-2.01893
-1.93809
-1.6199
-1.94454
-2.20833
-2.20833
-2.13672
-2.15363
-2.10099
-2.20221
-2.16929
-2.16929
-1.70771
-1.70771
-1.70771
-1.28214
-1.28214
-0.782854
-0.866185
-0.380554
0.016829
0.465681
0.617172
0.48029
0.852796
0.852796
0.852796
1.05188
0.811191
0.982492
1.02231
0.52639
0.733298
0.52584
0.0710969
0.338485
-0.0133542
-0.49327
-0.489319
-0.359554
-0.265961
-0.590151
-0.294917
-0.747916
-0.451834
-0.312977
-0.123374
0.269236
0.699004
0.205453
0.129257
0.41159
0.437723
0.0440051
0.505489
0.0548835
0.377236
0.857145
1.33736
1.33736
1.23897
1.56078
1.06741
1.06741
1.06741
0.603949
0.418543
0.0539078
-0.404311
-0.337675
-0.630106
-0.780553
-0.835099
-0.388456
-0.764326
-0.764326
-0.683761
-1.02988
-0.892863
-0.395926
-0.807208
-1.0529
-0.693816
-1.00878
-1.00878
-1.00878
-1.00878
-0.826615
-0.562238
-0.318164
-0.728127
-0.858052
-0.830036
-0.724017
-0.724017
-1.08576
-1.08576
-0.991314
-1.05326
-1.05326
-1.11498
-1.47599
-1.15527
-1.23258
-1.20416
-0.821746
-0.652525
-0.847811
-0.554512
-0.653935
-0.31358
-0.0246859
0.0898092
0.192771
-0.251993
-0.610928
-1.06817
-1.06817
-1.15177
-1.34662
-1.48046
-1.11281
-1.01131
-1.42434
-1.332
-1.332
-1.08308
-1.08308
-1.08308
-1.08308
-1.08308
-0.653014
-1.04621
-0.8174
-0.694621
-0.301447
-0.186085
-0.370002
-0.251029
-0.322538
-0.054127
0.370832
-0.0988038
-0.107535
-0.144599
-0.263152
-0.263589
-0.160117
0.307346
0.375521
0.455106
0.342039
0.393328
0.393328
0.406582
0.549171
0.450487
0.187657
-0.27324
-0.372299
0.0115722
0.19827
-0.0722787
0.380538
-0.0608746
-0.0549665
0.317204
0.583223
0.09671
-0.369838
-0.64376
-0.741338
-1.17631
-0.714832
-0.714832
-1.14327
-1.48928
-1.48928
-1.48928
-1.48928
-1.12162
-1.12162
-1.20069
-1.43242
-1.50143
-1.43055
-0.967164
-0.967164
-0.733416
-0.733416
-0.520503
-0.498687
-0.000475785
-0.059893
0.147098
0.110173
-0.34872
-0.34872
-0.704498
-0.999968
-1.25401
-1.25401
-1.42116
-1.21986
-1.21986
-0.808317
-0.437668
-0.437668
-0.109327
-0.224361
0.0327238
0.479374
0.617365
0.193652
0.0883468
-0.302317
-0.0665414
-0.533928
-0.529125
-0.617183
-0.617183
-0.241269
0.122422
-0.128643
-0.489301
-0.489301
-0.53067
-0.997316
-0.965118
-0.965118
-0.965118
-0.965118
-0.965118
-0.492308
-0.595679
-0.466345
-0.267223
-0.445197
-0.746842
-0.85378
-0.549693
-0.549693
-0.628486
-0.628486
-0.165464
-0.226016
-0.634639
-0.797654
-0.550565
-0.850625
-0.470022
-0.264704
-0.605322
-0.605322
-0.252927
0.193565
-0.0399009
-0.402507
-0.0180371
0.445507
0.179714
-0.314582
-0.645019
-0.238227
0.238053
0.387811
-0.0970489
-0.392095
-0.289985
-0.426195
-0.132822
-0.189596
-0.0562546
-0.47132
-0.63518
-0.81123
-0.749818
-0.638928
-0.813303
-0.721276
-0.492339
-0.350733
-0.551235
-0.285034
-0.0422318
-0.209427
0.061044
0.349868
0.513781
0.240655
0.394077
0.184758
-0.247111
0.169788
0.368904
-0.0671206
0.167936
0.270291
0.722205
0.767738
0.463645
0.773841
0.653571
0.787324
0.946219
0.946219
1.21408
1.21408
1.21408
1.0886
1.0886
0.765089
1.12462
1.3759
1.08708
0.836571
0.904964
0.904964
0.80771
0.890388
0.637484
0.59248
0.946101
0.744807
0.91257
1.07288
1.07288
1.0411
1.25441
1.50027
1.66193
1.66193
1.36367
1.36367
1.28245
1.02215
0.592997
0.522712
0.0619574
0.122898
0.211033
0.535322
0.848787
0.349654
0.512599
0.30114
0.382875
0.181559
0.243971
-0.0257455
0.164577
-0.245949
-0.376118
-0.0367165
0.106082
0.134323
0.00814608
-0.343151
-0.103735
-0.0704821
-0.331836
-0.137396
-0.321717
-0.527243
-0.746554
-0.852575
-1.03048
-1.03048
-1.06721
-0.881362
-0.45088
-0.668332
-0.668332
-0.450689
-0.342603
-0.811174
-0.370454
-0.450518
-0.281514
-0.100848
0.237181
0.406874
0.600339
0.600339
0.230984
0.155285
0.0539662
-0.159687
0.0684201
0.266048
0.317026
0.331701
0.331701
0.383953
0.211167
0.606454
1.00925
1.00925
0.673601
0.935401
1.3262
1.63466
1.63466
1.64654
2.0729
1.90201
1.90201
1.63945
1.34299
1.10295
0.900949
0.821404
0.63587
0.451051
0.00554472
7.19069e-05
-0.320453
-0.623958
-0.754577
-0.598285
-0.630663
-0.501714
-0.332694
-0.625459
-0.673804
-0.969406
-1.09252
-0.677034
-0.46079
0.0330938
0.429327
0.33799
0.263313
0.081216
0.463282
0.406004
0.860037
0.860037
1.1973
0.735743
0.838601
0.838601
0.974883
0.974883
0.974883
0.954128
0.954128
1.04351
0.567826
0.569215
0.893
0.893
0.411728
0.411728
0.28
-0.0779001
-0.52776
-0.919792
-0.481751
-0.743003
-0.826531
-0.678977
-0.678977
-0.602119
-0.889512
-0.889512
-0.996728
-1.12452
-0.669951
-1.15913
-1.62838
-1.62838
-1.62838
-1.62838
-1.65903
-1.4862
-1.1944
-0.923178
-0.816079
-0.381169
-0.0433169
0.415693
0.617635
0.122038
0.113324
-0.307796
-0.0263937
-0.242288
0.138325
0.221375
0.0235635
0.179847
-0.204826
0.0906054
0.57954
0.735162
0.26409
0.154336
0.379207
0.339817
0.560929
0.957922
0.581095
0.619732
0.830209
1.08768
1.08768
0.826724
0.560404
0.886191
0.54579
0.445667
0.709782
1.0898
1.35526
0.973291
0.646076
0.850481
0.58738
0.316418
-0.0674559
0.0362908
-0.359356
-0.107719
-0.397519
-0.070698
-0.0235708
0.0502586
-0.112024
-0.308548
-0.357687
0.133377
-0.332589
-0.4924
-0.4924
-0.638699
-0.8284
-0.856698
-0.856698
-0.856698
-0.860085
-0.828581
-1.11096
-1.36964
-1.14453
-1.46281
-1.46281
-1.32886
-1.30637
-1.17318
-1.17318
-0.772286
-0.628541
-1.03935
-1.19087
-1.19087
-0.937701
-0.876045
-1.06057
-0.68832
-0.34211
-0.705895
-0.702967
-1.07359
-1.16855
-1.16564
-1.05822
-1.16816
-1.47522
-1.35324
-1.0085
-1.096
-1.27881
-1.0195
-0.742398
-0.315569
-0.0881245
0.215982
-0.278878
-0.61592
-0.450328
-0.178947
-0.583532
-0.334408
-0.0882182
0.106352
0.539173
0.11933
-0.0605361
0.168474
-0.0135197
-0.237687
-0.175615
-0.461081
-0.887803
-1.20405
-1.38272
-1.19688
-1.52055
-1.49291
-1.49291
-1.621
-1.61145
-1.61145
-1.65852
-1.56747
-1.37408
-1.41732
-1.24831
-1.12248
-1.45667
-1.30604
-1.41871
-1.41871
-1.74317
-1.74317
-1.74317
-1.74317
-1.56783
-1.66293
-1.66293
-1.21732
-1.48521
-1.21927
-1.21927
-0.89558
-0.89558
-1.03097
-0.541261
-0.359991
-0.185849
-0.405601
-0.0487081
0.0714055
0.07591
-0.233628
-0.233628
-0.685678
-0.541546
-0.85499
-0.709414
-0.329159
-0.547512
-0.160378
-0.160378
-0.619286
-0.619286
-0.619286
-0.744752
-0.432599
-0.0935248
0.26661
-0.0697347
-0.37537
-0.773973
-1.12133
-0.63271
-0.75856
-0.518398
-0.97411
-0.893325
-0.766618
-0.805931
-0.56311
-0.56311
-0.521764
-0.915814
-0.915814
-0.915814
-1.09659
-1.00446
-1.35548
-1.09801
-1.09801
-0.620117
-0.603171
-0.630381
-0.594398
-0.165491
0.206015
0.284916
0.219005
-0.123433
0.139062
-0.32752
-0.32752
-0.278915
-0.631946
-0.631946
-1.06435
-0.939557
-0.922704
-0.922704
-1.06437
-0.801833
-1.26313
-1.26313
-1.13569
-1.13569
-1.10463
-0.963248
-0.972771
-0.724485
-0.348088
-0.431915
-0.541688
-0.937982
-0.889328
-0.734777
-0.560725
-0.98349
-1.14975
-1.07144
-1.094
-1.2338
-1.2338
-1.38193
-0.960032
-0.971543
-0.53836
-0.698537
-1.13558
-0.73091
-0.973059
-0.476001
-0.711445
-0.450583
-0.683674
-1.15259
-1.42424
-1.42424
-1.05089
-0.850371
-0.578055
-1.04363
-0.820597
-1.16958
-1.03946
-1.15694
-1.29224
-1.25294
-1.25294
-1.31971
-1.31971
-1.46137
-1.31851
-1.31851
-1.25407
-0.90291
-0.898926
-0.898926
-1.15789
-0.970137
-1.32772
-1.32772
-1.14365
-1.14365
-1.00417
-1.00417
-0.554777
-0.837171
-0.743998
-0.59359
-0.59359
-0.247935
-0.519132
-0.972875
-0.785646
-0.369875
-0.266415
-0.266415
-0.535238
-0.410584
-0.0726077
-0.516565
-0.383065
0.00703525
0.120156
0.587411
0.587411
0.589523
0.8714
1.11411
1.53216
1.53216
1.53216
1.53216
1.44548
1.44548
1.48196
1.35403
1.35403
1.30066
1.21178
1.19767
1.02983
1.49145
0.99745
1.01366
1.01366
1.01366
0.570976
0.570976
0.378514
0.411682
0.47061
0.712256
1.0794
0.891204
0.735369
0.773717
1.0615
1.0615
0.808575
1.07123
0.572966
0.356626
0.151276
-0.0383631
-0.514188
-0.44151
-0.81985
-0.40846
-0.845216
-0.845216
-0.492599
-0.48995
-0.262315
-0.474196
-0.913717
-1.13735
-1.0214
-0.709107
-1.11954
-1.47568
-1.47568
-1.46927
-1.46927
-1.60852
-1.64665
-1.5362
-1.18009
-0.802353
-0.628405
-1.07797
-1.44962
-1.33738
-1.33738
-1.15883
-1.15883
-1.15883
-1.15883
-1.15883
-1.13143
-0.955592
-0.777007
-0.958128
-1.34791
-1.34791
-1.34791
-1.34791
-1.34791
-1.12661
-1.12661
-0.892921
-1.32803
-1.30951
-1.05613
-1.05613
-1.55476
-1.35806
-0.884699
-0.581228
-0.557004
-0.981949
-0.988958
-0.583896
-0.713649
-0.353979
-0.430892
-0.215658
-0.660283
-0.898081
-1.33058
-1.33058
-1.62469
-1.68668
-1.67601
-1.50864
-1.56895
-1.56574
-1.63338
-1.61255
-1.36135
-1.09032
-1.31232
-1.43477
-1.43477
-1.39338
-0.896711
-1.22325
-1.22325
-0.939939
-0.484488
-0.364147
0.00588421
0.374015
0.222027
-0.213848
-0.602231
-0.959746
-1.02342
-1.0024
-0.779534
-0.706295
-0.907378
-1.00744
-0.724871
-0.27239
-0.367286
-0.0351482
0.165875
-0.115081
-0.321071
-0.0679401
0.341821
0.175687
0.584009
0.584009
0.717678
1.05754
1.27452
1.27452
1.31338
1.31338
1.31338
1.31338
1.31338
1.31338
0.949764
0.678667
0.842787
0.723271
1.07525
0.721901
0.774601
0.96531
0.494651
0.494651
0.404402
0.448039
0.762074
0.762074
0.661493
0.792491
0.314691
0.401132
0.248418
0.0177294
-0.262424
-0.462707
-0.428046
-0.459703
-0.772448
-1.05585
-0.692649
-1.0688
-1.0688
-1.37511
-1.21731
-1.21731
-1.28278
-1.28278
-0.792037
-0.803435
-1.06174
-0.938706
-1.10046
-1.10046
-1.06273
-1.42963
-1.30958
-1.30958
-1.06619
-1.54942
-1.8231
-1.45831
-1.1249
-1.30292
-1.3023
-0.951344
-0.708089
-1.17911
-1.35325
-1.2946
-1.2946
-1.40113
-0.950898
-0.711874
-0.833861
-1.22966
-0.73677
-0.279993
0.102669
0.120096
0.30443
0.394237
0.194984
0.212805
0.537082
1.01941
0.641807
0.796958
0.9769
0.607119
0.307299
-0.0746648
-0.474227
-0.1285
-0.365724
-0.035014
-0.0467952
0.18257
-0.085955
-0.0900863
0.356142
0.326566
0.0656587
0.321933
0.731601
0.234772
0.382366
0.692243
1.06624
1.06624
0.635819
0.923679
0.869754
0.869754
0.790032
1.28212
1.28212
1.32045
1.18126
1.18126
1.12452
1.12452
0.76423
0.825927
1.03467
1.10874
1.10874
0.781176
0.619821
0.514796
0.996747
1.2699
1.36752
1.309
0.974514
1.19035
1.19035
1.4614
0.994532
0.819651
0.819651
0.819651
0.819651
0.915317
0.479359
0.0601993
0.319796
0.176736
-0.193452
0.271809
0.641143
0.789379
0.994085
0.523867
0.936777
0.936777
0.984268
1.38473
0.903435
1.11843
1.33753
0.978506
1.13742
1.13742
0.798224
1.03647
0.587612
0.587612
0.45881
0.634075
0.634075
0.634075
0.634075
0.664388
0.730729
0.730729
1.12243
1.12243
1.12243
0.752608
0.442479
0.442479
0.505465
0.83921
0.83921
0.83921
0.83921
0.966143
0.9294
1.23069
0.952601
0.952601
0.616547
0.642749
0.758387
0.758387
0.369885
0.175987
0.202487
0.625897
0.515795
0.979977
0.751794
0.784772
0.784772
1.22021
1.47973
1.24336
1.56977
1.56977
1.56977
1.56977
1.33332
1.33332
1.24856
0.917141
0.643514
0.960413
0.985913
1.0045
1.0045
0.658599
0.724702
0.853449
1.15664
0.994673
1.21139
1.10919
1.10919
1.10919
0.832123
0.662548
0.183772
0.523565
0.853132
0.853132
0.697014
0.418725
0.646373
0.857466
1.14544
1.14544
1.37459
1.37459
1.21733
1.48126
1.48126
1.42802
1.42802
1.28041
0.850485
1.00653
0.916253
0.429218
0.630593
0.478484
0.569517
0.124794
0.285117
0.346324
-0.104684
0.229213
0.511569
0.152053
0.445209
0.240829
0.547847
0.698291
0.630602
0.234089
0.307948
-0.0832422
0.113882
0.412198
0.345162
0.345162
0.711949
0.61375
0.953874
0.530304
0.384156
0.50535
0.258541
-0.180012
0.0741955
-0.0419228
0.363163
0.565192
0.565192
0.876248
0.876248
0.770876
0.476886
0.909913
0.77696
0.843591
1.17146
1.12606
1.21497
1.21497
1.69292
1.89018
1.54862
1.07737
1.07737
1.05319
0.757822
0.326838
0.715384
0.325898
0.315648
0.139708
0.343308
-0.1253
-0.0125829
-0.323901
-0.438573
-0.438401
-0.221758
0.16437
0.0856715
0.441378
0.410672
-0.0736882
-0.150686
-0.268274
-0.098887
-0.234108
-0.288835
-0.381855
-0.153825
-0.504447
-0.686894
-0.639872
-0.656261
-0.837601
-0.920722
-1.2546
-1.42465
-1.07451
-0.834151
-0.834151
-0.862683
-0.862683
-0.487557
-0.0477067
-0.282014
0.0730695
0.0894695
0.187334
-0.240398
-0.122399
-0.0727321
-0.0530642
0.246229
0.618756
0.509331
0.787523
0.709163
0.537015
0.303494
0.351701
-0.00580553
0.475075
0.401334
0.0510174
0.129303
0.60051
0.98079
0.98079
0.849488
1.00827
0.708371
1.08996
1.08996
1.08996
0.737701
0.977774
1.33338
1.50643
1.46357
1.15466
1.15466
1.41211
1.41211
1.41211
0.957726
1.00866
0.899013
1.19684
1.10256
0.882482
1.19985
1.11666
1.11666
1.48
1.18861
1.18861
1.18861
1.18173
0.73562
0.958984
0.685937
0.231435
-0.111406
-0.27493
-0.578265
-0.637512
-0.567755
-0.617656
-0.117974
0.363702
0.518383
0.865838
0.819102
0.744515
0.744515
0.949631
0.857957
0.438433
0.649458
0.499961
0.962883
1.03325
1.16532
0.697636
0.697636
0.264955
0.0545432
-0.427278
-0.793404
-0.519078
-0.978223
-0.513575
-0.284252
-0.5636
-0.5636
-0.5636
-0.188381
-0.152644
0.159369
0.459761
0.459761
0.238184
-0.0272371
-0.0637714
-0.0157412
0.107359
-0.0862196
0.367778
0.222424
0.463855
0.528162
0.25565
-0.240589
-0.67262
-0.316108
-0.0830131
0.258373
0.558444
0.558444
0.829297
1.07828
1.03538
0.851757
1.24496
1.43619
1.43619
1.1108
1.14703
1.42257
0.922968
0.944351
1.26608
1.23738
0.888112
0.429948
-0.0301638
-0.434978
-0.583845
-1.01241
-0.809647
-0.868399
-0.997067
-0.996059
-1.2435
-1.22584
-1.07073
-1.21884
-1.20454
-0.955557
-0.568418
-0.372966
-0.372966
-0.161444
0.143753
-0.150064
-0.440611
-0.449464
-0.0328123
0.0328013
-0.375967
-0.789495
-0.911557
-1.23727
-0.804171
-0.376921
-0.169262
-0.487346
-0.0301935
0.00630648
-0.265012
-0.0539998
0.0717044
0.20821
-0.120158
-0.293139
0.139227
0.222
-0.0561353
-0.257903
0.107829
0.514365
0.96839
0.96839
0.96839
0.96839
0.541382
0.906465
0.708764
0.35168
0.518742
0.965936
0.639727
0.29262
0.571481
0.501698
0.531283
0.619953
0.631512
0.193269
0.444008
-0.036846
0.0757699
-0.044062
0.210515
-0.146721
-0.632383
-0.613045
-0.506198
-0.130497
-0.470317
-0.672442
-0.672442
-0.605789
-0.997971
-0.88737
-0.51994
-0.77027
-0.895641
-0.640188
-0.178139
0.189822
-0.0318552
-0.275199
0.0404182
0.275995
-0.0989252
0.386325
-0.0434219
-0.393076
-0.883401
-0.452612
-0.566039
-1.03557
-1.31893
-0.975663
-0.534203
-0.315597
-0.566945
-0.924863
-1.32527
-1.14397
-1.28598
-0.806978
-1.06792
-0.839811
-1.22097
-1.57598
-1.57598
-1.49232
-1.49232
-1.36655
-1.27327
-1.27327
-1.16379
-1.16379
-0.744006
-0.473101
-0.0790216
0.346535
0.512591
0.476955
0.442766
0.864712
0.401126
0.43388
0.164305
-0.133165
0.188495
0.189607
-0.302778
-0.540274
-0.172011
-0.269581
-0.0762337
-0.477073
-0.722247
-0.88913
-0.88913
-1.23561
-1.23561
-1.68423
-1.63457
-1.14546
-0.717696
-0.822482
-0.822482
-0.709881
-1.04875
-0.918103
-1.05506
-0.974134
-0.974134
-0.986744
-1.09478
-1.0021
-1.14885
-1.05087
-0.612099
-0.985563
-0.985563
-1.15743
-1.15743
-0.79042
-0.63547
-0.565758
-0.565758
-0.917002
-0.917002
-0.452391
-0.252544
-0.30002
0.00823534
-0.255318
0.017115
-0.381186
-0.643891
-0.315201
-0.315201
-0.0793049
-0.192696
0.189035
0.0420493
0.420317
0.673912
0.901843
0.881788
0.881788
0.628442
0.671063
1.01178
1.09053
0.987253
1.04781
1.04781
0.824977
0.96157
0.812877
1.01742
0.972007
0.991022
0.534511
0.795907
1.20282
1.26554
0.862385
0.862385
0.803764
0.35042
0.0929284
0.440297
0.713025
0.728756
0.774747
0.747753
0.442905
-0.0394596
-0.345858
-0.812789
-1.24132
-1.24132
-1.17897
-1.41025
-1.41025
-0.96591
-1.06135
-0.601563
-1.03583
-1.46048
-1.3978
-1.36336
-1.07999
-0.727721
-0.701824
-0.675247
-0.454109
-0.764708
-0.915054
-1.33442
-1.14825
-1.3018
-0.821697
-0.330464
-0.471765
-0.471765
-0.111813
0.252357
0.465656
0.522858
0.861248
1.25899
1.74517
1.74517
1.74517
1.75293
1.52013
1.33671
1.57061
1.57061
1.54326
1.51228
1.18864
0.986976
0.932189
0.849576
0.450059
0.256534
-0.0132276
0.0872719
-0.0568653
0.0839586
-0.223309
-0.417268
-0.391167
-0.613311
-0.546197
-0.618285
-0.583697
-0.639776
-0.867666
-0.867666
-0.857747
-0.462618
-0.586775
-0.471984
-0.657387
-0.742887
-0.781462
-1.27322
-1.36108
-1.02729
-1.20619
-1.20619
-1.3745
-1.13742
-0.740239
-0.414782
-0.0291184
0.136133
-0.173029
0.318192
0.323285
-0.0616578
0.4133
0.399684
0.478278
0.892106
0.967108
0.983262
0.998349
1.14843
1.37061
1.37061
1.26733
1.26733
1.3031
0.984574
1.03214
1.06855
0.625433
0.700116
0.315079
-0.118895
-0.185432
0.00720311
0.351847
-0.101641
0.245129
-0.0316543
0.095244
-0.302978
-0.230802
-0.365666
-0.765282
-0.480629
-0.798213
-0.745246
-0.623841
-0.678602
-0.349473
-0.43029
-0.689675
-0.504638
-0.504638
-0.804579
-0.329083
-0.292743
0.13913
0.499753
0.625785
0.856734
0.856734
0.451474
0.603873
0.563287
0.610674
0.160429
-0.122031
0.249537
0.605001
0.235967
0.129913
-0.138801
0.20831
0.267892
0.510843
0.123804
-0.297297
-0.308613
0.187732
0.00205551
0.214068
0.139092
0.0431796
-0.196979
-0.321482
-0.361079
-0.402699
-0.321667
-0.579953
-0.695236
-1.03188
-1.03188
-1.03188
-1.03188
-0.740775
-0.784026
-0.552256
-0.835345
-1.18652
-0.886053
-0.94384
-0.663387
-0.385252
-0.418249
-0.418249
-0.147204
-0.430243
-0.315747
-0.294808
-0.488086
-0.512596
-0.0965029
0.111437
0.408014
0.119945
0.458337
0.475877
0.586778
0.826985
1.25045
1.25045
0.921048
1.38174
1.41402
1.41402
1.11966
1.19631
1.24074
1.04353
1.16936
1.2122
1.07103
1.07103
1.07103
1.16065
0.862445
1.09587
1.17643
1.17643
0.900519
0.900519
0.663975
0.497413
0.497413
0.0663957
-0.261595
-0.617747
-0.736192
-0.600749
-0.485479
-0.139696
-0.406512
-0.789448
-1.19461
-1.19461
-0.718602
-1.09444
-0.856968
-1.20125
-1.14216
-1.14216
-1.14216
-1.14216
-1.13838
-1.13838
-1.13838
-1.58369
-1.5939
-1.66611
-1.68702
-1.66774
-2.00172
-1.69914
-1.62781
-1.20823
-1.20673
-0.725718
-0.760571
-1.04799
-0.956678
-1.01818
-0.962283
-0.585141
-0.840803
-0.875825
-0.606669
-0.606669
-0.202149
-0.244788
-0.21416
-0.615687
-0.621445
-1.01952
-0.783384
-0.358862
-0.240667
-0.34429
-0.580018
-0.567091
-0.839014
-1.07528
-0.682338
-0.388804
-0.565646
-0.440097
-0.328307
-0.0979463
-0.0491148
-0.319403
-0.553538
-0.329843
-0.174961
-0.406694
-0.68494
-0.724122
-0.536811
-0.536811
-0.721043
-0.721043
-0.708876
-0.263394
-0.0387803
-0.318057
-0.318057
-0.375141
-0.282784
0.0554483
-0.439842
-0.682282
-0.928932
-0.814312
-0.47606
-0.878574
-0.669461
-1.10881
-1.10881
-1.19095
-1.04286
-0.561309
-0.991772
-1.12517
-0.884697
-0.849388
-0.86049
-0.40835
-0.712109
-0.517
-0.296634
-0.603154
-0.460335
-0.460335
-0.442241
-0.0644925
-0.304773
0.101479
-0.174121
0.0542049
0.355026
0.441333
0.821285
0.598119
0.738933
0.256848
0.204987
0.23996
0.0406847
0.331683
0.654045
0.831505
0.831505
1.01201
1.08416
0.9592
0.491316
0.80921
0.792724
0.449528
0.394653
0.491995
0.853282
0.586969
0.306717
0.306717
0.0921113
0.172564
0.512496
0.941556
0.492179
0.74313
0.730108
0.979156
1.3478
1.3478
0.870611
0.956737
1.03014
1.03014
0.582527
0.529024
0.574421
0.940529
0.940529
0.63897
0.496777
0.833043
0.494198
0.308221
0.554783
0.29657
0.200974
-0.24789
-0.328869
-0.527369
-0.674677
-0.476445
-0.536199
-0.536199
-0.640374
-0.364741
0.108333
0.155285
0.321483
0.492727
0.990495
0.712928
0.285084
-0.129917
-0.330745
-0.191181
-0.305568
-0.305568
-0.3217
-0.433779
-0.370324
-0.527645
-0.950692
-0.855322
-0.929758
-0.929758
-0.582073
-0.46911
-0.400902
-0.647227
-0.721917
-0.977827
-0.51796
-0.191027
0.300025
0.458809
0.00625497
-0.0265341
-0.157234
0.154643
0.0487997
0.520736
0.211405
-0.11471
0.261554
0.141521
0.603241
0.989501
0.773676
0.420558
0.771273
0.339148
0.643437
1.07237
1.07237
1.07237
0.873689
1.21002
0.77251
0.848582
0.925263
1.08823
0.654574
1.14397
1.14397
1.2027
1.2027
1.13169
1.1989
1.1989
0.812473
0.812473
0.729699
0.783887
0.545117
0.0858366
0.36083
-0.00574031
-0.175675
0.302233
0.121759
-0.34206
-0.609741
-0.979422
-0.943
-0.589421
-0.585867
-0.882741
-0.539964
-0.493883
-0.87722
-0.686987
-0.383106
-0.437998
-0.437998
-0.350844
-0.368295
-0.418595
-0.478488
-0.478488
-0.635694
-0.558009
-0.174476
0.149244
-0.0278932
-0.413046
-0.505044
-0.394983
-0.196416
-0.694412
-0.906777
-1.27251
-1.27251
-0.963528
-1.00589
-0.828396
-1.04341
-0.877522
-1.10957
-1.10957
-1.02647
-0.670436
-0.740287
-0.618829
-0.673166
-0.751605
-0.392152
-0.14226
-0.368837
-0.777428
-0.938877
-0.980222
-0.640208
-1.027
-0.560169
-1.05736
-1.36736
-1.36736
-1.36736
-1.10217
-1.10217
-1.10217
-1.10217
-1.03127
-0.854187
-0.697803
-0.230467
-0.0624098
-0.11519
0.0251271
0.218122
-0.236585
0.198017
0.463799
0.825055
0.82123
0.428806
0.445208
-0.0139167
0.380048
0.220097
-0.0342333
-0.16261
-0.157568
-0.0918357
0.279688
0.347449
0.694628
0.934087
0.920377
0.532924
0.621982
0.621982
0.487672
0.653686
0.443877
0.252937
0.322544
0.505496
0.401067
-0.0936064
-0.244822
-0.719775
-0.392586
-0.803412
-0.397807
0.0530061
0.307741
0.70049
0.90409
0.683114
0.863674
1.1556
1.13491
1.13491
1.47411
1.50485
1.38646
1.50037
1.08993
1.57422
1.3218
1.25981
1.25981
1.25981
1.25981
1.32027
1.19266
0.940793
1.16557
1.04158
1.00863
1.24803
1.24803
1.44761
1.76351
1.68216
1.47842
1.47842
1.48335
1.97313
1.92741
1.93432
1.49103
1.49399
1.29293
1.0582
0.86878
0.581411
0.222205
-0.214985
-0.596866
-0.716656
-0.808818
-0.445459
-0.251217
0.0787675
0.183337
0.538006
0.804594
1.18955
1.05723
1.09442
0.875876
1.31615
1.49245
1.39026
1.24238
1.11761
1.22632
1.37235
1.24787
1.24787
1.43185
1.83366
1.83366
1.72057
1.72057
1.72057
2.08285
1.60159
1.60159
1.60159
1.60159
1.57757
1.57757
1.50015
1.07159
0.717426
0.72189
0.950592
1.03234
1.38255
1.08108
1.3265
0.834737
0.957221
0.533997
0.637368
0.505892
0.897713
0.897713
0.897713
1.26744
1.09597
0.795906
1.11287
1.11287
0.785573
1.01569
0.669498
0.429188
0.178168
0.349265
0.337649
0.197727
-0.238498
-0.211872
0.287288
-0.196532
-0.30935
-0.424566
-0.857713
-0.479973
-0.440016
-0.683267
-0.646184
-1.08039
-1.34333
-1.42461
-1.26572
-1.20989
-1.42741
-0.93471
-1.16456
-1.44581
-1.27998
-1.13165
-1.13165
-1.28964
-1.10972
-1.34305
-1.34305
-1.34305
-1.28429
-1.1053
-1.1053
-1.23391
-0.904292
-1.22772
-1.22772
-1.06524
-1.06524
-1.18008
-1.04077
-0.584459
-0.943386
-1.13768
-0.862578
-1.26253
-0.878015
-0.532772
-0.710084
-0.710084
-0.567319
-0.0720749
0.170298
0.40564
0.0875686
0.549101
0.639429
0.838789
0.932844
0.44163
0.377249
0.512528
0.934409
0.988472
0.744039
0.744039
0.747751
0.375599
0.326435
0.291572
-0.174035
-0.456471
-0.172702
-0.520541
-0.863933
-0.646438
-0.628323
-0.665374
-1.13772
-0.907199
-0.5818
-0.589636
-0.33948
-0.0383559
-0.415574
-0.248355
0.0627872
-0.131763
-0.212381
-0.607624
-0.36557
-0.182114
0.290511
0.602478
0.19588
0.165237
0.258559
0.700588
0.711482
0.872289
0.872289
0.872289
0.578163
0.941761
1.02889
0.652785
0.583975
0.941692
0.831279
0.522239
0.726746
0.978787
0.905393
1.31223
1.27665
1.27665
1.34242
1.39308
1.49369
1.52039
1.09401
0.675695
1.04329
0.809349
0.996509
0.684899
0.757453
0.757453
1.13678
1.60135
1.22233
1.16959
1.22352
0.807108
0.316963
0.588697
0.655759
0.800861
0.977277
1.44749
1.39447
1.37807
1.1193
1.08214
1.05363
1.20937
1.33739
1.33739
1.33739
0.901393
1.19957
0.799491
0.560005
0.786567
1.1931
1.3082
1.70655
1.27533
0.840958
0.785692
1.15225
1.44162
1.04078
1.101
1.39357
1.23799
0.90923
0.963824
1.31754
1.71285
1.70909
1.77096
1.82182
2.00377
1.96874
1.83254
1.83254
1.54245
1.50894
1.5378
1.21718
1.09832
1.0386
1.11364
1.11364
1.11364
1.3759
1.48292
1.45842
1.40913
1.35797
1.35797
1.35797
0.882998
1.23942
1.23942
1.60058
1.45928
1.01926
0.705474
1.07679
0.827837
1.24019
1.02753
0.761625
1.00878
0.925533
0.901467
0.942273
0.736756
0.725605
0.34694
0.160519
-0.314441
-0.374587
-0.350087
-0.0275284
-0.510725
-0.429584
-0.15869
-0.201404
-0.447862
-0.7166
-0.887588
-1.20915
-1.20915
-1.60925
-1.48688
-1.56116
-1.56116
-1.53219
-1.33289
-1.31306
-1.23624
-1.23624
-1.23624
-1.23624
-1.49725
-1.43285
-1.52027
-1.52027
-1.46552
-1.07756
-1.28143
-1.35567
-1.35567
-1.35567
-0.865073
-0.865073
-0.77611
-0.748278
-0.825012
-1.15419
-1.15419
-1.13651
-0.748313
-0.748313
-1.17093
-0.687646
-0.376143
0.078759
0.113602
-0.134514
-0.252009
-0.252009
-0.735805
-0.87446
-0.87446
-0.828346
-0.534048
-0.518641
-0.066898
-0.407891
-0.185781
-0.244835
-0.231198
-0.441261
-0.189684
-0.116793
-0.184117
-0.334004
-0.569295
-1.00855
-1.20569
-0.854834
-1.07501
-1.1035
-0.857636
-1.1243
-0.850888
-0.593648
-0.767062
-0.552954
-0.204485
-0.143325
-0.165624
-0.387719
-0.604985
-0.850113
-0.739939
-0.815761
-1.21017
-1.21017
-1.60186
-1.54128
-1.54128
-1.13171
-0.889805
-1.35333
-1.35333
-1.14767
-1.47324
-1.25175
-1.13125
-0.923859
-0.718462
-0.718462
-1.21059
-1.43293
-1.43293
-1.27244
-0.801436
-0.381701
0.01145
-0.228868
0.197239
0.483058
0.360278
0.0610882
0.0121205
-0.471099
-0.630996
-0.512587
-0.6131
-0.379988
-0.173638
-0.227384
-0.0967482
0.343888
0.560274
0.560274
0.402973
0.773282
0.624434
0.183279
0.235145
0.0749428
-0.30676
-0.30676
-0.683675
-0.578234
-0.546984
-0.863742
-0.426733
-0.0602542
-0.36372
-0.430702
-0.66309
-1.07371
-1.25257
-1.25257
-1.50479
-1.50479
-1.344
-1.28392
-1.28392
-1.28392
-1.33257
-1.48627
-1.22678
-1.26042
-1.06068
-1.11605
-1.18693
-1.50638
-1.64936
-1.65486
-1.84048
-1.3906
-1.5351
-1.38154
-1.38154
-1.31009
-1.31009
-1.31009
-0.892121
-0.892121
-1.00049
-0.645779
-0.917017
-0.609269
-0.514719
-0.514719
-0.514719
-0.83371
-0.64
-1.07242
-0.688988
-0.875953
-0.873452
-1.04374
-1.04374
-0.93897
-0.697413
-0.351438
-0.743628
-0.589692
-0.589692
-0.141701
-0.576985
-0.576985
-0.884767
-1.01552
-1.01552
-1.31304
-1.31304
-1.37277
-1.37277
-1.28622
-1.28622
-0.867548
-0.742779
-0.955674
-1.23087
-0.957683
-1.31799
-1.01641
-0.614922
-0.399393
-0.395302
-0.711364
-0.666408
-0.605556
-0.392414
-0.832307
-0.832307
-0.734915
-0.991167
-0.69141
-0.28056
-0.722778
-0.321128
0.00144862
0.0011247
0.0104408
-0.441535
-0.543174
-0.344287
-0.326857
-0.0213481
-0.0279152
0.455105
0.241442
0.575233
0.297036
-0.024181
-0.381341
-0.313682
-0.535843
-0.0631901
0.140759
0.0663719
-0.0755407
-0.213448
-0.357382
-0.432465
-0.909257
-1.21695
-1.21695
-0.837806
-0.630904
-0.563995
-0.451139
-0.544074
-0.397055
-0.0171471
0.239001
0.0859081
-0.0191747
-0.0313503
-0.0421562
0.305653
0.0581584
0.182985
0.563701
0.46416
0.456406
0.0166021
-0.217139
-0.345441
-0.311671
-0.605242
-0.877851
-0.877851
-0.996244
-0.588456
-0.348102
-0.327049
-0.255158
0.217907
0.486345
0.573275
0.705041
0.867888
0.852262
1.03925
1.03925
1.33975
0.873489
0.402465
0.629269
1.07695
0.864328
0.87286
0.87286
0.541791
0.422392
0.422392
0.425184
0.231986
0.7308
0.634822
0.79986
0.697337
0.541407
0.418178
0.561596
0.940272
0.944264
0.842944
0.914295
0.989772
1.03395
0.858219
0.444358
0.0405451
-0.40214
0.010434
-0.0150441
-0.285648
-0.658839
-0.35849
-0.168064
-0.46324
-0.263355
-0.0904079
-0.40231
-0.637762
-0.923082
-0.684426
-1.16479
-0.777091
-0.289084
-0.374079
0.0902677
-0.189066
-0.344047
-0.593269
-0.505143
-0.218726
0.0404535
0.0756635
-0.349786
-0.469419
-0.598922
-0.312839
-0.387742
-0.680825
-1.01871
-1.15755
-1.15755
-0.887958
-0.587973
-0.285316
-0.478501
-0.179229
-0.00185836
-0.299744
-0.104104
-0.0150473
-0.459361
-0.0959534
-0.0872455
-0.0866666
-0.231548
0.112639
0.0594738
-0.324678
-0.20146
-0.130044
-0.201127
-0.171166
0.325514
0.47987
0.202481
0.316585
0.387781
0.146348
0.581235
0.805994
0.812307
1.26957
1.09472
0.88868
0.805575
1.14713
1.14713
0.654098
0.293965
0.642868
0.661058
1.01882
1.01882
1.2781
1.2781
1.04711
1.42396
1.03525
1.03525
1.03525
0.577994
0.483789
0.344232
0.312047
0.454507
0.346653
0.491852
0.491852
0.759686
1.23238
1.15321
0.869641
0.975819
0.789389
0.789389
0.789389
0.348728
-0.0360453
-0.0535005
0.108559
-0.108007
0.0659949
0.464584
0.298229
0.298229
0.154197
-0.0525861
0.387095
0.554049
0.461318
0.247735
0.262796
0.57069
0.71101
0.482727
0.973036
0.587365
0.550303
0.411228
0.471131
0.471131
0.928888
0.724073
0.25699
-0.0246461
-0.252642
0.126154
0.0707758
-0.282808
-0.339877
-0.466747
-0.487623
-0.60083
-0.138885
0.342422
0.679594
0.564728
0.935441
0.495614
0.575298
0.433192
0.918439
0.432918
0.619481
0.951838
1.41105
1.41105
1.41105
1.28963
1.11507
0.792795
0.583104
0.583104
0.477946
0.143029
0.399758
0.399758
0.84446
0.947003
0.947003
1.00067
1.00067
0.505432
0.880908
0.49888
0.635995
1.09884
0.854849
0.511745
0.92359
0.92359
0.92359
1.20605
1.20605
0.924488
0.959018
1.06734
0.890365
0.890365
0.833607
0.340245
0.188963
0.282215
0.287994
0.430166
0.40055
0.820927
0.470101
0.26815
0.0231921
-0.0868935
0.0957675
-0.171999
-0.158203
0.306779
0.100193
-0.0588614
-0.379094
-0.136981
-0.0821598
-0.327381
-0.745103
-0.844968
-1.02335
-1.36791
-1.3109
-0.904446
-1.30927
-1.23362
-0.786479
-1.12626
-1.16242
-0.930729
-0.952512
-1.25723
-1.25723
-1.71914
-1.48948
-1.48948
-1.39186
-1.52634
-1.04768
-1.39563
-1.39563
-1.39563
-1.39563
-1.0523
-1.0523
-1.13003
-1.13003
-1.55919
-1.77417
-1.77417
-1.77417
-2.00809
-2.07299
-1.81776
-1.33044
-1.36895
-0.890652
-0.399687
-0.119364
0.099588
0.493518
0.49884
0.400617
0.462693
0.661015
0.209952
0.640266
0.22788
-0.209363
-0.20084
-0.416372
-0.416312
0.0357891
0.33635
0.0491902
0.243407
0.265167
-0.197094
-0.133112
-0.429186
-0.334642
-0.646981
-0.830223
-0.830223
-0.894688
-1.28919
-1.13447
-0.967802
-0.715798
-0.918937
-0.935738
-1.3667
-1.49976
-1.49976
-1.49976
-1.33696
-0.988253
-0.77852
-0.882649
-0.898675
-0.872801
-0.712577
-0.436918
-0.416494
-0.141328
-0.0985575
0.233907
0.733687
0.47577
0.454771
0.344315
-0.105795
0.131817
0.285559
0.776789
1.12946
1.58046
1.73726
1.73726
1.46792
1.79545
1.79545
1.79545
1.53181
1.51351
1.51351
1.60401
1.60401
1.60401
1.60401
1.60401
1.51436
1.95047
1.53447
1.06521
0.61558
0.567795
1.06725
0.827907
0.827907
0.827907
0.788127
0.670748
0.670748
0.255243
-0.0483658
0.174518
-0.0557716
0.0577554
0.526011
0.753008
1.06611
1.06611
1.56134
1.13236
1.13236
1.13236
0.731584
0.669032
0.968519
1.19736
1.09645
1.46273
1.95137
2.1091
1.91421
1.91421
1.86749
1.7168
1.50359
1.06607
0.885773
0.927565
0.852273
0.395325
0.0800572
0.211337
-0.182177
-0.0418523
0.0974608
-0.146116
-0.256971
-0.0502024
-0.000235987
0.0527646
0.0775731
0.220827
-0.017168
0.275382
0.709063
0.283125
0.114874
0.0680816
0.07603
0.105239
0.256071
0.173474
0.215762
0.484919
0.878984
1.32901
1.64035
1.39256
0.995736
0.877918
0.729485
0.652125
1.0642
0.573833
0.428326
0.916166
0.841382
0.952892
0.693484
0.348934
-0.0721092
-0.368307
-0.41085
-0.41085
0.0357496
-0.30047
0.0327472
0.423129
0.814447
1.00973
0.925351
0.925351
1.15224
1.40366
1.40366
1.05882
0.673388
1.16361
1.0529
0.574677
0.380013
-0.00982269
-0.447494
-0.406327
-0.876343
-0.379762
-0.79515
-1.06623
-0.720661
-0.714262
-0.717084
-0.73523
-1.17033
-1.24269
-1.54015
-1.54015
-1.54015
-1.54015
-1.79083
-1.7759
-1.36822
-1.36822
-1.36822
-1.69317
-1.66054
-1.20753
-1.2103
-1.0179
-0.808946
-1.21614
-0.850664
-0.381294
-0.390809
0.0786815
-0.393726
-0.591313
-0.620541
-0.596297
-0.487392
-0.337628
-0.337628
-0.275877
0.192715
0.259881
-0.0149848
0.107742
-0.322034
-0.580438
-1.0003
-1.17437
-1.17437
-1.19361
-1.59007
-1.09662
-0.701296
-0.945052
-0.487428
-0.467829
-0.963044
-1.01191
-0.612835
-0.210347
-0.477707
-0.149844
0.278181
0.407467
0.581141
0.581141
0.303806
0.303806
0.705257
0.66807
0.929753
0.818301
1.29957
1.35553
1.71044
1.71044
1.351
1.66682
2.10043
1.6361
1.70432
1.59572
1.49097
1.49097
1.405
1.31195
1.36504
0.965085
0.936352
0.65935
0.65935
0.879919
0.630397
0.823793
0.379143
0.385463
0.0747004
0.358936
0.839153
0.603557
0.696032
0.606278
0.613129
0.398484
0.458516
0.105729
0.458482
0.458482
0.591166
0.685355
1.06123
1.24224
0.917271
1.0042
0.797369
0.726104
0.839321
0.543612
0.163412
0.605333
0.662892
0.724961
0.724961
0.864649
0.929479
1.18334
1.12408
1.21135
1.54329
1.54329
1.33798
1.0426
1.0051
1.0051
1.0051
0.940681
0.55041
0.435742
0.181637
0.283307
0.557237
0.23465
0.105128
-0.20919
-0.389527
-0.579533
-0.277465
-0.652675
-0.275083
-0.302169
-0.00625901
0.332544
0.540435
0.366269
0.827716
0.506309
0.333116
0.350544
0.350544
0.601534
0.836608
0.423434
0.147893
0.308408
0.244876
0.191699
0.174646
0.279418
0.376298
0.827448
0.543083
0.512386
0.181356
-0.155401
-0.386715
-0.797485
-1.20302
-1.33123
-1.00972
-0.830799
-0.53492
-0.396423
-0.251501
-0.174001
-0.592521
-0.376292
-0.430213
-0.513307
-0.701375
-0.66032
-0.969775
-0.879009
-1.1648
-0.985559
-1.00018
-0.513904
-0.935995
-1.33529
-1.72245
-1.88463
-1.88463
-1.43167
-1.30894
-1.53893
-1.36997
-1.24499
-1.22261
-1.22261
-1.23273
-1.41463
-1.41463
-0.95744
-1.0525
-0.971228
-0.727692
-0.342356
0.141818
0.462471
0.152564
0.282457
0.321738
0.480742
-0.00730895
0.229285
0.303097
0.00091763
-0.397883
-0.648097
-0.565039
-0.339546
-0.428796
-0.272502
-0.272502
-0.55499
-1.02217
-1.43852
-1.19784
-1.19784
-1.3009
-1.3009
-0.849815
-1.25451
-1.3879
-1.28114
-0.847228
-0.357682
-0.357682
0.0197354
0.319823
0.472799
0.437614
0.360835
0.25146
0.46282
0.393972
0.571414
0.485343
0.368074
0.422014
0.664422
0.439427
0.204251
0.498499
0.254157
0.341873
-0.0770743
-0.335322
-0.384928
-0.549238
-0.549238
-0.865111
-1.02195
-1.08732
-1.08732
-0.818402
-1.00278
-1.00278
-1.28959
-1.28959
-1.28959
-1.36634
-1.17178
-1.07477
-1.20704
-1.20704
-0.93449
-0.820291
-1.23678
-1.29999
-1.29999
-1.36571
-0.876967
-0.779132
-0.965934
-0.489619
-0.78706
-0.78706
-0.606739
-0.805694
-0.550239
-0.790821
-0.510237
-0.595242
-1.01224
-0.547157
-0.620216
-0.384385
-0.311969
-0.217496
-0.100296
-0.2525
-0.255278
-0.566036
-0.130758
0.113506
-0.25228
-0.231591
0.148241
-0.216393
-0.0878842
0.165567
-0.145534
-0.0535534
-0.297172
-0.186403
-0.466941
-0.663676
-1.03159
-1.4055
-1.16194
-1.16194
-1.16194
-1.62157
-1.62157
-1.54881
-1.36301
-1.17133
-0.80007
-1.15331
-0.727153
-0.384124
-0.448966
-0.39684
-0.577397
-0.770566
-0.856047
-1.18563
-1.18563
-1.23695
-1.23695
-1.29691
-1.48501
-1.29454
-1.27936
-0.993149
-0.927442
-0.44514
-0.254803
-0.162178
0.282864
0.657854
1.03944
0.64671
0.901959
0.701181
0.420016
0.225723
0.629227
0.574156
0.83241
1.01068
1.25669
0.990425
0.613222
0.777051
0.777051
1.06667
0.828888
0.349777
0.474238
0.0117412
-0.42109
-0.113475
-0.332275
-0.735779
-0.985902
-0.649893
-0.649893
-0.665546
-0.271615
-0.300591
-0.795393
-0.795393
-0.916703
-0.952772
-0.544195
-0.426211
-0.426211
-0.786144
-0.6764
-0.383102
-0.355588
-0.151148
-0.170073
-0.0508086
-0.339324
-0.154774
-0.0245992
0.363092
0.102939
0.201073
0.10344
0.372936
0.465604
0.779994
0.434197
0.0831539
-0.0629203
-0.292297
-0.0789629
0.407411
-0.0293312
-0.317242
0.0193257
-0.0461199
-0.0623369
-0.121167
-0.434227
-0.0250977
-0.246623
-0.0537042
0.318363
0.418189
0.433512
0.630813
0.550918
0.550918
0.712671
0.457042
0.457042
-0.0237306
0.257741
-0.105274
0.274768
0.479315
-0.00847998
-0.212035
0.129246
0.289914
-0.129624
-0.149694
-0.205577
0.243972
0.343719
-0.0819474
-0.261277
0.178228
-0.12044
-0.370891
-0.398583
-0.613841
-0.951867
-1.06679
-1.04257
-1.04257
-1.04257
-1.04257
-0.591241
-0.27597
-0.0591585
0.130549
0.350545
0.0527204
0.0874455
-0.332488
-0.0830516
-0.483828
-0.378781
-0.0662382
0.301395
0.687882
1.07872
0.943527
0.964602
0.885481
1.06225
0.701293
0.595091
0.494882
0.577278
0.0848852
-0.11481
-0.189158
-0.653389
-0.499423
-0.760991
-0.908745
-0.937468
-0.574375
-0.752204
-0.658911
-0.90285
-0.731654
-0.731654
-0.245779
-0.343933
0.00924902
-0.379719
-0.353814
-0.3694
-0.262385
-0.566834
-0.23688
0.133744
0.121289
-0.00379727
0.0235498
-0.133325
0.0148623
-0.240861
0.207704
0.223351
-0.00939336
0.235571
0.18615
-0.266856
-0.10031
-0.502682
-0.495808
-0.406225
-0.833038
-0.433983
-0.64447
-0.64447
-0.912883
-0.741854
-0.359154
-0.778465
-1.13777
-1.52916
-1.53722
-1.21124
-1.63858
-1.59189
-1.59189
-1.44624
-1.22403
-0.976335
-1.00628
-1.00628
-0.664007
-0.664007
-0.703673
-0.703673
-0.703673
-0.400173
-0.6149
-1.0329
-1.00073
-0.832979
-1.18256
-1.18256
-1.05749
-0.630357
-0.146709
-0.539917
-0.646284
-0.203609
-0.403907
-0.798165
-0.637219
-1.07321
-1.01446
-0.918043
-0.70444
-0.980108
-0.512885
-0.214881
-0.309829
-0.607203
-1.08883
-1.08883
-1.29057
-0.816189
-1.08359
-1.08359
-1.26541
-1.48433
-1.45268
-1.7078
-1.7078
-1.63781
-1.6694
-1.98053
-1.4943
-1.20421
-1.20421
-1.16453
-1.41655
-1.41655
-0.9463
-1.05716
-1.11556
-1.11556
-0.654513
-0.372661
-0.264415
-0.328762
-0.157495
-0.157495
0.327408
-0.038808
-0.0347405
0.137259
0.40471
0.17095
-0.161536
0.0291262
-0.362218
-0.686665
-0.349712
-0.013739
0.235616
0.288677
0.569493
0.752082
0.876513
1.14638
0.9642
1.37079
1.41186
0.938385
0.938385
0.700056
0.795135
0.629677
0.855558
0.472015
0.344116
-0.041899
-0.315176
-0.474763
-0.801214
-1.02529
-1.02529
-1.20935
-1.19597
-1.19597
-1.24248
-1.58542
-1.13551
-1.07322
-0.810369
-0.479989
-0.0323189
-0.466831
-0.368164
-0.0666787
0.341405
0.147854
0.130864
-0.298503
-0.0355153
0.315804
0.542678
0.0564985
0.150427
0.0469904
-0.161173
-0.350261
-0.229553
-0.48847
-0.50833
-0.588248
-0.492118
-0.277898
0.113576
0.161669
-0.188614
-0.44212
-0.195264
0.17341
0.614978
1.09384
0.748471
1.10496
1.22329
1.05112
0.73181
0.263746
0.270397
0.528044
0.712734
0.364919
0.600344
0.257734
0.553774
0.990528
0.536744
0.716454
0.84462
1.12556
1.55808
1.72747
1.59406
1.68239
1.68239
1.57643
1.29242
1.29242
1.29242
1.29242
1.29242
1.14356
0.912547
0.722431
0.232717
0.407212
0.407212
0.812199
0.812199
0.563339
0.354377
0.513208
0.346347
0.228778
0.428284
0.476695
0.424897
0.78825
1.25917
1.25917
1.61309
1.98891
1.8007
1.74502
1.96132
1.96132
1.96132
1.59203
1.59203
1.37053
1.69666
1.69666
1.69666
1.70148
1.4301
1.10181
1.45152
1.10641
0.761788
0.761788
0.512319
0.405464
0.639439
0.622157
1.05932
1.01619
1.01619
0.688275
0.211198
-0.0795813
-0.00625425
-0.17567
-0.318578
-0.211687
-0.560204
-0.433726
-0.372391
-0.314978
0.0624069
-0.31832
-0.583662
-0.452529
-0.567402
-1.02866
-1.02866
-1.13284
-0.879417
-0.582154
-0.498363
-0.241365
0.18204
0.600525
0.104619
0.219481
0.529894
0.929021
0.777271
0.666118
0.857859
1.02525
0.801173
0.814878
0.835285
0.595607
0.509372
0.885476
0.885476
0.999456
1.44162
1.28018
1.29803
1.74229
1.31011
1.31011
0.858262
0.451004
0.621093
0.668078
0.606321
0.527068
0.91065
0.918151
1.31096
1.16757
1.33416
1.79624
1.69416
1.72891
1.7336
1.7336
1.32405
1.43595
1.24667
1.22758
1.4438
1.24854
1.05578
0.760271
0.760271
0.760271
0.474626
0.475608
0.957512
0.546989
0.462721
0.807844
0.555672
0.623524
1.06103
1.28995
0.855147
0.517596
0.0670256
0.0459528
0.280624
0.538264
0.123157
0.158629
-0.164319
-0.431408
-0.255658
-0.666671
-0.666671
-0.697702
-1.1874
-1.1667
-1.0894
-0.636719
-0.189521
0.271187
0.184875
0.403343
0.758564
0.712351
0.245382
0.693097
1.09154
1.09154
0.885767
0.830101
0.478602
0.478602
0.607667
0.521158
0.40127
0.669457
0.860851
0.852909
1.0463
0.702937
0.23471
0.548054
0.253821
-0.0915511
-0.321294
-0.786207
-0.786207
-0.496443
-0.188412
0.0303247
0.51913
0.108677
0.108304
-0.172205
0.0982228
-0.179244
0.221529
0.0521001
-0.302238
-0.579525
-0.366751
-0.545069
-0.724281
-0.471762
-0.471762
-0.471762
-0.929774
-0.454691
-0.665115
-0.956849
-0.886166
-0.852081
-0.402263
-0.570318
-0.311985
-0.311985
-0.311985
-0.424908
-0.00224614
0.230299
0.40638
0.684338
0.636227
0.636227
0.678564
0.617027
0.217676
0.0828807
0.514037
0.492228
0.78311
0.78311
0.365274
-0.0188506
-0.125737
-0.132386
-0.36995
-0.699109
-0.760974
-1.08015
-1.02724
-0.622397
-0.126208
0.303065
0.226166
0.566712
0.127124
-0.203193
-0.542919
-0.71353
-0.530173
-0.907834
-0.620094
-1.01944
-0.679375
-0.183361
-0.19572
0.0991852
0.127398
0.0156297
0.252706
0.321741
0.787303
0.670334
0.542543
0.299195
0.706101
0.351472
0.464847
0.24131
-0.181208
-0.254678
-0.0396009
-0.036771
-0.0299736
-0.207361
-0.359264
-0.212586
-0.566102
-0.197611
-0.62077
-0.779407
-0.711496
-0.60923
-0.745885
-1.15873
-0.898867
-1.29833
-1.38804
-1.40862
-1.82489
-1.66238
-1.31369
-1.08404
-1.2908
-0.979505
-0.697753
-0.812982
-1.12506
-1.54181
-1.54181
-1.68224
-1.23828
-1.04649
-1.11387
-0.69591
-0.7424
-1.16291
-1.23668
-1.23668
-1.63399
-1.63399
-1.63399
-1.63399
-1.63399
-1.40769
-1.40769
-1.20513
-1.66522
-1.66522
-1.68836
-1.9124
-1.95964
-1.62023
-1.25643
-1.21203
-1.21203
-1.57211
-1.57211
-1.52284
-1.52284
-1.52284
-1.61681
-1.67985
-1.8142
-1.9411
-1.94323
-1.81027
-1.81027
-1.81027
-1.81027
-1.59153
-1.59153
-1.90633
-1.90633
-1.90633
-1.80931
-1.80904
-1.80904
-1.80904
-1.95904
-1.94598
-1.94598
-1.56188
-1.2795
-1.01268
-1.41444
-1.41444
-1.08735
-0.949104
-1.02192
-0.617151
-0.251031
-0.675481
-0.584735
-0.479905
-0.596014
-0.833538
-0.833538
-0.563749
-0.563749
-0.497433
-0.222643
-0.506517
-0.813309
-0.44561
-0.418294
-0.313731
-0.0230988
-0.100184
-0.529259
-0.529259
-0.708953
-0.434259
-0.489759
-0.248516
0.239452
0.644539
0.880846
0.702644
0.890688
0.890688
1.1376
1.54626
1.51746
1.03013
1.03013
1.45373
1.57619
1.10208
0.898971
1.0609
0.882262
1.3283
0.904651
0.898116
0.853474
0.6488
1.00086
0.841517
0.911034
0.437869
0.562925
0.338009
-0.00148954
-0.151957
0.15187
-0.00313578
0.0565338
-0.200323
-0.219236
-0.388906
-0.389035
-0.870365
-0.840781
-0.840781
-0.840781
-1.25771
-1.22329
-0.920652
-0.763974
-1.08216
-0.872011
-0.445384
-0.658281
-0.337428
0.0567104
0.0899809
0.421585
0.231196
0.195108
0.515836
0.771277
1.19084
1.28487
0.854471
0.854471
0.372479
0.521855
0.0971888
0.466354
0.680785
0.885675
0.99004
1.24871
1.2959
0.983453
1.37247
1.16474
0.705599
0.660587
1.04562
1.04562
1.04562
1.30145
0.838623
0.476637
0.947874
0.908087
1.04043
0.868924
0.681027
0.88592
0.851961
1.11798
0.942549
0.942549
0.949624
0.851088
0.544402
0.59458
0.611506
1.08777
0.700719
0.300351
-0.0356338
0.381828
0.127169
0.51668
0.0864679
0.412875
0.501966
0.0450986
-0.0225233
0.363545
0.242276
-0.159282
-0.264108
0.0350999
-0.406169
-0.192233
-0.530675
-0.0616177
0.056271
0.21113
-0.285282
-0.285282
-0.663043
-1.09377
-0.822396
-0.631128
-0.481187
-0.536759
-0.75539
-0.319858
-0.310566
0.0166517
-0.437513
-0.0571623
0.0541148
0.452551
0.154675
0.281636
-0.0475853
-0.238793
-0.529272
-0.717303
-0.691481
-0.875884
-0.473093
-0.0667029
0.225254
-0.0723891
0.253198
-0.209803
-0.4007
-0.68133
-0.76795
-0.76795
-0.877002
-0.52523
-0.470724
-0.603418
-0.351239
-0.748864
-0.919394
-0.816419
-1.1498
-1.47987
-1.66728
-1.17063
-1.27115
-1.3617
-1.14518
-0.811834
-1.05194
-0.772684
-0.403353
-0.670077
-0.435412
-0.824509
-0.824509
-0.962008
-0.869376
-0.88877
-0.966058
-0.645273
-0.556821
-0.339242
-0.463535
-0.0394795
-0.091448
0.0608755
-0.247731
-0.423932
-0.741288
-1.15208
-0.85857
-0.415933
0.0407594
0.221619
0.284616
0.339636
0.563908
0.951613
0.481487
0.485564
0.485564
0.485564
0.823029
0.343261
0.807242
0.3341
0.246119
0.140477
0.402063
-0.0856537
-0.481089
-0.123277
0.00944341
0.479573
0.197978
0.131802
0.0226213
0.500733
0.295359
0.0446623
-0.284553
-0.556583
-0.757093
-0.423832
-0.647913
-0.313699
0.127844
0.405472
0.568755
0.975061
0.717835
1.01622
0.77344
0.956354
1.15349
1.36298
1.25906
1.41681
1.41681
1.0261
0.670877
0.740725
0.376622
0.555163
1.00146
1.00146
0.865577
0.865577
0.503225
0.982881
0.982881
1.22873
0.950137
1.01254
1.01254
0.887466
0.848789
0.524576
0.672775
0.487043
0.348065
0.332235
0.168979
0.326853
0.714221
1.2002
0.774079
1.14733
1.14733
1.00985
0.549605
0.601397
0.40071
0.0357222
-0.30993
-0.75929
-1.04461
-0.989004
-1.21143
-1.32725
-0.858371
-0.632174
-1.08474
-0.636654
-0.793474
-0.473597
-0.129969
0.0657288
0.272312
0.745624
1.19383
0.930346
1.06271
1.06271
1.43423
1.43423
1.48506
1.76946
1.28977
1.28977
0.876713
0.854401
0.761049
0.521193
0.521193
0.320323
0.750531
0.750531
0.908523
0.908523
1.32135
1.37778
1.44568
1.44568
0.969125
0.969125
1.24629
1.12057
1.12344
0.881687
0.859732
0.726594
0.908446
0.940298
0.506373
0.156197
-0.161496
-0.320951
-0.0793103
-0.506187
-0.105291
-0.299682
-0.164731
-0.634511
-0.239442
-0.416369
-0.713749
-1.05016
-0.923973
-0.75349
-0.368972
-0.458418
-0.297865
-0.656189
-0.594014
-0.61681
-0.228619
0.1575
-0.117198
0.0916846
0.182491
0.348986
0.279726
-0.201038
-0.426829
-0.828999
-0.700683
-0.655096
-1.07804
-1.07804
-1.34711
-1.83035
-1.55361
-1.83502
-1.91377
-1.46334
-1.0287
-0.592323
-0.976869
-0.736674
-0.679492
-0.342639
-0.598447
-0.649576
-0.649576
-0.30557
-0.241355
-0.0490658
0.115038
-0.258402
-0.179427
-0.300175
-0.264088
-0.264088
0.0603037
-0.173345
-0.428417
-0.692228
-0.426051
-0.633712
-1.09998
-1.09998
-0.742128
-0.767064
-0.976773
-0.976773
-0.552911
-0.268059
-0.734401
-0.774812
-0.315027
0.036548
-0.013422
-0.133295
-0.133295
-0.0147917
-0.0920514
0.187702
0.400328
0.0247207
0.484605
0.804848
0.452327
0.42846
0.623189
0.605186
0.54463
0.812266
0.530251
0.677265
0.188438
-0.105084
0.292457
-0.165422
0.155298
-0.316477
-0.766292
-0.430044
-0.714547
-0.305386
0.0460243
0.518604
0.857268
0.888825
0.592115
0.508222
0.100346
0.311793
0.738763
0.647906
0.861022
0.428258
0.428258
0.48026
0.366819
0.455159
0.127496
-0.309335
0.183732
0.340147
0.271607
0.694469
0.277246
-0.145186
-0.566925
-0.300902
-0.333003
-0.330671
-0.314722
-0.449359
-0.507291
-0.766253
-0.49586
-0.663626
-1.10124
-0.675678
-1.02868
-1.26603
-1.59583
-1.37152
-0.953782
-0.485841
-0.606337
-0.220729
0.0650369
0.219168
-0.153906
-0.38826
-0.741883
-0.290705
-0.73553
-1.04522
-0.797933
-0.755017
-0.763093
-0.756862
-1.00941
-0.698825
-0.609919
-0.11519
-0.232395
-0.354965
-0.0537588
-0.100686
0.367917
0.596993
0.91148
1.10248
1.10248
0.786277
1.05437
1.00057
1.00057
0.899652
0.899652
0.899652
0.577136
0.402659
0.402659
0.884337
1.07278
0.628636
0.59308
0.994692
0.655734
0.52285
0.66738
0.409418
0.445177
0.86062
0.566009
0.465423
0.431805
-0.050126
-0.529346
-0.343697
0.148099
0.39201
0.209795
0.60746
0.60746
0.741372
0.741372
0.787995
0.397876
0.682209
0.434146
0.0499263
0.131759
-0.117429
-0.437178
-0.340375
-0.753858
-0.485716
-0.741388
-0.99369
-0.682007
-0.551705
-0.606697
-1.0853
-1.35516
-1.35516
-0.993004
-1.06057
-1.06057
-1.26986
-1.43245
-1.17261
-0.846861
-0.442397
-0.44202
-0.513923
-0.665451
-0.665451
-0.835477
-1.17211
-1.48761
-1.71171
-1.71636
-1.71636
-1.65604
-1.43652
-1.43652
