-5  0
-4.99  0
-4.98  0
-4.97  0
-4.96  0
-4.95  0
-4.94  0
-4.93  0
-4.92  0
-4.91  0
-4.9  0
-4.89  0
-4.88  0
-4.87  0
-4.86  0
-4.85  0
-4.84  0
-4.83  0
-4.82  0
-4.81  0
-4.8  0
-4.79  0
-4.78  0
-4.77  0
-4.76  0
-4.75  0
-4.74  0
-4.73  0
-4.72  0
-4.71  0
-4.7  0
-4.69  0
-4.68  0
-4.67  0
-4.66  0
-4.65  0
-4.64  0
-4.63  0
-4.62  0
-4.61  0
-4.6  0
-4.59  0
-4.58  0
-4.57  0
-4.56  0
-4.55  0
-4.54  0
-4.53  0
-4.52  0
-4.51  0
-4.5  0
-4.49  0
-4.48  0
-4.47  0
-4.46  0
-4.45  0
-4.44  0
-4.43  0
-4.42  0
-4.41  0
-4.4  0
-4.39  0
-4.38  0
-4.37  0
-4.36  0
-4.35  0
-4.34  0
-4.33  0
-4.32  0
-4.31  0
-4.3  0
-4.29  0
-4.28  0
-4.27  0
-4.26  0
-4.25  0
-4.24  0
-4.23  0
-4.22  0
-4.21  0
-4.2  0
-4.19  0
-4.18  0
-4.17  0
-4.16  0
-4.15  0
-4.14  0
-4.13  0
-4.12  0
-4.11  0
-4.1  0
-4.09  0
-4.08  0
-4.07  0
-4.06  0
-4.05  0
-4.04  0
-4.03  0
-4.02  0
-4.01  0
-4  0
-3.99  0
-3.98  0
-3.97  0
-3.96  0
-3.95  0
-3.94  0
-3.93  0
-3.92  0
-3.91  0
-3.9  0
-3.89  0
-3.88  0
-3.87  0
-3.86  0
-3.85  0
-3.84  0
-3.83  0
-3.82  0
-3.81  0
-3.8  0
-3.79  0
-3.78  0
-3.77  0
-3.76  0
-3.75  0
-3.74  0
-3.73  0
-3.72  0
-3.71  0
-3.7  0
-3.69  0
-3.68  0
-3.67  0
-3.66  0
-3.65  0
-3.64  0
-3.63  0
-3.62  0
-3.61  0
-3.6  0
-3.59  0
-3.58  0
-3.57  0
-3.56  0
-3.55  0
-3.54  0
-3.53  0
-3.52  0
-3.51  0
-3.5  0
-3.49  0
-3.48  0
-3.47  0
-3.46  0
-3.45  0
-3.44  0
-3.43  0
-3.42  0
-3.41  0
-3.4  0
-3.39  0
-3.38  0
-3.37  0
-3.36  0
-3.35  0
-3.34  0
-3.33  0
-3.32  0
-3.31  0
-3.3  0
-3.29  0
-3.28  0
-3.27  0
-3.26  0
-3.25  0
-3.24  0
-3.23  0
-3.22  0
-3.21  0
-3.2  0
-3.19  0
-3.18  0
-3.17  0
-3.16  0
-3.15  0
-3.14  0
-3.13  0
-3.12  0
-3.11  0
-3.1  0
-3.09  0
-3.08  0
-3.07  0
-3.06  0
-3.05  0
-3.04  0
-3.03  0
-3.02  0
-3.01  0
-3  0
-2.99  0
-2.98  0
-2.97  0
-2.96  0
-2.95  0
-2.94  0
-2.93  0
-2.92  0
-2.91  0
-2.9  0
-2.89  0
-2.88  0
-2.87  0
-2.86  0
-2.85  0
-2.84  0
-2.83  0
-2.82  0
-2.81  0
-2.8  0
-2.79  0
-2.78  0
-2.77  0
-2.76  0
-2.75  0
-2.74  0
-2.73  0
-2.72  0
-2.71  0
-2.7  0
-2.69  0
-2.68  0
-2.67  0
-2.66  0
-2.65  0
-2.64  0
-2.63  0
-2.62  0
-2.61  0
-2.6  0
-2.59  0
-2.58  0
-2.57  0
-2.56  0
-2.55  0
-2.54  0
-2.53  0
-2.52  0
-2.51  0
-2.5  0
-2.49  0
-2.48  0
-2.47  0
-2.46  0
-2.45  0
-2.44  0
-2.43  0
-2.42  0
-2.41  0
-2.4  0
-2.39  0
-2.38  0
-2.37  0
-2.36  0
-2.35  0
-2.34  0
-2.33  0
-2.32  0
-2.31  0
-2.3  0
-2.29  0
-2.28  0
-2.27  0
-2.26  0
-2.25  0
-2.24  0
-2.23  0
-2.22  0
-2.21  0
-2.2  0
-2.19  2
-2.18  0
-2.17  2
-2.16  0
-2.15  0
-2.14  2
-2.13  1
-2.12  0
-2.11  0
-2.1  0
-2.09  0
-2.08  1
-2.07  0
-2.06  0
-2.05  0
-2.04  1
-2.03  0
-2.02  0
-2.01  0
-2  0
-1.99  0
-1.98  0
-1.97  3
-1.96  0
-1.95  0
-1.94  2
-1.93  3
-1.92  4
-1.91  0
-1.9  0
-1.89  3
-1.88  2
-1.87  1
-1.86  2
-1.85  2
-1.84  2
-1.83  1
-1.82  3
-1.81  4
-1.8  0
-1.79  2
-1.78  0
-1.77  0
-1.76  0
-1.75  0
-1.74  7
-1.73  2
-1.72  1
-1.71  3
-1.7  7
-1.69  2
-1.68  3
-1.67  0
-1.66  1
-1.65  6
-1.64  7
-1.63  6
-1.62  11
-1.61  4
-1.6  6
-1.59  8
-1.58  9
-1.57  3
-1.56  6
-1.55  12
-1.54  8
-1.53  7
-1.52  5
-1.51  10
-1.5  20
-1.49  11
-1.48  5
-1.47  10
-1.46  10
-1.45  15
-1.44  8
-1.43  16
-1.42  14
-1.41  20
-1.4  17
-1.39  26
-1.38  33
-1.37  11
-1.36  16
-1.35  15
-1.34  21
-1.33  15
-1.32  17
-1.31  12
-1.3  28
-1.29  23
-1.28  24
-1.27  19
-1.26  27
-1.25  15
-1.24  19
-1.23  16
-1.22  24
-1.21  16
-1.2  31
-1.19  20
-1.18  24
-1.17  14
-1.16  20
-1.15  29
-1.14  32
-1.13  26
-1.12  22
-1.11  29
-1.1  25
-1.09  33
-1.08  22
-1.07  30
-1.06  24
-1.05  26
-1.04  19
-1.03  43
-1.02  19
-1.01  30
-1  32
-0.99  37
-0.98  26
-0.97  46
-0.96  26
-0.95  27
-0.94  22
-0.93  49
-0.92  31
-0.91  43
-0.9  43
-0.89  29
-0.88  28
-0.87  31
-0.86  22
-0.85  36
-0.84  37
-0.83  27
-0.82  25
-0.81  33
-0.8  33
-0.79  26
-0.78  33
-0.77  44
-0.76  33
-0.75  28
-0.74  38
-0.73  43
-0.72  36
-0.71  42
-0.7  40
-0.69  26
-0.68  32
-0.67  46
-0.66  27
-0.65  37
-0.64  36
-0.63  30
-0.62  30
-0.61  29
-0.6  30
-0.59  40
-0.58  47
-0.57  37
-0.56  21
-0.55  40
-0.54  31
-0.53  28
-0.52  42
-0.51  35
-0.5  30
-0.49  34
-0.48  31
-0.47  43
-0.46  24
-0.45  19
-0.44  22
-0.43  28
-0.42  30
-0.41  34
-0.4  33
-0.39  39
-0.38  27
-0.37  32
-0.36  34
-0.35  27
-0.34  29
-0.33  37
-0.32  25
-0.31  23
-0.3  35
-0.29  29
-0.28  23
-0.27  24
-0.26  37
-0.25  25
-0.24  28
-0.23  24
-0.22  29
-0.21  31
-0.2  22
-0.19  18
-0.18  23
-0.17  21
-0.16  22
-0.15  18
-0.14  20
-0.13  27
-0.12  29
-0.11  31
-0.1  31
-0.09  22
-0.08  28
-0.07  18
-0.06  20
-0.05  30
-0.04  27
-0.03  25
-0.02  29
-0.01  27
0  29
0.01  36
0.02  26
0.03  29
0.04  27
0.05  30
0.06  35
0.07  34
0.08  33
0.09  31
0.1  35
0.11  26
0.12  30
0.13  35
0.14  24
0.15  33
0.16  25
0.17  24
0.18  33
0.19  24
0.2  34
0.21  37
0.22  34
0.23  24
0.24  36
0.25  24
0.26  30
0.27  39
0.28  38
0.29  35
0.3  27
0.31  34
0.32  47
0.33  37
0.34  48
0.35  34
0.36  46
0.37  28
0.38  37
0.39  35
0.4  37
0.41  41
0.42  38
0.43  41
0.44  47
0.45  44
0.46  36
0.47  43
0.48  39
0.49  37
0.5  29
0.51  27
0.52  46
0.53  46
0.54  42
0.55  39
0.56  35
0.57  43
0.58  41
0.59  35
0.6  48
0.61  54
0.62  37
0.63  53
0.64  46
0.65  48
0.66  57
0.67  49
0.68  59
0.69  45
0.7  48
0.71  37
0.72  36
0.73  45
0.74  44
0.75  55
0.76  48
0.77  42
0.78  43
0.79  46
0.8  42
0.81  40
0.82  49
0.83  42
0.84  56
0.85  46
0.86  39
0.87  39
0.88  59
0.89  53
0.9  44
0.91  53
0.92  48
0.93  27
0.94  40
0.95  53
0.96  50
0.97  38
0.98  40
0.99  40
1  46
1.01  27
1.02  42
1.03  37
1.04  45
1.05  37
1.06  40
1.07  42
1.08  37
1.09  34
1.1  53
1.11  47
1.12  43
1.13  40
1.14  38
1.15  36
1.16  32
1.17  34
1.18  37
1.19  38
1.2  27
1.21  33
1.22  23
1.23  31
1.24  28
1.25  24
1.26  45
1.27  28
1.28  24
1.29  21
1.3  18
1.31  22
1.32  29
1.33  21
1.34  20
1.35  37
1.36  30
1.37  33
1.38  19
1.39  21
1.4  9
1.41  22
1.42  28
1.43  21
1.44  33
1.45  17
1.46  22
1.47  17
1.48  13
1.49  13
1.5  15
1.51  16
1.52  10
1.53  12
1.54  16
1.55  13
1.56  12
1.57  7
1.58  6
1.59  6
1.6  5
1.61  7
1.62  9
1.63  6
1.64  3
1.65  6
1.66  12
1.67  15
1.68  6
1.69  5
1.7  2
1.71  3
1.72  7
1.73  2
1.74  1
1.75  18
1.76  5
1.77  3
1.78  3
1.79  0
1.8  0
1.81  1
1.82  4
1.83  2
1.84  1
1.85  0
1.86  1
1.87  2
1.88  1
1.89  7
1.9  0
1.91  1
1.92  1
1.93  2
1.94  0
1.95  4
1.96  2
1.97  0
1.98  0
1.99  1
2  1
2.01  3
2.02  0
2.03  0
2.04  0
2.05  0
2.06  0
2.07  0
2.08  0
2.09  0
2.1  0
2.11  0
2.12  1
2.13  1
2.14  0
2.15  0
2.16  0
2.17  0
2.18  0
2.19  2
2.2  0
2.21  0
2.22  5
2.23  0
2.24  0
2.25  0
2.26  0
2.27  0
2.28  0
2.29  0
2.3  0
2.31  0
2.32  0
2.33  0
2.34  0
2.35  0
2.36  2
2.37  0
2.38  0
2.39  0
2.4  0
2.41  0
2.42  0
2.43  0
2.44  0
2.45  0
2.46  0
2.47  0
2.48  0
2.49  0
2.5  0
2.51  0
2.52  0
2.53  0
2.54  0
2.55  0
2.56  0
2.57  0
2.58  0
2.59  0
2.6  0
2.61  0
2.62  0
2.63  0
2.64  1
2.65  0
2.66  0
2.67  0
2.68  0
2.69  0
2.7  0
2.71  0
2.72  0
2.73  0
2.74  0
2.75  0
2.76  0
2.77  0
2.78  0
2.79  0
2.8  0
2.81  0
2.82  0
2.83  0
2.84  0
2.85  0
2.86  0
2.87  0
2.88  0
2.89  0
2.9  0
2.91  0
2.92  0
2.93  0
2.94  0
2.95  0
2.96  0
2.97  0
2.98  0
2.99  0
3  0
3.01  0
3.02  0
3.03  0
3.04  0
3.05  0
3.06  0
3.07  0
3.08  0
3.09  0
3.1  0
3.11  0
3.12  0
3.13  0
3.14  0
3.15  0
3.16  0
3.17  0
3.18  0
3.19  0
3.2  0
3.21  0
3.22  0
3.23  0
3.24  0
3.25  0
3.26  0
3.27  0
3.28  0
3.29  0
3.3  0
3.31  0
3.32  0
3.33  0
3.34  0
3.35  0
3.36  0
3.37  0
3.38  0
3.39  0
3.4  0
3.41  0
3.42  0
3.43  0
3.44  0
3.45  0
3.46  0
3.47  0
3.48  0
3.49  0
3.5  0
3.51  0
3.52  0
3.53  0
3.54  0
3.55  0
3.56  0
3.57  0
3.58  0
3.59  0
3.6  0
3.61  0
3.62  0
3.63  0
3.64  0
3.65  0
3.66  0
3.67  0
3.68  0
3.69  0
3.7  0
3.71  0
3.72  0
3.73  0
3.74  0
3.75  0
3.76  0
3.77  0
3.78  0
3.79  0
3.8  0
3.81  0
3.82  0
3.83  0
3.84  0
3.85  0
3.86  0
3.87  0
3.88  0
3.89  0
3.9  0
3.91  0
3.92  0
3.93  0
3.94  0
3.95  0
3.96  0
3.97  0
3.98  0
3.99  0
4  0
4.01  0
4.02  0
4.03  0
4.04  0
4.05  0
4.06  0
4.07  0
4.08  0
4.09  0
4.1  0
4.11  0
4.12  0
4.13  0
4.14  0
4.15  0
4.16  0
4.17  0
4.18  0
4.19  0
4.2  0
4.21  0
4.22  0
4.23  0
4.24  0
4.25  0
4.26  0
4.27  0
4.28  0
4.29  0
4.3  0
4.31  0
4.32  0
4.33  0
4.34  0
4.35  0
4.36  0
4.37  0
4.38  0
4.39  0
4.4  0
4.41  0
4.42  0
4.43  0
4.44  0
4.45  0
4.46  0
4.47  0
4.48  0
4.49  0
4.5  0
4.51  0
4.52  0
4.53  0
4.54  0
4.55  0
4.56  0
4.57  0
4.58  0
4.59  0
4.6  0
4.61  0
4.62  0
4.63  0
4.64  0
4.65  0
4.66  0
4.67  0
4.68  0
4.69  0
4.7  0
4.71  0
4.72  0
4.73  0
4.74  0
4.75  0
4.76  0
4.77  0
4.78  0
4.79  0
4.8  0
4.81  0
4.82  0
4.83  0
4.84  0
4.85  0
4.86  0
4.87  0
4.88  0
4.89  0
4.9  0
4.91  0
4.92  0
4.93  0
4.94  0
4.95  0
4.96  0
4.97  0
4.98  0
4.99  0
