-0.530484  0
-0.501364  0.0291202
-0.505345  0.0172775
-0.492802  0.0175097
-0.472487  0.0244262
-0.471029  0.0199972
-0.488461  0.0242799
-0.481628  0.0221093
-0.478464  0.0197537
-0.470895  0.0192209
-0.474625  0.0177815
-0.471475  0.0165351
-0.468802  0.0154432
-0.469878  0.0143381
-0.47005  0.0133491
-0.470347  0.0124905
-0.470585  0.0117352
-0.467641  0.0114488
-0.467408  0.010832
-0.466374  0.010328
-0.464879  0.00993704
-0.465917  0.00953128
-0.464241  0.00926033
-0.461233  0.0093623
-0.459266  0.00919307
-0.448524  0.0139064
-0.453127  0.014151
-0.454543  0.0137096
-0.452663  0.0133613
-0.455715  0.013264
-0.455193  0.0128396
-0.451418  0.0129924
-0.450141  0.0126571
-0.453742  0.0127965
-0.453  0.0124477
-0.452498  0.0121074
-0.452187  0.0117797
-0.452241  0.0114657
-0.451696  0.0111811
-0.451323  0.0109044
-0.450585  0.0106606
-0.450167  0.0104121
-0.450963  0.0101982
-0.451067  0.00996432
-0.452455  0.00983869
-0.454062  0.00975576
-0.454778  0.00957276
-0.455219  0.00938156
-0.456604  0.00929187
-0.457408  0.00913962
-0.444953  0.0153423
-0.445891  0.0150736
-0.447183  0.0148428
-0.446685  0.0145738
-0.445402  0.0143638
-0.445312  0.0141053
-0.447478  0.0140238
-0.447655  0.013781
-0.449395  0.0136568
-0.451818  0.0136441
-0.453355  0.0135063
-0.453787  0.0132937
-0.454575  0.0131047
-0.455628  0.0129412
-0.455942  0.0127444
-0.456457  0.0125604
-0.456494  0.0123716
-0.457351  0.0122184
-0.45732  0.0120401
-0.456778  0.0118792
-0.456067  0.0117323
-0.455874  0.0115698
-0.456889  0.0114553
-0.455977  0.0113362
-0.456635  0.0112034
-0.456878  0.0110577
-0.45863  0.0110529
-0.459324  0.0109323
-0.459032  0.010797
-0.459277  0.010664
-0.458952  0.0105365
-0.458774  0.0104088
-0.456892  0.0104533
-0.457104  0.0103302
-0.456109  0.0102563
-0.456209  0.0101368
-0.457242  0.0100727
-0.457069  0.00995906
-0.457202  0.00984743
-0.45759  0.00974512
-0.456062  0.00975794
-0.455858  0.00965343
-0.455268  0.00956726
-0.452101  0.00998087
-0.452173  0.00987552
-0.452152  0.00977213
-0.452092  0.00967105
-0.451966  0.00957267
-0.451603  0.00948246
-0.45126  0.00939342
