-0.678457   -0.361498   0.455556
0.148685   0.0620527   0.0650156
0.150941   0.668212   -1.41369
1.05565   -0.321964   -1.36354
0.507047   0.8577   1.42528
-1.8203   1.58143   0.0802675
0.581787   0.504228   -0.577251
-0.55316   -0.180223   -0.685246
-0.495284   0.487503   0.116756
0.0809786   1.03329   -0.501958
0.154962   1.78536   0.104161
-1.18432   0.913542   -0.0350964
-1.99079   0.977693   1.15865
1.13419   0.29531   0.494721
1.01134   0.213625   2.23605
1.38173   0.0566479   -0.58307
0.519455   -0.848274   -0.19431
0.61378   -0.162122   -0.331714
0.210701   -0.0498169   0.851335
-2.13701   -0.766013   -0.556028
0.486782   0.560758   0.86271
0.738331   0.543495   0.160577
0.0135711   0.212775   1.25579
-0.237088   -0.5713   -1.55521
-0.348329   -1.30356   -1.07155
-0.263388   -0.7922   -0.858642
-0.707927   1.41881   1.39199
-0.631761   1.34346   0.105402
1.78477   -0.400729   -0.245151
-0.433808   0.343744   -0.145924
0.761726   -0.0340855   0.822891
0.505713   0.415159   -1.36781
-0.633262   0.527103   0.893207
-0.183295   -0.177153   -1.21433
-0.658956   0.965772   -0.735582
-0.267437   0.335526   -0.519891
0.773638   0.891971   -0.77695
0.566784   1.72118   0.237126
0.457347   -0.246769   -1.18871
-0.673233   1.7081   1.06117
-0.711774   -1.14145   -0.989264
0.37888   0.200642   0.486288
-1.00159   -1.23878   1.19269
0.691316   0.286055   -1.29979
0.337857   -0.757284   0.207982
0.648547   -0.0269439   -1.21464
0.60417   -1.8403   -0.898717
1.35792   -0.472454   -0.514709
-1.29185   -0.999742   -1.01322
-0.677401   0.554943   0.247106
-2.02831   0.196613   0.0171262
-0.436766   -0.0684624   -0.0381877
0.30115   -0.448856   -0.185085
-0.205352   -0.142163   0.588063
0.111531   -0.0675715   0.56224
-0.232298   -0.887125   0.815152
2.08876   -3.15591   -0.0322973
-0.193838   0.118528   0.130937
-0.430639   0.753732   0.606563
0.664521   -0.0944359   0.678952
-0.602272   -0.107819   1.31492
1.11585   -0.761351   -1.03476
-0.017761   0.896317   -1.64343
1.72204   0.18698   -0.118582
0.25241   1.37635   1.10678
-0.270939   0.290262   1.63664
1.44108   -0.832609   -0.577439
0.0725435   -1.12205   -0.313137
-0.0151582   0.335616   -1.45253
-0.0277889   1.44286   0.724813
0.12055   -0.119486   -0.483693
-0.335414   -0.8433   -0.560697
-0.0837463   -0.22737   -0.164636
1.36551   -0.33397   -0.134604
-0.60126   0.417107   0.76515
0.849618   2.03057   -0.112843
0.696425   0.708682   0.593282
1.00977   -2.14505   0.415025
-1.04628   0.735985   -0.131547
-0.280988   -2.1866   0.243511
-0.922652   -0.948879   1.94465
0.0511484   -0.379049   1.01118
-1.36545   0.562055   -0.646263
-1.55293   -0.254815   -1.14741
0.200649   0.43267   -0.112279
-0.393295   0.511133   -0.0833052
0.267257   1.09522   0.862843
1.13008   0.363199   0.805773
-0.650833   0.398067   1.23789
0.193763   0.572114   0.497197
0.536246   0.0388193   -1.07771
0.427572   -1.1063   -0.845411
-0.351019   -1.31967   2.82473
0.812833   0.440103   -0.766099
0.553031   0.120604   0.658052
0.940985   0.119254   -1.88078
1.09231   -0.41855   0.510152
-0.37549   0.429832   -0.621373
0.501742   0.595317   0.88573
-2.09098   -2.09091   0.387531
-0.217341   -1.40468   0.804176
-0.634562   -0.408156   -0.957843
-1.68225   -0.99497   0.35985
-0.540868   -1.86702   -0.9854
0.0181202   -0.261861   -0.361827
-0.577165   0.069014   0.327832
0.773412   0.645048   -0.193999
-1.22547   0.343503   -0.714303
