0.5  0.978784  0.0155383
0.578  0.87906  0.0264765
0.657  0.675984  0.0185945
0.736  0.397376  0.0140578
0.815  0.339984  0.0111497
0.894  0.159572  0.00749189
0.973  0.144364  0.00539891
1.052  0.12464  0.00523665
1.131  0.109068  0.00375224
1.21  0.087544  0.0038398
1.289  0.072116  0.00296459
1.368  0.05088  0.00277588
1.447  0.051144  0.00279245
1.526  0.045872  0.00246923
1.605  0.04428  0.00220434
1.684  0.037188  0.00222206
1.763  0.033472  0.00206486
1.842  0.025704  0.00179334
1.921  0.024728  0.00176434
2  0.02188  0.00173225
