0.5  -0.973136  0.00174084  0.212025  0.0135192  77.4488  1.61082
0.578  -0.94264  0.00159505  0.333538  0.0090052  49.6646  1.34835
0.657  -0.919016  0.00105848  0.360037  0.00446954  34.4376  0.687328
0.736  -0.880424  0.000904578  0.415092  0.00292674  19.6665  0.50485
0.815  -0.842056  0.000598892  0.438017  0.0015176  14.0454  0.253371
0.894  -0.808848  0.000697605  0.432619  0.00140858  9.91552  0.167558
0.973  -0.771488  0.000417042  0.427584  0.000680566  6.9166  0.117653
1.052  -0.737848  0.000662801  0.411655  0.000887824  5.55414  0.0883857
1.131  -0.706768  0.000608367  0.391256  0.000675138  4.60141  0.0635945
1.21  -0.676848  0.000540108  0.370109  0.000500832  3.86477  0.0394965
1.289  -0.646416  0.000526902  0.35037  0.000412785  3.27232  0.0305162
1.368  -0.621144  0.000392258  0.328189  0.000261487  2.88602  0.0256391
1.447  -0.596456  0.000343428  0.307688  0.00019646  2.62345  0.0189448
1.526  -0.571912  0.000397688  0.28897  0.00019655  2.38239  0.0152679
1.605  -0.550264  0.000408586  0.270653  0.000175561  2.13786  0.0105456
1.684  -0.529088  0.000377876  0.253915  0.000141916  1.89936  0.0112944
1.763  -0.508208  0.000440319  0.238637  0.000145108  1.71559  0.00965379
1.842  -0.490488  0.000423508  0.223822  0.000123398  1.56208  0.00824733
1.921  -0.473232  0.000399381  0.210298  0.000103261  1.42614  0.00782833
2  -0.459272  0.0003542  0.197267  8.17321e-05  1.3292  0.00560872
